SINAL     NFT                         FFT                         NFT INVERSA     FFT INVERSA
-----     -----------------------     -----------------------     -----------     -----------
  134        1133.000       0.000           0.000       0.000             134               1
  110        -120.921      78.570           0.000       0.000             110               0
   41          94.000     181.000           0.000      -0.000              41              -0
  216         -77.079    -303.430           0.000       0.000             216               0
  233         147.000       0.000           0.000       0.000             233               0
   46         -77.081     303.429          -0.000       0.000              46              -0
  232          94.001    -181.001           0.000       0.000             232              -0
  121        -120.919     -78.571           0.000       0.000             121               0
