SINAL     NFT                         FFT                         NFT INVERSA     FFT INVERSA
-----     -----------------------     -----------------------     -----------     -----------
  196        1118.000       0.000           0.000       0.000             196               0
   42        -149.643     -56.050           0.000      -0.000              42               0
  233           3.000     -59.000           0.000       0.000             233               0
  107         117.643      65.950           0.000      -0.000             107               0
  212         508.000       0.001           0.000       0.000             212               0
  140         117.643     -65.950           0.000       0.000             140               0
  172           3.000      58.999           0.000       0.000             172               0
   16        -149.642      56.049           0.000       0.000              16               0
