SINAL     NFT                         FFT                         NFT INVERSA     FFT INVERSA
-----     -----------------------     -----------------------     -----------     -----------
    6         925.000       0.000           0.000       0.000               6               0
   11        -212.619     119.957           0.000      -0.000              11               0
  164        -130.000     127.000           0.000       0.000             164               0
  111        -109.382     169.957           0.000      -0.000             111               0
  167          27.000      -0.000           0.000       0.000             167               0
  150        -109.381    -169.958           0.000       0.000             150               0
  139        -129.999    -127.000           0.000       0.000             139               0
  177        -212.617    -119.958           0.000       0.000             177               0
