SINAL     NFT                         FFT                         NFT INVERSA     FFT INVERSA
-----     -----------------------     -----------------------     -----------     -----------
   80         856.000       0.000           0.000       0.000              80               1
    6        -279.839     122.506           0.000       0.000               6               0
   53          19.000      67.000           0.000      -0.000              53              -0
  190         145.839     -81.494           0.000       0.000             190               0
  147          14.000      -0.000           0.000       0.000             147               0
  171         145.839      81.494          -0.000       0.000             171              -0
  155          19.000     -67.000           0.000       0.000             155              -0
   54        -279.838    -122.508           0.000       0.000              54               0
