SINAL     NFT                         FFT                         NFT INVERSA     FFT INVERSA
-----     -----------------------     -----------------------     -----------     -----------
   16         788.000       0.000           0.000       0.000              16               0
   95        -242.335     -18.950           0.000      -0.000              95               0
   52         161.000      41.000           0.000       0.000              52               0
  132        -195.666       9.050           0.000      -0.000             132               0
  235        -106.000      -0.000           0.000       0.000             235               0
  108        -195.665      -9.051           0.000       0.000             108               0
   38         161.001     -40.999           0.000       0.000              38               0
  112        -242.334      18.949           0.000       0.000             112               0
