SINAL     NFT                         FFT                         NFT INVERSA     FFT INVERSA
-----     -----------------------     -----------------------     -----------     -----------
  117        1017.000       0.000           0.000       0.000             117               0
  110        -216.853    -186.096           0.000      -0.000             110               0
  166         131.000     -18.000           0.000       0.000             166               0
  161         -47.147       7.904           0.000      -0.000             161               0
  249         185.000       0.000           0.000       0.000             249               0
  107         -47.147      -7.905           0.000       0.000             107               0
   69         131.000      18.000           0.000       0.000              69               0
   38        -216.853     186.094           0.000       0.000              38               0
