SINAL     NFT                         FFT                         NFT INVERSA     FFT INVERSA
-----     -----------------------     -----------------------     -----------     -----------
  114        1304.000       0.000           0.000       0.000             114               0
  239         112.581    -124.664           0.000      -0.000             239               0
  207        -222.000      44.000           0.000       0.000             207               0
  192         -82.580    -166.664           0.000      -0.000             192               0
   99          -8.000      -0.000           0.000       0.000              99               0
   67         -82.581     166.663           0.000       0.000              67               0
  228        -221.999     -44.001           0.000       0.000             228               0
  158         112.582     124.664           0.000       0.000             158               0
