SINAL     NFT                         FFT                         NFT INVERSA     FFT INVERSA
-----     -----------------------     -----------------------     -----------     -----------
  154         957.000       0.000           0.000       0.000             154               0
  141         172.910     -51.967           0.000      -0.000             141               0
  141         178.000      97.000           0.000       0.000             141               0
   34        -266.911     158.032           0.000      -0.000              34               0
  201         107.000      -0.000           0.000       0.000             201               0
   23        -266.909    -158.035           0.000       0.000              23               0
   36         178.001     -97.000           0.000       0.000              36               0
  227         172.911      51.967           0.000       0.000             227               0
