SINAL     NFT                         FFT                         NFT INVERSA     FFT INVERSA
-----     -----------------------     -----------------------     -----------     -----------
   83         973.000       0.000           0.000       0.000              83               1
   47          94.204      48.045           0.000       0.000              47               0
  218        -268.000     211.000           0.000      -0.000             218              -0
  117          -6.205     140.045           0.000       0.000             117               0
   39          51.000      -0.000           0.000       0.000              39               0
   78          -6.204    -140.046          -0.000       0.000              78              -0
  172        -267.999    -211.001           0.000       0.000             172              -0
  219          94.206     -48.045           0.000       0.000             219               0
