SINAL     NFT                         FFT                         NFT INVERSA     FFT INVERSA
-----     -----------------------     -----------------------     -----------     -----------
    7         890.000       0.000           0.000       0.000               7               0
   68        -176.122     235.915           0.000      -0.000              68               0
  110        -147.000     -79.000           0.000       0.000             110               0
   30        -171.879       5.915           0.000      -0.000              30               0
  181         156.000       0.000           0.000       0.000             181               0
  155        -171.879      -5.916           0.000       0.000             155               0
  225        -147.000      78.999           0.000       0.000             225               0
  114        -176.119    -235.916           0.000       0.000             114               0
