SINAL     NFT                         FFT                         NFT INVERSA     FFT INVERSA
-----     -----------------------     -----------------------     -----------     -----------
  219        1022.000       0.000           0.000       0.000             219               0
   61        -116.115     136.929           0.000      -0.000              61               0
   33          74.000     -88.000           0.000       0.000              33               0
  208         424.115    -151.071           0.000      -0.000             208               0
   65         -34.000      -0.000           0.000       0.000              65               0
  247         424.114     151.072           0.000       0.000             247               0
  177          73.999      87.999           0.000       0.000             177               0
   12        -116.113    -136.931           0.000       0.000              12               0
