SINAL     NFT                         FFT                         NFT INVERSA     FFT INVERSA
-----     -----------------------     -----------------------     -----------     -----------
   90        1017.000       0.000           0.000       0.000              90               0
  134          -5.863     126.309           0.000      -0.000             134               0
  117          49.000     -64.000           0.000       0.000             117               0
   22        -232.137      94.308           0.000      -0.000              22               0
  209          81.000      -0.000           0.000       0.000             209               0
  132        -232.137     -94.310           0.000       0.000             132               0
  133          49.001      64.000           0.000       0.000             133               0
  180          -5.861    -126.309           0.000       0.000             180               0
