SINAL     NFT                         FFT                         NFT INVERSA     FFT INVERSA
-----     -----------------------     -----------------------     -----------     -----------
   34        1066.000       0.000           0.000       0.000              34               0
  173        -201.314     -35.799           0.000      -0.000             173               0
   80         114.000     -16.000           0.000       0.000              80               0
  173        -178.687      -3.799           0.000      -0.000             173               0
  224        -262.000      -0.001           0.000       0.000             224               0
  167        -178.686       3.798           0.000       0.000             167               0
   64         114.001      16.000           0.000       0.000              64               0
  151        -201.312      35.798           0.000       0.000             151               0
