SINAL     NFT                         FFT                         NFT INVERSA     FFT INVERSA
-----     -----------------------     -----------------------     -----------     -----------
   67         641.000       0.000           0.000       0.000              67               0
   53        -147.404     -68.338           0.000      -0.000              53               0
   44         -31.000      84.000           0.000       0.000              44               0
  236         251.404    -118.338           0.000      -0.000             236               0
   15        -251.000      -0.001           0.000       0.000              15               0
  128         251.404     118.339           0.000       0.000             128               0
   69         -31.000     -84.000           0.000       0.000              69               0
   29        -147.404      68.337           0.000       0.000              29               0
