SINAL     NFT                         FFT                         NFT INVERSA     FFT INVERSA
-----     -----------------------     -----------------------     -----------     -----------
  173        1185.000       0.000           0.000       0.000             173               0
  189         126.988      16.958           0.000      -0.000             189               0
  119        -101.000     -52.000           0.000       0.000             119               0
  192         209.012     -65.042           0.000      -0.000             192               0
    5        -271.000      -0.001           0.000       0.000               5               0
  201         209.012      65.042           0.000       0.000             201               0
  160        -101.000      51.999           0.000       0.000             160               0
  146         126.990     -16.959           0.000       0.000             146               0
