SINAL     NFT                         FFT                         NFT INVERSA     FFT INVERSA
-----     -----------------------     -----------------------     -----------     -----------
   25         684.000       0.000           0.000       0.000              25               1
  148         -16.648      -9.045           0.000       0.000             148               0
   67        -187.000     -75.000           0.000      -0.000              67              -0
  135          52.649    -179.045           0.000       0.000             135               0
    7        -182.000      -0.000           0.000       0.000               7               0
  106          52.648     179.045          -0.000       0.000             106              -0
  152        -187.000      74.999           0.000       0.000             152              -0
   44         -16.647       9.045           0.000       0.000              44               0
