SINAL     NFT                         FFT                         NFT INVERSA     FFT INVERSA
-----     -----------------------     -----------------------     -----------     -----------
   13        1027.000       0.000           0.000       0.000              13               0
  100        -247.657     279.308           0.000      -0.000             100               0
   58         -17.000     -90.000           0.000       0.000              58               0
   59        -236.343     -58.692           0.000      -0.000              59               0
  255          79.000       0.000           0.000       0.000             255               0
  182        -236.343      58.691           0.000       0.000             182               0
  227         -17.000      90.000           0.000       0.000             227               0
  133        -247.654    -279.310           0.000       0.000             133               0
