SINAL     NFT                         FFT                         NFT INVERSA     FFT INVERSA
-----     -----------------------     -----------------------     -----------     -----------
  250         824.000       0.000           0.000       0.000             250               0
  124         127.172    -230.108           0.000      -0.000             124               0
  110         250.000      18.000           0.000       0.000             110               0
  135         132.828     -30.108           0.000      -0.000             135               0
  120         156.000      -0.000           0.000       0.000             120               0
   34         132.829      30.107           0.000       0.000              34               0
   10         250.000     -18.000           0.000       0.000              10               0
   41         127.171     230.107           0.000       0.000              41               0
