SINAL     NFT                         FFT                         NFT INVERSA     FFT INVERSA
-----     -----------------------     -----------------------     -----------     -----------
  215        1028.000       0.000           0.000       0.000             215               1
   19         113.553    -102.820           0.000       0.000              19               0
  187         -41.001     355.000           0.000      -0.000             187              -0
  235         222.447      39.180           0.000       0.000             235               0
   47         102.000      -0.001           0.000       0.000              47               0
   35         222.447     -39.181          -0.000       0.000              35              -0
  116         -40.998    -355.001           0.000       0.000             116              -0
  174         113.554     102.820           0.000       0.000             174               0
