SINAL     NFT                         FFT                         NFT INVERSA     FFT INVERSA
-----     -----------------------     -----------------------     -----------     -----------
  245        1117.000       0.000           0.000       0.000             245               1
  208          99.582    -407.354           0.000       0.000             208               0
  219          84.000     -81.000           0.000      -0.000             219              -0
  218         242.418      -1.354           0.000       0.000             218               0
   74          -9.000      -0.000           0.000       0.000              74               0
  114         242.418       1.354          -0.000       0.000             114              -0
   16          84.000      81.000           0.000       0.000              16              -0
   23          99.582     407.353           0.000       0.000              23               0
