SINAL     NFT                         FFT                         NFT INVERSA     FFT INVERSA
-----     -----------------------     -----------------------     -----------     -----------
   38        1101.000       0.000           0.000       0.000              38               1
   84         -95.850      96.050           0.000       0.000              84               0
  117        -178.001     259.000           0.000      -0.000             117              -0
  224         -66.151    -105.950           0.000       0.000             224               0
  119        -117.000      -0.000           0.000       0.000             119               0
   91         -66.151     105.949          -0.000       0.000              91              -0
  218        -177.998    -259.001           0.000       0.000             218              -0
  210         -95.847     -96.050           0.000       0.000             210               0
