SINAL     NFT                         FFT                         NFT INVERSA     FFT INVERSA
-----     -----------------------     -----------------------     -----------     -----------
  210        1027.000       0.000           0.000       0.000             210               1
  170         102.870      67.201           0.000       0.000             170               0
   19         219.000     -56.000           0.000      -0.000              19              -0
  123          49.130    -106.799           0.000       0.000             123               0
  134         -89.000      -0.001           0.000       0.000             134               0
  137          49.130     106.799          -0.000       0.000             137              -0
  106         219.000      56.000           0.000       0.000             106              -0
  128         102.872     -67.202           0.000       0.000             128               0
