SINAL     NFT                         FFT                         NFT INVERSA     FFT INVERSA
-----     -----------------------     -----------------------     -----------     -----------
   50         442.000       0.000           0.000       0.000              50               1
   56          10.477     -88.891           0.000       0.000              56               0
   78          21.000      93.000           0.000      -0.000              78              -0
   76         -64.477      11.109           0.000       0.000              76               0
   77          24.000      -0.000           0.000       0.000              77               0
    2         -64.477     -11.110          -0.000       0.000               2              -0
   28          21.001     -93.000           0.000       0.000              28              -0
   75          10.477      88.891           0.000       0.000              75               0
