SINAL     NFT                         FFT                         NFT INVERSA     FFT INVERSA
-----     -----------------------     -----------------------     -----------     -----------
  113        1077.000       0.000           0.000       0.000             113               0
   17         -99.130     259.541           0.000      -0.000              17               0
  150         105.000       6.000           0.000       0.000             150               0
    1        -152.871     365.541           0.000      -0.000               1               0
  239         121.000      -0.001           0.000       0.000             239               0
  219        -152.869    -365.542           0.000       0.000             219               0
   97         105.001      -6.000           0.000       0.000              97               0
  241         -99.127    -259.542           0.000       0.000             241               0
