SINAL     NFT                         FFT                         NFT INVERSA     FFT INVERSA
-----     -----------------------     -----------------------     -----------     -----------
  191        1082.000       0.000           0.000       0.000             191               1
  202         221.300     143.080           0.000       0.000             202               0
   64           7.000     -91.000           0.000      -0.000              64              -0
   58         -57.300    -186.921           0.000       0.000              58               0
  109         104.000       0.000           0.000       0.000             109               0
   88         -57.300     186.920          -0.000       0.000              88              -0
  229           7.001      90.999           0.000       0.000             229              -0
  141         221.302    -143.080           0.000       0.000             141               0
