SINAL     NFT                         FFT                         NFT INVERSA     FFT INVERSA
-----     -----------------------     -----------------------     -----------     -----------
   84        1236.000       0.000           0.000       0.000              84               1
  220          32.191       8.561           0.000       0.000             220               0
  112          -2.000      96.000           0.000      -0.000             112              -0
  142        -324.191    -175.439           0.000       0.000             142               0
  230          24.000       0.000           0.000       0.000             230               0
   35        -324.191     175.437          -0.000       0.000              35              -0
  204          -1.999     -96.001           0.000       0.000             204              -0
  209          32.193      -8.562           0.000       0.000             209               0
