SINAL     NFT                         FFT                         NFT INVERSA     FFT INVERSA
-----     -----------------------     -----------------------     -----------     -----------
   21        1082.000       0.000           0.000       0.000              21               1
   21        -332.188     210.577           0.000       0.000              21               0
   64         -45.000     229.000           0.000      -0.000              64              -0
  212        -115.812    -155.423           0.000       0.000             212               0
  245          72.000       0.000           0.000       0.000             245               0
  117        -115.813     155.422          -0.000       0.000             117              -0
  247         -44.999    -229.001           0.000       0.000             247              -0
  155        -332.185    -210.578           0.000       0.000             155               0
