SINAL     NFT                         FFT                         NFT INVERSA     FFT INVERSA
-----     -----------------------     -----------------------     -----------     -----------
  150         830.000       0.000           0.000       0.000             150               1
  101         141.515     -80.905           0.000       0.000             101               0
  192         -64.000     -76.000           0.000      -0.000             192              -0
   69         158.485     259.095           0.000       0.000              69               0
    0        -102.000      -0.001           0.000       0.000              -0               0
  170         158.486    -259.095          -0.000       0.000             170              -0
   22         -64.000      75.999           0.000       0.000              22              -0
  126         141.516      80.904           0.000       0.000             126               0
