SINAL     NFT                         FFT                         NFT INVERSA     FFT INVERSA
-----     -----------------------     -----------------------     -----------     -----------
   11        1264.000       0.000           0.000       0.000              11               0
  238        -250.468      19.306           0.000      -0.000             238               0
   99        -140.000    -152.000           0.000       0.000              99               0
  209        -117.532    -276.694           0.000      -0.000             209               0
  195        -160.000       0.000           0.000       0.000             195               0
  194        -117.533     276.693           0.000       0.000             194               0
  247        -140.000     151.999           0.000       0.000             247               0
   71        -250.466     -19.308           0.000       0.000              71               0
