SINAL     NFT                         FFT                         NFT INVERSA     FFT INVERSA
-----     -----------------------     -----------------------     -----------     -----------
   20        1000.000       0.000           0.000       0.000              20               0
  210          73.759     -13.343           0.000      -0.000             210               0
  193        -166.000     -84.000           0.000       0.000             193               0
    2        -395.760      24.656           0.000      -0.000               2               0
  181         136.000       0.000           0.000       0.000             181               0
   48        -395.759     -24.658           0.000       0.000              48               0
  174        -165.999      83.999           0.000       0.000             174               0
  172          73.761      13.343           0.000       0.000             172               0
