SINAL     NFT                         FFT                         NFT INVERSA     FFT INVERSA
-----     -----------------------     -----------------------     -----------     -----------
   50        1202.000       0.000           0.000       0.000              50               0
  107        -110.359    -101.636           0.000      -0.000             107               0
  244        -275.000     131.000           0.000       0.000             244               0
  247         100.359     114.364           0.000      -0.000             247               0
   55        -232.000      -0.001           0.000       0.000              55               0
  186         100.359    -114.364           0.000       0.000             186               0
  136        -274.999    -131.001           0.000       0.000             136               0
  177        -110.357     101.636           0.000       0.000             177               0
