SINAL     NFT                         FFT                         NFT INVERSA     FFT INVERSA
-----     -----------------------     -----------------------     -----------     -----------
   11        1242.000       0.000           0.000       0.000              11               1
  206         -49.562    -127.551           0.000       0.000             206               0
  208        -248.000     140.000           0.000      -0.000             208              -0
  217        -216.439    -101.552           0.000       0.000             217               0
  144        -126.000      -0.000           0.000       0.000             144               0
   66        -216.439     101.550          -0.000       0.000              66              -0
  195        -247.999    -140.001           0.000       0.000             195              -0
  195         -49.560     127.551           0.000       0.000             195               0
