SINAL     NFT                         FFT                         NFT INVERSA     FFT INVERSA
-----     -----------------------     -----------------------     -----------     -----------
   32        1043.000       0.000           0.000       0.000              32               1
  250        -236.238     -78.049           0.000       0.000             250               0
   57          -3.000    -268.000           0.000      -0.000              57              -0
  189         -29.762    -250.049           0.000       0.000             189               0
  165        -249.000      -0.000           0.000       0.000             165               0
  207         -29.763     250.049          -0.000       0.000             207              -0
  143          -3.001     268.000           0.000       0.000             143              -0
    0        -236.237      78.047           0.000       0.000               0               0
