SINAL     NFT                         FFT                         NFT INVERSA     FFT INVERSA
-----     -----------------------     -----------------------     -----------     -----------
  159        1187.000       0.000           0.000       0.000             159               0
  212         223.974    -229.104           0.000      -0.000             212               0
  231        -112.000      73.000           0.000       0.000             231               0
  187          50.025     108.896           0.000      -0.000             187               0
   22        -239.000      -0.001           0.000       0.000              22               0
  108          50.027    -108.896           0.000       0.000             108               0
   62        -111.999     -73.001           0.000       0.000              62               0
  206         223.975     229.104           0.000       0.000             206               0
