SINAL     NFT                         FFT                         NFT INVERSA     FFT INVERSA
-----     -----------------------     -----------------------     -----------     -----------
   45         871.000       0.000           0.000       0.000              45               1
  233         -94.745      15.745           0.000       0.000             233               0
    0         169.000    -224.000           0.000      -0.000              -0              -0
   89        -185.255    -106.255           0.000       0.000              89               0
  185        -289.000      -0.001           0.000       0.000             185               0
  169        -185.255     106.254          -0.000       0.000             169              -0
   61         169.000     224.000           0.000       0.000              61              -0
   89         -94.744     -15.746           0.000       0.000              89               0
