SINAL     NFT                         FFT                         NFT INVERSA     FFT INVERSA
-----     -----------------------     -----------------------     -----------     -----------
   71        1008.000       0.000           0.000       0.000              71               0
  216         168.149    -113.012           0.000      -0.000             216               0
  199        -198.000     -34.000           0.000       0.000             199               0
   90        -140.149      30.987           0.000      -0.000              90               0
   57        -100.000      -0.000           0.000       0.000              57               0
   78        -140.149     -30.988           0.000       0.000              78               0
  127        -197.999      33.999           0.000       0.000             127               0
  170         168.151     113.013           0.000       0.000             170               0
