SINAL     NFT                         FFT                         NFT INVERSA     FFT INVERSA
-----     -----------------------     -----------------------     -----------     -----------
   64        1252.000       0.000           0.000       0.000              64               0
  195          58.598     144.924           0.000      -0.000             195               0
  198        -340.000    -160.001           0.000       0.000             198               0
   87         -20.598      38.924           0.000      -0.000              87               0
   45        -136.000      -0.001           0.000       0.000              45               0
  232         -20.598     -38.924           0.000       0.000             232               0
  251        -340.000     159.998           0.000       0.000             251               0
  180          58.601    -144.924           0.000       0.000             180               0
