SINAL     NFT                         FFT                         NFT INVERSA     FFT INVERSA
-----     -----------------------     -----------------------     -----------     -----------
   98        1509.000       0.000           0.000       0.000              98               0
  170        -156.640      40.426           0.000      -0.000             170               0
  167         -43.000      58.000           0.000       0.000             167               0
  244         -29.361      44.426           0.000      -0.000             244               0
  191        -267.000      -0.001           0.000       0.000             191               0
  245         -29.360     -44.427           0.000       0.000             245               0
  165         -42.999     -58.001           0.000       0.000             165               0
  229        -156.637     -40.427           0.000       0.000             229               0
