SINAL     NFT                         FFT                         NFT INVERSA     FFT INVERSA
-----     -----------------------     -----------------------     -----------     -----------
    7        1083.000       0.000           0.000       0.000               7               0
  223        -150.749    -220.732           0.000      -0.000             223               0
  148         -18.000     -25.000           0.000       0.000             148               0
  228        -101.252      55.268           0.000      -0.000             228               0
  133        -487.000      -0.001           0.000       0.000             133               0
  182        -101.250     -55.269           0.000       0.000             182               0
   10         -17.999      25.000           0.000       0.000              10               0
  152        -150.748     220.731           0.000       0.000             152               0
