SINAL     NFT                         FFT                         NFT INVERSA     FFT INVERSA
-----     -----------------------     -----------------------     -----------     -----------
  200        1281.000       0.000           0.000       0.000             200               0
  210          72.509     -12.096           0.000      -0.000             210               0
   66         209.000      68.000           0.000       0.000              66               0
  180        -108.510    -166.096           0.000      -0.000             180               0
  218         -27.000      -0.000           0.000       0.000             218               0
   83        -108.510     166.094           0.000       0.000              83               0
  143         209.001     -68.000           0.000       0.000             143               0
  181          72.511      12.095           0.000       0.000             181               0
