SINAL     NFT                         FFT                         NFT INVERSA     FFT INVERSA
-----     -----------------------     -----------------------     -----------     -----------
   56         753.000       0.000           0.000       0.000              56               0
   78         -50.359     -57.004           0.000      -0.000              78               0
  105        -166.000     111.000           0.000       0.000             105               0
  208         160.359     -83.003           0.000      -0.000             208               0
    1        -193.000      -0.001           0.000       0.000               1               0
  103         160.359      83.004           0.000       0.000             103               0
  118        -165.999    -111.001           0.000       0.000             118               0
   84         -50.358      57.003           0.000       0.000              84               0
