SINAL     NFT                         FFT                         NFT INVERSA     FFT INVERSA
-----     -----------------------     -----------------------     -----------     -----------
  137         798.000       0.000           0.000       0.000             137               1
    6          77.059      39.686           0.000       0.000               6               0
  148        -184.000     232.000           0.000      -0.000             148              -0
  146         144.941     -62.314           0.000       0.000             146               0
   26         222.000       0.000           0.000       0.000              26               0
   22         144.941      62.313          -0.000       0.000              22              -0
  199        -183.999    -232.001           0.000       0.000             199              -0
  114          77.060     -39.686           0.000       0.000             114               0
