SINAL     NFT                         FFT                         NFT INVERSA     FFT INVERSA
-----     -----------------------     -----------------------     -----------     -----------
  208         885.000       0.000           0.000       0.000             208               1
   83         286.593    -129.745           0.000       0.000              83               0
  187          68.999     218.000           0.000      -0.000             187              -0
   94           9.406     220.254           0.000       0.000              94               0
   60          49.000      -0.001           0.000       0.000              60               0
   17           9.408    -220.256          -0.000       0.000              17              -0
   12          69.002    -218.000           0.000       0.000              12              -0
  224         286.594     129.746           0.000       0.000             224               0
