SINAL     NFT                         FFT                         NFT INVERSA     FFT INVERSA
-----     -----------------------     -----------------------     -----------     -----------
  206        1165.000       0.000           0.000       0.000             206               0
  192          26.704    -280.012           0.000      -0.000             192               0
  251          53.000    -222.000           0.000       0.000             251               0
  130         165.296     197.988           0.000      -0.000             130               0
  110          -7.000      -0.001           0.000       0.000             110               0
  212         165.297    -197.988           0.000       0.000             212               0
   12          53.000     222.000           0.000       0.000              12               0
   52          26.704     280.011           0.000       0.000              52               0
