SINAL     NFT                         FFT                         NFT INVERSA     FFT INVERSA
-----     -----------------------     -----------------------     -----------     -----------
   21         928.000       0.000           0.000       0.000              21               0
  236          -5.494     -78.335           0.000      -0.000             236               0
  184        -245.000    -335.000           0.000       0.000             184               0
   54         -46.506      31.666           0.000      -0.000              54               0
   47        -166.000      -0.000           0.000       0.000              47               0
  205         -46.506     -31.665           0.000       0.000             205               0
  129        -245.001     334.999           0.000       0.000             129               0
   52          -5.493      78.334           0.000       0.000              52               0
