SINAL     NFT                         FFT                         NFT INVERSA     FFT INVERSA
-----     -----------------------     -----------------------     -----------     -----------
  203        2016.000       0.000             nan         nan             203               1
  127         128.009     199.086           0.000      -0.000             127             nan
   89         259.619    -296.719             nan         nan              89              -0
  244         -51.365      70.161          -2.613       1.082             244             nan
   10         222.999     239.000             nan         nan              10               0
   67         258.542     196.355           0.000       0.000              67             nan
   10         156.379     213.280             nan         nan              10              -0
  127        -195.189    -246.723           0.000       0.000             127               0
  168        -326.000      -0.003             nan         nan             168               0
  139        -195.189     246.717           0.000       0.000             139             nan
  194         156.384    -213.282             nan         nan             194              -0
  105         258.546    -196.355           2.613      -1.082             105             nan
  153         223.003    -238.999             nan         nan             153               0
  133         -51.362     -70.162          -0.000       0.000             133             nan
   18         259.619     296.720             nan         nan              18              -0
  229         128.018    -199.087           0.000       0.000             229               0
