SINAL     NFT                         FFT                         NFT INVERSA     FFT INVERSA
-----     -----------------------     -----------------------     -----------     -----------
   76        1780.000       0.000           0.000       0.000              76               0
  176         -40.740     -14.826           0.000      -0.000             176               0
  229         140.409    -204.586           0.000       0.000             229               0
  125        -516.403    -584.597           0.000      -0.000             125               0
   48         174.000     -77.999           0.000       0.000              48               0
   17          72.958       9.645           0.000      -0.000              17               0
   47         -60.410     207.414           0.000       0.000              47               0
  233          44.185      75.413           0.000      -0.000             233               0
  186        -192.000      -0.002           0.000       0.000             186               0
  125          44.186     -75.414           0.000       0.000             125               0
   29         -60.407    -207.415           0.000       0.000              29               0
   66          72.959      -9.643           0.000       0.000              66               0
  174         173.999      78.003           0.000       0.000             174               0
  214        -516.408     584.591           0.000       0.000             214               0
    5         140.411     204.584           0.000       0.000               5               0
   30         -40.735      14.823           0.000       0.000              30               0
