SINAL     NFT                         FFT                         NFT INVERSA     FFT INVERSA
-----     -----------------------     -----------------------     -----------     -----------
   88        2782.000       0.000             nan         nan              88               1
  172         -40.814      13.173           0.000      -0.000             172             nan
  166        -547.585    -115.372             nan         nan             166              -0
  208         171.349       4.390          -2.613       1.082             208             nan
  241        -221.000     -85.001             nan         nan             241               0
  196         136.658      -2.882           0.000       0.000             196             nan
  231        -212.415    -177.372             nan         nan             231              -0
  121          68.806      45.901           0.000       0.000             121               0
    4         -84.000      -0.001             nan         nan               4               0
  200          68.807     -45.901           0.000       0.000             200             nan
  211        -212.416     177.369             nan         nan             211              -0
  240         136.659       2.882           2.613      -1.082             240             nan
  231        -221.000      84.998             nan         nan             231               0
  191         171.350      -4.390          -0.000       0.000             191             nan
  177        -547.582     115.365             nan         nan             177              -0
  105         -40.804     -13.175           0.000       0.000             105               0
