SINAL     NFT                         FFT                         NFT INVERSA     FFT INVERSA
-----     -----------------------     -----------------------     -----------     -----------
  154        1635.000       0.000           0.000       0.000             154               0
  202         366.242    -196.364           0.000      -0.000             202               0
  174         -18.255      -0.787           0.000       0.000             174               0
   31         316.696     159.417           0.000      -0.000              31               0
  113        -383.000    -392.002           0.000       0.000             113               0
  240        -230.342    -235.544           0.000      -0.000             240               0
   91          72.255      43.213           0.000       0.000              91               0
    4         127.406    -231.324           0.000      -0.000               4               0
    9         327.000       0.002           0.000       0.000               9               0
   36         127.403     231.325           0.000       0.000              36               0
  178          72.254     -43.213           0.000       0.000             178               0
   43        -230.345     235.541           0.000       0.000              43               0
   23        -383.001     391.995           0.000       0.000              23               0
   45         316.701    -159.417           0.000       0.000              45               0
  239         -18.252       0.785           0.000       0.000             239               0
   53         366.246     196.365           0.000       0.000              53               0
