SINAL     NFT                         FFT                         NFT INVERSA     FFT INVERSA
-----     -----------------------     -----------------------     -----------     -----------
   43        1573.000       0.000           0.000       0.000              43               0
  188         112.868    -308.840           0.000      -0.000             188               0
  159        -177.763     -12.846           0.000       0.000             159               0
   25         441.062    -142.292           0.000      -0.000              25               0
  189        -115.001     -72.000           0.000       0.000             189               0
  145        -112.564     140.775           0.000      -0.000             145               0
  227        -384.239     123.153           0.000       0.000             227               0
   27        -361.368      98.226           0.000      -0.000              27               0
   23         309.000       0.001           0.000       0.000              23               0
    5        -361.368     -98.230           0.000       0.000               5               0
  139        -384.236    -123.157           0.000       0.000             139               0
   59        -112.559    -140.776           0.000       0.000              59               0
  158        -114.998      72.000           0.000       0.000             158               0
   14         441.063     142.297           0.000       0.000              14               0
    3        -177.761      12.844           0.000       0.000               3               0
  169         112.871     308.840           0.000       0.000             169               0
