SINAL     NFT                         FFT                         NFT INVERSA     FFT INVERSA
-----     -----------------------     -----------------------     -----------     -----------
  221        1976.000       0.000           0.000       0.000             221               0
   70         207.025     183.225           0.000      -0.000              70               0
  238         258.661     152.274           0.000       0.000             238               0
    7        -213.172      32.503           0.000      -0.000               7               0
   39        -103.999    -280.001           0.000       0.000              39               0
  178        -258.631     -88.291           0.000      -0.000             178               0
   25         445.338     300.275           0.000       0.000              25               0
  101         316.777      66.431           0.000      -0.000             101               0
  208         256.000      -0.000           0.000       0.000             208               0
  102         316.777     -66.431           0.000       0.000             102               0
  104         445.339    -300.272           0.000       0.000             104               0
   91        -258.634      88.287           0.000       0.000              91               0
   38        -104.002     279.997           0.000       0.000              38               0
  220        -213.169     -32.509           0.000       0.000             220               0
  243         258.667    -152.274           0.000       0.000             243               0
   91         207.034    -183.224           0.000       0.000              91               0
