SINAL     NFT                         FFT                         NFT INVERSA     FFT INVERSA
-----     -----------------------     -----------------------     -----------     -----------
   69        1948.000       0.000             nan         nan              69               1
    5         199.699     198.209           0.000      -0.000               5             nan
  235         -16.699     -15.596             nan         nan             235              -0
  174        -357.129     358.922          -2.613       1.082             174             nan
   39        -472.000     -54.001             nan         nan              39               0
  106         216.836     282.088           0.000       0.000             106             nan
   68          42.697     414.403             nan         nan              68              -0
   70          -3.408     -10.628           0.000       0.000              70               0
   55         -64.000      -0.002             nan         nan              55               0
  179          -3.408      10.625           0.000       0.000             179             nan
  226          42.701    -414.405             nan         nan             226              -0
    4         216.838    -282.085           2.613      -1.082               4             nan
   72        -472.001      53.996             nan         nan              72               0
  240        -357.122    -358.926          -0.000       0.000             240             nan
  178         -16.694      15.596             nan         nan             178              -0
  228         199.708    -198.206           0.000       0.000             228               0
