SINAL     NFT                         FFT                         NFT INVERSA     FFT INVERSA
-----     -----------------------     -----------------------     -----------     -----------
   39        1733.000       0.000             nan         nan              39               1
   10        -268.255      61.010           2.180      -3.262              10             nan
   53        -210.849     -81.643             nan         nan              53              -0
  243        -325.707      99.630          -2.613       1.082             243             nan
  142          46.000     267.000             nan         nan             142               0
   11         313.186      78.008           0.434       2.180              11             nan
  117        -181.150    -185.644             nan         nan             117              -0
  162          40.776    -160.612           0.000       0.000             162               0
   99          63.000       0.001             nan         nan              99               0
  174          40.773     160.613           0.649       0.434             174             nan
  134        -181.152     185.641             nan         nan             134              -0
   85         313.188     -78.007           2.613      -1.082              85             nan
  192          46.001    -267.000             nan         nan             192               0
   89        -325.706     -99.633          -3.262       0.649              89             nan
  122        -210.848      81.641             nan         nan             122              -0
   61        -268.249     -61.013           0.000       0.000              61               0
