SINAL     NFT                         FFT                         NFT INVERSA     FFT INVERSA
-----     -----------------------     -----------------------     -----------     -----------
   82        2277.000       0.000             nan         nan              82               1
  128         191.709      64.083           0.000      -0.000             128             nan
  133        -376.196     -59.983             nan         nan             133              -0
  249        -249.283      96.703          -2.613       1.082             249             nan
  204          41.000     -98.000             nan         nan             204               0
   67         373.791     230.930           0.000       0.000              67             nan
  164        -217.805     -55.984             nan         nan             164              -0
   41        -248.219      54.307           0.000       0.000              41               0
   65           5.000      -0.001             nan         nan              65               0
  173        -248.218     -54.311           0.000       0.000             173             nan
  143        -217.803      55.980             nan         nan             143              -0
   59         373.795    -230.927           2.613      -1.082              59             nan
  240          40.999      98.000             nan         nan             240               0
  249        -249.281     -96.707          -0.000       0.000             249             nan
  110        -376.192      59.979             nan         nan             110              -0
  170         191.718     -64.082           0.000       0.000             170               0
