SINAL     NFT                         FFT                         NFT INVERSA     FFT INVERSA
-----     -----------------------     -----------------------     -----------     -----------
   64        2090.000       0.000           0.000       0.000              64               0
   23        -112.090    -246.630           0.000      -0.000              23               0
  125        -278.360     268.849           0.000       0.000             125               0
  139         198.549     316.054           0.000      -0.000             139               0
  222        -267.001     210.999           0.000       0.000             222               0
  220        -179.888      65.131           0.000      -0.000             220               0
  219         -67.640    -239.151           0.000       0.000             219               0
  144         317.426     298.449           0.000      -0.000             144               0
    8        -288.000      -0.003           0.000       0.000               8               0
  179         317.429    -298.447           0.000       0.000             179               0
   40         -67.643     239.150           0.000       0.000              40               0
  243        -179.888     -65.135           0.000       0.000             243               0
   23        -266.997    -211.003           0.000       0.000              23               0
   67         198.554    -316.053           0.000       0.000              67               0
  200        -278.354    -268.850           0.000       0.000             200               0
  174        -112.085     246.630           0.000       0.000             174               0
