SINAL     NFT                         FFT                         NFT INVERSA     FFT INVERSA
-----     -----------------------     -----------------------     -----------     -----------
  119        2117.000       0.000             nan         nan             119               1
   39        -311.759     259.491           2.180      -3.262              39             nan
   95         -37.573      74.979             nan         nan              95              -0
  162        -278.382    -141.046          -2.613       1.082             162             nan
    5         164.001    -131.000             nan         nan               5               0
  171          30.943     330.653           0.434       2.180             171             nan
  109         215.573     -99.021             nan         nan             109              -0
  157         231.198    -152.810           0.000       0.000             157               0
  201        -241.000      -0.001             nan         nan             201               0
  248         231.197     152.811           0.649       0.434             248             nan
   55         215.571      99.021             nan         nan              55              -0
  149          30.946    -330.654           2.613      -1.082             149             nan
  226         163.998     131.001             nan         nan             226               0
  197        -278.383     141.041          -3.262       0.649             197             nan
  128         -37.569     -74.982             nan         nan             128              -0
   56        -311.750    -259.495           0.000       0.000              56               0
