SINAL     NFT                         FFT                         NFT INVERSA     FFT INVERSA
-----     -----------------------     -----------------------     -----------     -----------
  196        2006.000       0.000             nan         nan             196               1
   68         124.304      17.737           0.000      -0.000              68             nan
  204        -128.162     112.504             nan         nan             204              -0
  107        -152.597     -81.145          -2.613       1.082             107             nan
   60         -65.999    -354.001             nan         nan              60               0
  251          46.802      13.216           0.000       0.000             251             nan
   39         262.161     266.505             nan         nan              39              -0
  149         485.492    -203.902           0.000       0.000             149               0
   70         -14.000      -0.001             nan         nan              70               0
  137         485.490     203.904           0.000       0.000             137             nan
  100         262.162    -266.504             nan         nan             100              -0
   59          46.800     -13.216           2.613      -1.082              59             nan
  139         -66.003     353.998             nan         nan             139               0
  226        -152.597      81.140          -0.000       0.000             226             nan
  188        -128.157    -112.508             nan         nan             188              -0
   13         124.311     -17.738           0.000       0.000              13               0
