SINAL     NFT                         FFT                         NFT INVERSA     FFT INVERSA
-----     -----------------------     -----------------------     -----------     -----------
   50        2056.000       0.000             nan         nan              50               1
  101         -43.992     128.736           0.000      -0.000             101             nan
  242        -178.875    -500.196             nan         nan             242              -0
  227        -477.091    -119.591          -2.613       1.082             227             nan
  123          30.000      -6.000             nan         nan             123               0
   15         371.450     187.565           0.000       0.000              15             nan
    9        -323.127     341.802             nan         nan               9              -0
  178          65.631     -68.110           0.000       0.000             178               0
   71        -144.000      -0.001             nan         nan              71               0
  229          65.630      68.109           0.000       0.000             229             nan
  200        -323.122    -341.807             nan         nan             200              -0
   49         371.453    -187.560           2.613      -1.082              49             nan
  249          29.999       6.001             nan         nan             249               0
  208        -477.091     119.588          -0.000       0.000             208             nan
   12        -178.876     500.193             nan         nan              12              -0
   93         -43.983    -128.739           0.000       0.000              93               0
