SINAL     NFT                         FFT                         NFT INVERSA     FFT INVERSA
-----     -----------------------     -----------------------     -----------     -----------
  165        2149.000       0.000           0.000       0.000             165               0
  185         137.984     113.829           0.000      -0.000             185               0
    7         -12.017     293.288           0.000       0.000               7               0
  126         222.159     102.367           0.000      -0.000             126               0
   93         -68.000    -205.001           0.000       0.000              93               0
  181          80.323     -53.547           0.000      -0.000             181               0
  227         210.015     -96.712           0.000       0.000             227               0
    1        -528.466    -310.088           0.000      -0.000               1               0
  187         407.000       0.002           0.000       0.000             187               0
   10        -528.469     310.082           0.000       0.000              10               0
  232         210.017      96.712           0.000       0.000             232               0
   45          80.323      53.546           0.000       0.000              45               0
  160         -68.000     204.997           0.000       0.000             160               0
  162         222.163    -102.368           0.000       0.000             162               0
  207         -12.010    -293.290           0.000       0.000             207               0
  161         137.993    -113.828           0.000       0.000             161               0
