SINAL     NFT                         FFT                         NFT INVERSA     FFT INVERSA
-----     -----------------------     -----------------------     -----------     -----------
   31        2333.000       0.000           0.000       0.000              31               0
  188        -222.720    -205.240           0.000      -0.000             188               0
  142         -88.461    -164.907           0.000       0.000             142               0
  238        -266.144    -174.048           0.000      -0.000             238               0
  208          51.000     112.000           0.000       0.000             208               0
   31         185.714      31.499           0.000      -0.000              31               0
  239        -235.540    -134.908           0.000       0.000             239               0
  154        -448.851      16.305           0.000      -0.000             154               0
  219         213.000       0.001           0.000       0.000             219               0
  128        -448.851     -16.309           0.000       0.000             128               0
  171        -235.538     134.905           0.000       0.000             171               0
   82         185.716     -31.497           0.000       0.000              82               0
  204          51.001    -111.999           0.000       0.000             204               0
  127        -266.144     174.046           0.000       0.000             127               0
   59         -88.459     164.905           0.000       0.000              59               0
  112        -222.714     205.236           0.000       0.000             112               0
