SINAL     NFT                         FFT                         NFT INVERSA     FFT INVERSA
-----     -----------------------     -----------------------     -----------     -----------
  229        1820.000       0.000             nan         nan             229               1
  174        -156.538    -264.294           2.180      -3.262             174             nan
   37         438.751      55.134             nan         nan              37              -0
   52         161.160      21.743          -2.613       1.082              52             nan
  147         507.000    -162.999             nan         nan             147               0
  199         -38.132     -63.890           0.434       2.180             199             nan
   37         -88.751      31.132             nan         nan              37              -0
  238         313.508     -25.926           0.000       0.000             238               0
  159        -430.000      -0.003             nan         nan             159               0
  226         313.509      25.927           0.649       0.434             226             nan
    4         -88.750     -31.135             nan         nan               4              -0
   80         -38.129      63.888           2.613      -1.082              80             nan
   66         507.001     163.002             nan         nan              66               0
   45         161.162     -21.744          -3.262       0.649              45             nan
   16         438.753     -55.131             nan         nan              16              -0
  111        -156.536     264.290           0.000       0.000             111               0
