SINAL     NFT                         FFT                         NFT INVERSA     FFT INVERSA
-----     -----------------------     -----------------------     -----------     -----------
   84        1963.000       0.000           0.000       0.000              84               0
   50        -181.619      65.523           0.000      -0.000              50               0
   70        -443.488     -36.589           0.000       0.000              70               0
  153          20.529     166.746           0.000      -0.000             153               0
  210          65.000    -162.000           0.000       0.000             210               0
  129          76.282     150.267           0.000      -0.000             129               0
  192          51.489    -438.588           0.000       0.000             192               0
    9         156.805     345.046           0.000      -0.000               9               0
   66        -109.000      -0.002           0.000       0.000              66               0
  246         156.809    -345.044           0.000       0.000             246               0
   45          51.484     438.588           0.000       0.000              45               0
  237          76.283    -150.268           0.000       0.000             237               0
  136          64.999     162.000           0.000       0.000             136               0
  174          20.530    -166.747           0.000       0.000             174               0
  124        -443.486      36.583           0.000       0.000             124               0
   38        -181.611     -65.526           0.000       0.000              38               0
