SINAL     NFT                         FFT                         NFT INVERSA     FFT INVERSA
-----     -----------------------     -----------------------     -----------     -----------
  226        1962.000       0.000             nan         nan             226               1
   33        -142.209     130.233           0.000      -0.000              33             nan
  200         253.573      42.024             nan         nan             200              -0
   27        -129.979    -146.625          -2.613       1.082              27             nan
   65           0.000    -146.000             nan         nan              65               0
   89          81.186      30.538           0.000       0.000              89             nan
  138         338.426     122.025             nan         nan             138              -0
  155         331.001     343.395           0.000       0.000             155               0
  191         190.000      -0.001             nan         nan             191               0
  181         331.005    -343.395           0.000       0.000             181             nan
   89         338.426    -122.023             nan         nan              89              -0
  144          81.184     -30.538           2.613      -1.082             144             nan
   56          -0.001     145.999             nan         nan              56               0
  213        -129.979     146.620          -0.000       0.000             213             nan
  111         253.576     -42.025             nan         nan             111              -0
   44        -142.203    -130.237           0.000       0.000              44               0
