SINAL     NFT                         FFT                         NFT INVERSA     FFT INVERSA
-----     -----------------------     -----------------------     -----------     -----------
  138        2056.000       0.000           0.000       0.000             138               0
   86          -7.770     -44.268           0.000      -0.000              86               0
   86         -69.720     -65.104           0.000       0.000              86               0
  235         251.771     116.349           0.000      -0.000             235               0
   56          12.999     147.000           0.000       0.000              56               0
  168         163.336     566.071           0.000      -0.000             168               0
  214          13.719     -55.106           0.000       0.000             214               0
   22        -315.339    -270.547           0.000      -0.000              22               0
  115          54.000      -0.000           0.000       0.000             115               0
  134        -315.341     270.542           0.000       0.000             134               0
  177          13.720      55.101           0.000       0.000             177               0
   88         163.343    -566.072           0.000       0.000              88               0
  225          13.003    -147.000           0.000       0.000             225               0
   39         251.774    -116.346           0.000       0.000              39               0
   44         -69.718      65.103           0.000       0.000              44               0
  229          -7.764      44.267           0.000       0.000             229               0
