SINAL     NFT                         FFT                         NFT INVERSA     FFT INVERSA
-----     -----------------------     -----------------------     -----------     -----------
  127        1311.000       0.000             nan         nan             127               1
   29        -272.227     -60.389           0.000      -0.000              29             nan
   31         228.461     170.747             nan         nan              31              -0
   69          24.051     -94.859          -2.613       1.082              69             nan
   37         164.999     194.000             nan         nan              37               0
  123         -34.244    -164.616           0.000       0.000             123             nan
   76         375.538     216.748             nan         nan              76              -0
  190         -57.580      17.853           0.000       0.000             190               0
  212        -137.000      -0.002             nan         nan             212               0
    9         -57.578     -17.856           0.000       0.000               9             nan
   86         375.541    -216.746             nan         nan              86              -0
  118         -34.246     164.615           2.613      -1.082             118             nan
    0         165.002    -194.000             nan         nan              -0               0
  104          24.051      94.858          -0.000       0.000             104             nan
   18         228.463    -170.746             nan         nan              18              -0
   82        -272.225      60.385           0.000       0.000              82               0
