SINAL     NFT                         FFT                         NFT INVERSA     FFT INVERSA
-----     -----------------------     -----------------------     -----------     -----------
   67        2325.000       0.000             nan         nan              67               1
  207         115.343      63.102           2.180      -3.262             207             nan
  140         107.585      13.397             nan         nan             140              -0
  243        -380.564    -225.944          -2.613       1.082             243             nan
   63          -3.001     234.000             nan         nan              63               0
   66          33.167    -108.831           0.434       2.180              66             nan
   96         110.413     105.397             nan         nan              96              -0
  220        -343.947       8.212           0.000       0.000             220               0
  211        -531.000      -0.003             nan         nan             211               0
   70        -343.945      -8.217           0.649       0.434              70             nan
  108         110.417    -105.397             nan         nan             108              -0
  152          33.167     108.831           2.613      -1.082             152             nan
  106          -2.997    -234.000             nan         nan             106               0
  254        -380.563     225.940          -3.262       0.649             254             nan
  106         107.591     -13.397             nan         nan             106              -0
  216         115.351     -63.101           0.000       0.000             216               0
