SINAL     NFT                         FFT                         NFT INVERSA     FFT INVERSA
-----     -----------------------     -----------------------     -----------     -----------
  219        2350.000       0.000             nan         nan             219               1
  153         301.602      23.157           0.000      -0.000             153             nan
  127        -197.963      19.900             nan         nan             127              -0
  249          -8.817    -195.592          -2.613       1.082             249             nan
  175         -39.001     290.999             nan         nan             175               0
    4         391.545     -87.006           0.000       0.000               4             nan
  221        -106.037    -338.100             nan         nan             221              -0
  151          55.671     -88.258           0.000       0.000             151               0
   34         360.000       0.002             nan         nan              34               0
   63          55.669      88.258           0.000       0.000              63             nan
  132        -106.040     338.097             nan         nan             132              -0
  145         391.545      87.006           2.613      -1.082             145             nan
  230         -38.998    -291.002             nan         nan             230               0
  132          -8.817     195.590          -0.000       0.000             132             nan
  217        -197.958     -19.905             nan         nan             217              -0
   98         301.610     -23.156           0.000       0.000              98               0
