SINAL     NFT                         FFT                         NFT INVERSA     FFT INVERSA
-----     -----------------------     -----------------------     -----------     -----------
  111        1565.000       0.000           0.000       0.000             111               0
  113         171.637    -140.159           0.000      -0.000             113               0
   69        -153.455     131.932           0.000       0.000              69               0
  207        -379.504     -19.266           0.000      -0.000             207               0
  123         112.001     -81.000           0.000       0.000             123               0
  125         163.249    -328.988           0.000      -0.000             125               0
    3         235.454      -6.067           0.000       0.000               3               0
  169         180.619     -53.881           0.000      -0.000             169               0
   77        -449.000      -0.002           0.000       0.000              77               0
   68         180.620      53.883           0.000       0.000              68               0
    8         235.455       6.069           0.000       0.000               8               0
   71         163.245     328.988           0.000       0.000              71               0
   24         111.998      80.999           0.000       0.000              24               0
  238        -379.504      19.260           0.000       0.000             238               0
  143        -153.450    -131.935           0.000       0.000             143               0
   16         171.642     140.160           0.000       0.000              16               0
