SINAL     NFT                         FFT                         NFT INVERSA     FFT INVERSA
-----     -----------------------     -----------------------     -----------     -----------
    7        2183.000       0.000           0.000       0.000               7               0
  199         -62.065    -209.731           0.000      -0.000             199               0
  227        -286.791     119.490           0.000       0.000             227               0
   53        -151.507    -254.520           0.000      -0.000              53               0
  199        -229.999    -373.001           0.000       0.000             199               0
  240         -89.262    -365.146           0.000      -0.000             240               0
  115        -189.212     515.491           0.000       0.000             115               0
  214        -105.165    -144.359           0.000      -0.000             214               0
  109         157.000       0.001           0.000       0.000             109               0
   18        -105.167     144.357           0.000       0.000              18               0
  222        -189.206    -515.491           0.000       0.000             222               0
   12         -89.265     365.148           0.000       0.000              12               0
  155        -230.002     372.998           0.000       0.000             155               0
  236        -151.507     254.516           0.000       0.000             236               0
  136        -286.786    -119.495           0.000       0.000             136               0
   41         -62.059     209.729           0.000       0.000              41               0
