SINAL     NFT                         FFT                         NFT INVERSA     FFT INVERSA
-----     -----------------------     -----------------------     -----------     -----------
   89        1714.000       0.000           0.000       0.000              89               0
   57        -185.469      76.348           0.000      -0.000              57               0
    7          48.029     145.946           0.000       0.000               7               0
   94          79.902     262.776           0.000      -0.000              94               0
  130         198.000     -42.000           0.000       0.000             130               0
  111         -52.843     306.582           0.000      -0.000             111               0
  185          81.971    -276.054           0.000       0.000             185               0
    8        -197.595     352.153           0.000      -0.000               8               0
  178        -234.000      -0.003           0.000       0.000             178               0
  214        -197.589    -352.156           0.000       0.000             214               0
   23          81.970     276.053           0.000       0.000              23               0
  168         -52.838    -306.584           0.000       0.000             168               0
   72         198.001      42.001           0.000       0.000              72               0
  126          79.906    -262.777           0.000       0.000             126               0
   56          48.032    -145.946           0.000       0.000              56               0
  196        -185.463     -76.349           0.000       0.000             196               0
