SINAL     NFT                         FFT                         NFT INVERSA     FFT INVERSA
-----     -----------------------     -----------------------     -----------     -----------
  218        2220.000       0.000           0.000       0.000             218               0
   37          80.927    -406.915           0.000      -0.000              37               0
  179         -95.795     290.723           0.000       0.000             179               0
  217        -120.518      39.420           0.000      -0.000             217               0
  151         140.000     -32.000           0.000       0.000             151               0
  254          26.201     338.765           0.000      -0.000             254               0
  180         141.795     -67.278           0.000       0.000             180               0
  139         325.390    -239.569           0.000      -0.000             139               0
  140         272.000       0.001           0.000       0.000             140               0
  133         325.387     239.570           0.000       0.000             133               0
    8         141.793      67.275           0.000       0.000               8               0
   21          26.204    -338.768           0.000       0.000              21               0
  184         140.000      32.000           0.000       0.000             184               0
   79        -120.517     -39.424           0.000       0.000              79               0
  186         -95.788    -290.724           0.000       0.000             186               0
   94          80.930     406.915           0.000       0.000              94               0
