SINAL     NFT                         FFT                         NFT INVERSA     FFT INVERSA
-----     -----------------------     -----------------------     -----------     -----------
  207        2270.000       0.000           0.000       0.000             207               0
   60        -116.646      57.381           0.000      -0.000              60               0
   98         120.421     246.186           0.000       0.000              98               0
   10         289.343     282.515           0.000      -0.000              10               0
  225        -112.000     -16.001           0.000       0.000             225               0
  152         257.860    -240.948           0.000      -0.000             152               0
  160        -162.423     308.185           0.000       0.000             160               0
  230         225.442     249.917           0.000      -0.000             230               0
   43          38.000      -0.002           0.000       0.000              43               0
  175         225.444    -249.918           0.000       0.000             175               0
  234        -162.419    -308.188           0.000       0.000             234               0
  117         257.858     240.949           0.000       0.000             117               0
   46        -111.999      15.996           0.000       0.000              46               0
  179         289.348    -282.514           0.000       0.000             179               0
  141         120.426    -246.186           0.000       0.000             141               0
  193        -116.639     -57.382           0.000       0.000             193               0
