SINAL     NFT                         FFT                         NFT INVERSA     FFT INVERSA
-----     -----------------------     -----------------------     -----------     -----------
  169        1263.000       0.000           0.000       0.000             169               0
   58         211.763     128.058           0.000      -0.000              58               0
   57         107.769      25.640           0.000       0.000              57               0
  142         -48.093    -173.320           0.000      -0.000             142               0
    9         372.999     296.001           0.000       0.000               9               0
   41          94.269     224.763           0.000      -0.000              41               0
    2          34.230     101.638           0.000       0.000               2               0
  128          38.061    -173.859           0.000      -0.000             128               0
   95        -181.000      -0.002           0.000       0.000              95               0
   39          38.060     173.857           0.000       0.000              39               0
    4          34.232    -101.642           0.000       0.000               4               0
   77          94.273    -224.764           0.000       0.000              77               0
  184         373.003    -295.998           0.000       0.000             184               0
   75         -48.094     173.319           0.000       0.000              75               0
   21         107.772     -25.640           0.000       0.000              21               0
  162         211.768    -128.057           0.000       0.000             162               0
