SINAL     NFT                         FFT                         NFT INVERSA     FFT INVERSA
-----     -----------------------     -----------------------     -----------     -----------
  245        2362.000       0.000             nan         nan             245               1
   52         236.415    -222.811           0.000      -0.000              52             nan
  246         -30.012    -356.782             nan         nan             246              -0
  235         230.491     403.351          -2.613       1.082             235             nan
  227         -92.001     391.999             nan         nan             227               0
  128         187.382      80.730           0.000       0.000             128             nan
   81          52.011     201.217             nan         nan              81              -0
  139         325.708     334.568           0.000       0.000             139               0
    0        -262.000      -0.004             nan         nan              -0               0
  191         325.712    -334.569           0.000       0.000             191             nan
  179          52.014    -201.220             nan         nan             179              -0
  233         187.384     -80.731           2.613      -1.082             233             nan
    7         -91.996    -392.003             nan         nan               7               0
   89         230.498    -403.348          -0.000       0.000              89             nan
   65         -30.012     356.782             nan         nan              65              -0
  245         236.420     222.811           0.000       0.000             245               0
