SINAL     NFT                         FFT                         NFT INVERSA     FFT INVERSA
-----     -----------------------     -----------------------     -----------     -----------
  232        2254.000       0.000             nan         nan             232               1
  197         419.142     -24.495           0.000      -0.000             197             nan
  118         -32.481     -37.125             nan         nan             118              -0
  168         124.058     445.928          -2.613       1.082             168             nan
  144        -127.999    -470.001             nan         nan             144               0
  249          82.051     -58.814           0.000       0.000             249             nan
   62         182.481    -107.125             nan         nan              62              -0
    0         202.747    -105.237           0.000       0.000              -0               0
   25        -242.000      -0.002             nan         nan              25               0
  220         202.747     105.238           0.000       0.000             220             nan
  148         182.480     107.125             nan         nan             148              -0
   90          82.051      58.813           2.613      -1.082              90             nan
   38        -128.002     469.996             nan         nan              38               0
  193         124.066    -445.930          -0.000       0.000             193             nan
  239         -32.476      37.123             nan         nan             239              -0
  131         419.150      24.497           0.000       0.000             131               0
