SINAL     NFT                         FFT                         NFT INVERSA     FFT INVERSA
-----     -----------------------     -----------------------     -----------     -----------
  115        1671.000       0.000           0.000       0.000             115               0
  188          99.065    -113.928           0.000      -0.000             188               0
  213         110.691     -73.432           0.000       0.000             213               0
    6         137.631     -75.111           0.000      -0.000               6               0
   36        -283.000    -410.001           0.000       0.000              36               0
  242        -438.709    -129.136           0.000      -0.000             242               0
   96         331.308     186.570           0.000       0.000              96               0
    3        -105.986    -223.954           0.000      -0.000               3               0
  192         467.000       0.003           0.000       0.000             192               0
    6        -105.989     223.952           0.000       0.000               6               0
  190         331.309    -186.567           0.000       0.000             190               0
   61        -438.712     129.132           0.000       0.000              61               0
   50        -283.001     409.997           0.000       0.000              50               0
   70         137.634      75.110           0.000       0.000              70               0
  177         110.693      73.431           0.000       0.000             177               0
   26          99.069     113.927           0.000       0.000              26               0
