SINAL     NFT                         FFT                         NFT INVERSA     FFT INVERSA
-----     -----------------------     -----------------------     -----------     -----------
   84        1880.000       0.000             nan         nan              84               1
  198         240.707    -317.394           0.000      -0.000             198             nan
  255         -28.215    -295.063             nan         nan             255              -0
  138        -156.867    -119.826          -2.613       1.082             138             nan
  219         178.999       3.001             nan         nan             219               0
   70        -122.313     101.460           0.000       0.000              70             nan
   77        -323.787     222.936             nan         nan              77              -0
   77        -245.528      -4.109           0.000       0.000              77               0
  155         378.000       0.001             nan         nan             155               0
   54        -245.530       4.105           0.000       0.000              54             nan
  112        -323.783    -222.940             nan         nan             112              -0
   11        -122.309    -101.461           2.613      -1.082              11             nan
  196         179.002      -2.998             nan         nan             196               0
   52        -156.866     119.825          -0.000       0.000              52             nan
   31         -28.213     295.062             nan         nan              31              -0
  151         240.711     317.393           0.000       0.000             151               0
