SINAL     NFT                         FFT                         NFT INVERSA     FFT INVERSA
-----     -----------------------     -----------------------     -----------     -----------
  184        1651.000       0.000             nan         nan             184               1
   91         154.657    -117.631           0.000      -0.000              91             nan
  168         -43.252      55.577             nan         nan             168              -0
   61         -51.414     -34.114          -2.613       1.082              61             nan
  130         184.000    -245.000             nan         nan             130               0
  185        -174.567     105.459           0.000       0.000             185             nan
   42         -92.748      -0.424             nan         nan              42              -0
   87         411.326    -342.056           0.000       0.000              87               0
   99         517.000       0.003             nan         nan              99               0
  111         411.320     342.059           0.000       0.000             111             nan
   43         -92.750       0.421             nan         nan              43              -0
    1        -174.565    -105.462           2.613      -1.082               1             nan
  221         183.999     245.000             nan         nan             221               0
   19         -51.413      34.111          -0.000       0.000              19             nan
  197         -43.248     -55.579             nan         nan             197              -0
   12         154.661     117.631           0.000       0.000              12               0
