SINAL     NFT                         FFT                         NFT INVERSA     FFT INVERSA
-----     -----------------------     -----------------------     -----------     -----------
    8        1699.000       0.000             nan         nan               8               1
   42        -156.802     499.097           0.000      -0.000              42             nan
   34        -111.773     -40.411             nan         nan              34              -0
  138         -60.676      24.995          -2.613       1.082             138             nan
   37        -140.001     401.000             nan         nan              37               0
    9         112.992    -124.836           0.000       0.000               9             nan
   68         101.772     177.590             nan         nan              68              -0
  152        -291.517     165.265           0.000       0.000             152               0
  107        -479.000      -0.004             nan         nan             107               0
   68        -291.513    -165.269           0.000       0.000              68             nan
  208         101.776    -177.589             nan         nan             208              -0
  248         112.991     124.836           2.613      -1.082             248             nan
   83        -139.996    -401.001             nan         nan              83               0
  225         -60.674     -24.994          -0.000       0.000             225             nan
   65        -111.771      40.409             nan         nan              65              -0
  207        -156.791    -499.098           0.000       0.000             207               0
