SINAL     NFT                         FFT                         NFT INVERSA     FFT INVERSA
-----     -----------------------     -----------------------     -----------     -----------
   65        1815.000       0.000             nan         nan              65               1
  212        -449.942    -207.965           0.000      -0.000             212             nan
   80         183.966    -198.841             nan         nan              80              -0
    2         102.075      20.599          -2.613       1.082               2             nan
  184         267.000    -384.000             nan         nan             184               0
  226        -347.867    -283.385           0.000       0.000             226             nan
   45         -47.966     111.160             nan         nan              45              -0
  153         -36.267     -19.948           0.000       0.000             153               0
  248        -117.000      -0.000             nan         nan             248               0
  182         -36.266      19.947           0.000       0.000             182             nan
  143         -47.965    -111.159             nan         nan             143              -0
  118        -347.868     283.382           2.613      -1.082             118             nan
   61         266.999     384.001             nan         nan              61               0
   55         102.077     -20.599          -0.000       0.000              55             nan
   23         183.964     198.841             nan         nan              23              -0
   18        -449.939     207.958           0.000       0.000              18               0
