SINAL     NFT                         FFT                         NFT INVERSA     FFT INVERSA
-----     -----------------------     -----------------------     -----------     -----------
   27        1905.000       0.000           0.000       0.000              27               0
   31        -355.488     454.197           0.000      -0.000              31               0
  164          33.259    -302.430           0.000       0.000             164               0
   34         -82.842      43.593           0.000      -0.000              34               0
   93          43.999      95.000           0.000       0.000              93               0
   15        -166.165     350.990           0.000      -0.000              15               0
  104        -197.259      77.569           0.000       0.000             104               0
   68         -91.508     265.593           0.000      -0.000              68               0
  201         159.000      -0.001           0.000       0.000             201               0
  244         -91.506    -265.596           0.000       0.000             244               0
  178        -197.258     -77.572           0.000       0.000             178               0
  207        -166.160    -350.992           0.000       0.000             207               0
  217          44.002     -94.999           0.000       0.000             217               0
   99         -82.840     -43.593           0.000       0.000              99               0
   48          33.257     302.430           0.000       0.000              48               0
  175        -355.478    -454.201           0.000       0.000             175               0
