SINAL     NFT                         FFT                         NFT INVERSA     FFT INVERSA
-----     -----------------------     -----------------------     -----------     -----------
  133        2709.000       0.000             nan         nan             133               1
  218         -38.894    -259.704           0.000      -0.000             218             nan
  242          51.681    -443.350             nan         nan             242              -0
  243        -100.718     107.343          -2.613       1.082             243             nan
  177         201.000    -239.999             nan         nan             177               0
  208          -7.077     442.061           0.000       0.000             208             nan
  130        -123.683     174.648             nan         nan             130              -0
   57        -309.313    -172.988           0.000       0.000              57               0
  247          73.000      -0.000             nan         nan             247               0
  250        -309.315     172.982           0.000       0.000             250             nan
  210        -123.679    -174.652             nan         nan             210              -0
   43          -7.069    -442.061           2.613      -1.082              43             nan
  239         201.000     240.002             nan         nan             239               0
  103        -100.714    -107.344          -0.000       0.000             103             nan
   13          51.681     443.350             nan         nan              13              -0
  196         -38.888     259.700           0.000       0.000             196               0
