SINAL     NFT                         FFT                         NFT INVERSA     FFT INVERSA
-----     -----------------------     -----------------------     -----------     -----------
  140        2419.000       0.000           0.000       0.000             140               0
  224          30.624       6.996           0.000      -0.000             224               0
   95         141.249     -61.002           0.000       0.000              95               0
  253         -25.607    -161.896           0.000      -0.000             253               0
   59         -63.001     271.999           0.000       0.000              59               0
  102          27.783      13.191           0.000      -0.000             102               0
  148        -147.248    -417.003           0.000       0.000             148               0
  246         175.199    -269.915           0.000      -0.000             246               0
   88        -457.000      -0.002           0.000       0.000              88               0
  203         175.198     269.917           0.000       0.000             203               0
   77        -147.252     417.000           0.000       0.000              77               0
  208          27.784     -13.194           0.000       0.000             208               0
  172         -62.996    -272.002           0.000       0.000             172               0
   54         -25.605     161.895           0.000       0.000              54               0
  202         141.253      61.002           0.000       0.000             202               0
  148          30.632      -6.997           0.000       0.000             148               0
