SINAL     NFT                         FFT                         NFT INVERSA     FFT INVERSA
-----     -----------------------     -----------------------     -----------     -----------
    1        1799.000       0.000             nan         nan               1               1
   36        -213.405     136.788           0.000      -0.000              36             nan
   57        -333.490    -175.343             nan         nan              57              -0
  209        -322.651     198.326          -2.613       1.082             209             nan
  223         155.000      98.000             nan         nan             223               0
   10         529.368      47.777           0.000       0.000              10             nan
   41        -514.511     186.655             nan         nan              41              -0
  193          -1.314      58.236           0.000       0.000             193               0
    3        -381.000      -0.003             nan         nan               3               0
  242          -1.313     -58.237           0.000       0.000             242             nan
  172        -514.507    -186.661             nan         nan             172              -0
   54         529.371     -47.771           2.613      -1.082              54             nan
  205         155.000     -97.999             nan         nan             205               0
  208        -322.650    -198.328          -0.000       0.000             208             nan
    7        -333.490     175.341             nan         nan               7              -0
  138        -213.397    -136.790           0.000       0.000             138               0
