SINAL     NFT                         FFT                         NFT INVERSA     FFT INVERSA
-----     -----------------------     -----------------------     -----------     -----------
   60        2232.000       0.000           0.000       0.000              60               0
   77          54.951     356.627           0.000      -0.000              77               0
   86        -220.609     237.610           0.000       0.000              86               0
  104        -227.274     139.555           0.000      -0.000             104               0
  220          16.000      92.000           0.000       0.000             220               0
   29         150.579       6.151           0.000      -0.000              29               0
  119        -537.392     -76.392           0.000       0.000             119               0
  181         125.742      91.223           0.000      -0.000             181               0
   34           4.000      -0.001           0.000       0.000              34               0
  206         125.742     -91.223           0.000       0.000             206               0
  111        -537.392      76.386           0.000       0.000             111               0
  113         150.581      -6.151           0.000       0.000             113               0
  253          16.001     -92.001           0.000       0.000             253               0
  199        -227.271    -139.558           0.000       0.000             199               0
  235        -220.602    -237.613           0.000       0.000             235               0
  205          54.963    -356.625           0.000       0.000             205               0
