SINAL     NFT                         FFT                         NFT INVERSA     FFT INVERSA
-----     -----------------------     -----------------------     -----------     -----------
   37        2045.000       0.000           0.000       0.000              37               0
  248        -251.095      88.655           0.000      -0.000             248               0
  125         106.749    -281.633           0.000       0.000             125               0
  152         -60.631    -378.187           0.000      -0.000             152               0
   26        -252.000      24.999           0.000       0.000              26               0
   41        -123.663    -147.016           0.000      -0.000              41               0
  210          57.253    -381.633           0.000       0.000             210               0
  126        -272.610    -148.173           0.000      -0.000             126               0
  214         139.000       0.002           0.000       0.000             214               0
  110        -272.612     148.172           0.000       0.000             110               0
  186          57.249     381.634           0.000       0.000             186               0
  201        -123.664     147.014           0.000       0.000             201               0
  143        -251.999     -25.002           0.000       0.000             143               0
   65         -60.632     378.186           0.000       0.000              65               0
  151         106.749     281.632           0.000       0.000             151               0
   10        -251.088     -88.661           0.000       0.000              10               0
