SINAL     NFT                         FFT                         NFT INVERSA     FFT INVERSA
-----     -----------------------     -----------------------     -----------     -----------
   59        1888.000       0.000           0.000       0.000              59               0
   17         -36.352    -397.466           0.000      -0.000              17               0
  251         102.074     189.893           0.000       0.000             251               0
  159        -373.710      54.159           0.000      -0.000             159               0
  128         -71.000     127.000           0.000       0.000             128               0
  168         -41.821     293.595           0.000      -0.000             168               0
  111         -52.076     365.892           0.000       0.000             111               0
  225         163.880     205.969           0.000      -0.000             225               0
  131        -326.000      -0.004           0.000       0.000             131               0
  157         163.883    -205.970           0.000       0.000             157               0
    6         -52.072    -365.894           0.000       0.000               6               0
   24         -41.817    -293.595           0.000       0.000              24               0
   37         -70.999    -127.000           0.000       0.000              37               0
  148        -373.707     -54.162           0.000       0.000             148               0
   58         102.080    -189.891           0.000       0.000              58               0
  209         -36.350     397.466           0.000       0.000             209               0
