SINAL     NFT                         FFT                         NFT INVERSA     FFT INVERSA
-----     -----------------------     -----------------------     -----------     -----------
  190        2067.000       0.000             nan         nan             190               1
  240          82.755    -150.894           0.000      -0.000             240             nan
   66         330.492      78.969             nan         nan              66              -0
  146        -246.531      -5.580          -2.613       1.082             146             nan
  169         109.001    -364.000             nan         nan             169               0
    5         312.312     -77.003           0.000       0.000               5             nan
  244          33.509    -523.031             nan         nan             244              -0
   65        -172.539     313.681           0.000       0.000              65               0
  196          75.000      -0.000             nan         nan             196               0
  231        -172.535    -313.683           0.000       0.000             231             nan
   24          33.506     523.032             nan         nan              24              -0
   38         312.313      77.004           2.613      -1.082              38             nan
   35         108.997     363.999             nan         nan              35               0
  204        -246.529       5.574          -0.000       0.000             204             nan
  147         330.497     -78.968             nan         nan             147              -0
   67          82.760     150.892           0.000       0.000              67               0
