SINAL     NFT                         FFT                         NFT INVERSA     FFT INVERSA
-----     -----------------------     -----------------------     -----------     -----------
  249        2436.000       0.000             nan         nan             249               1
   67          61.948      67.029           0.000      -0.000              67             nan
  214          70.448     -31.694             nan         nan             214              -0
  116         241.637      28.107          -2.613       1.082             116             nan
   87          91.999      74.000             nan         nan              87               0
  189        -322.818     523.048           0.000       0.000             189             nan
  214         299.553    -225.694             nan         nan             214              -0
    2         131.230     117.971           0.000       0.000               2               0
  221         400.000       0.000             nan         nan             221               0
  174         131.230    -117.973           0.000       0.000             174             nan
   69         299.549     225.693             nan         nan              69              -0
  243        -322.812    -523.055           2.613      -1.082             243             nan
  198          92.003     -74.000             nan         nan             198               0
   42         241.640     -28.106          -0.000       0.000              42             nan
  166          70.451      31.692             nan         nan             166              -0
  185          61.957     -67.030           0.000       0.000             185               0
