SINAL     NFT                         FFT                         NFT INVERSA     FFT INVERSA
-----     -----------------------     -----------------------     -----------     -----------
  239        1893.000       0.000           0.000       0.000             239               0
   14          88.950     -43.738           0.000      -0.000              14               0
  179          16.590     194.818           0.000       0.000             179               0
    0           7.696     148.528           0.000      -0.000              -0               0
  228         173.000    -182.000           0.000       0.000             228               0
  122         -11.863     -37.305           0.000      -0.000             122               0
  142         217.409     206.819           0.000       0.000             142               0
   40          99.216     334.428           0.000      -0.000              40               0
  193         749.000       0.001           0.000       0.000             193               0
   68          99.218    -334.430           0.000       0.000              68               0
  111         217.410    -206.818           0.000       0.000             111               0
   62         -11.864      37.304           0.000       0.000              62               0
   87         172.999     181.999           0.000       0.000              87               0
  173           7.699    -148.531           0.000       0.000             173               0
  142          16.595    -194.820           0.000       0.000             142               0
   93          88.955      43.737           0.000       0.000              93               0
