SINAL     NFT                         FFT                         NFT INVERSA     FFT INVERSA
-----     -----------------------     -----------------------     -----------     -----------
   69        1730.000       0.000             nan         nan              69               1
   93         -88.886     -47.207           0.000      -0.000              93             nan
  167          -9.716      10.693             nan         nan             167              -0
   90         114.547    -154.321          -2.613       1.082              90             nan
   62        -388.000      83.999             nan         nan              62               0
  103         179.242     -16.012           0.000       0.000             103             nan
  185         -66.286     246.693             nan         nan             185              -0
  174         -52.904      35.101           0.000       0.000             174               0
   31          -2.000      -0.001             nan         nan              31               0
   67         -52.903     -35.103           0.000       0.000              67             nan
  205         -66.282    -246.694             nan         nan             205              -0
   92         179.241      16.014           2.613      -1.082              92             nan
   76        -387.999     -84.003             nan         nan              76               0
  128         114.548     154.322          -0.000       0.000             128             nan
   69          -9.713     -10.694             nan         nan              69              -0
  119         -88.880      47.205           0.000       0.000             119               0
