SINAL     NFT                         FFT                         NFT INVERSA     FFT INVERSA
-----     -----------------------     -----------------------     -----------     -----------
   18        1923.000       0.000             nan         nan              18               1
  154         -25.790     105.872           0.000      -0.000             154             nan
  200         270.889    -146.610             nan         nan             200              -0
   79        -144.845     133.154          -2.613       1.082              79             nan
   41        -285.001      -0.001             nan         nan              41               0
  114        -418.544     153.270           0.000       0.000             114             nan
   76        -144.889     -14.611             nan         nan              76              -0
  100         -22.823     -50.010           0.000       0.000             100               0
  171         -93.000      -0.001             nan         nan             171               0
  200         -22.824      50.010           0.000       0.000             200             nan
  133        -144.890      14.609             nan         nan             133              -0
  128        -418.541    -153.275           2.613      -1.082             128             nan
   85        -284.998      -0.002             nan         nan              85               0
   36        -144.839    -133.155          -0.000       0.000              36             nan
  191         270.892     146.613             nan         nan             191              -0
  197         -25.783    -105.873           0.000       0.000             197               0
