SINAL     NFT                         FFT                         NFT INVERSA     FFT INVERSA
-----     -----------------------     -----------------------     -----------     -----------
   22        1901.000       0.000           0.000       0.000              22               0
   33        -103.236     -34.930           0.000      -0.000              33               0
  246        -378.694      32.882           0.000       0.000             246               0
   81        -121.865    -248.158           0.000      -0.000              81               0
  163         -89.001     194.000           0.000       0.000             163               0
  140        -339.362      58.558           0.000      -0.000             140               0
  122        -121.306     102.882           0.000       0.000             122               0
  165         244.464      79.789           0.000      -0.000             165               0
  102         269.000       0.001           0.000       0.000             102               0
   53         244.463     -79.787           0.000       0.000              53               0
   65        -121.307    -102.883           0.000       0.000              65               0
  193        -339.362     -58.562           0.000       0.000             193               0
  211         -88.998    -194.000           0.000       0.000             211               0
   85        -121.867     248.158           0.000       0.000              85               0
  154        -378.691     -32.886           0.000       0.000             154               0
   66        -103.230      34.928           0.000       0.000              66               0
