SINAL     NFT                         FFT                         NFT INVERSA     FFT INVERSA
-----     -----------------------     -----------------------     -----------     -----------
  114        2080.000       0.000           0.000       0.000             114               0
  161         -75.954     412.561           0.000      -0.000             161               0
   38         151.660      44.702           0.000       0.000              38               0
   92        -171.131     -39.971           0.000      -0.000              92               0
   39         261.000    -217.000           0.000       0.000              39               0
  131          41.515      33.998           0.000      -0.000             131               0
   17           0.338     154.702           0.000       0.000              17               0
  159         -90.432    -105.472           0.000      -0.000             159               0
  188        -490.000      -0.003           0.000       0.000             188               0
  206         -90.431     105.469           0.000       0.000             206               0
  123           0.342    -154.703           0.000       0.000             123               0
  113          41.517     -33.998           0.000       0.000             113               0
  187         260.999     217.001           0.000       0.000             187               0
  253        -171.130      39.967           0.000       0.000             253               0
   89         151.664     -44.703           0.000       0.000              89               0
  170         -75.943    -412.562           0.000       0.000             170               0
