SINAL     NFT                         FFT                         NFT INVERSA     FFT INVERSA
-----     -----------------------     -----------------------     -----------     -----------
   40        1531.000       0.000           0.000       0.000              40               0
  106          64.038      70.085           0.000      -0.000             106               0
  247         319.416    -130.963           0.000       0.000             247               0
    4         -56.100      -3.746           0.000      -0.000               4               0
   30        -345.001     -10.001           0.000       0.000              30               0
   42        -142.872     221.474           0.000      -0.000              42               0
  114        -161.418     377.036           0.000       0.000             114               0
   71        -229.068     167.304           0.000      -0.000              71               0
  131         211.000      -0.000           0.000       0.000             131               0
  103        -229.067    -167.309           0.000       0.000             103               0
  184        -161.414    -377.038           0.000       0.000             184               0
   30        -142.869    -221.475           0.000       0.000              30               0
   62        -344.998       9.998           0.000       0.000              62               0
   84         -56.096       3.746           0.000       0.000              84               0
   63         319.418     130.966           0.000       0.000              63               0
  220          64.043     -70.085           0.000       0.000             220               0
