SINAL     NFT                         FFT                         NFT INVERSA     FFT INVERSA
-----     -----------------------     -----------------------     -----------     -----------
  222        3819.000       0.000             nan         nan             222               1
  146         763.930    -269.142          -4.730      -7.715             146             nan
  197          74.549     153.417             nan         nan             197              -0
  240         292.623     145.162           0.000      -0.000             240             nan
   53         -20.284      10.226             nan         nan              53               0
  110        -205.709    -389.380           0.487       6.772             110             nan
  131         -73.640    -109.940             nan         nan             131              -0
  162          98.869     417.670          -2.000      -0.828             162             nan
   81        -569.999    -265.004             nan         nan              81               0
  238        -272.956     269.476           0.268      -1.116             238             nan
  173         460.193    -138.407             nan         nan             173              -0
   25         105.682    -376.700          -0.000       0.000              25             nan
   59         374.286    -223.771             nan         nan              59               0
  217         619.605      93.694          -2.189       2.528             217             nan
   51          82.896      48.948             nan         nan              51              -0
   60         261.949      14.515           0.000       0.000              60               0
   14        -699.000      -0.009             nan         nan              14               0
  146         261.955     -14.514           0.760      -0.466             146             nan
    8          82.901     -48.950             nan         nan               8              -0
   89         619.610     -93.683           0.000       0.000              89             nan
   17         374.278     223.777             nan         nan              17               0
  125         105.672     376.697          -3.620       0.260             125             nan
  173         460.185     138.408             nan         nan             173              -0
   79        -272.956    -269.488          -2.000      -0.828              79             nan
   19        -570.002     264.987             nan         nan              19               0
   69          98.884    -417.673           1.360       0.326              69             nan
   96         -73.637     109.937             nan         nan              96              -0
  252        -205.709     389.370          -0.000      -0.000             252             nan
   30         -20.272     -10.235             nan         nan              30               0
  211         292.639    -145.163          -8.335      -7.217             211             nan
  236          74.570    -153.419             nan         nan             236              -0
   90         763.952     269.154           0.000       0.000              90               0
