SINAL     NFT                         FFT                         NFT INVERSA     FFT INVERSA
-----     -----------------------     -----------------------     -----------     -----------
  186        4104.000       0.000             nan         nan             186               1
   55        -200.993      19.821          -4.730      -7.715              55             nan
   41           4.352     504.389             nan         nan              41              -0
   71        -161.599    -226.659           0.000      -0.000              71             nan
  143        -106.067      85.965             nan         nan             143               0
  166          51.466     410.938           0.487       6.772             166             nan
  149         421.381     424.977             nan         nan             149              -0
   72        -203.006    -594.898          -2.000      -0.828              72             nan
   21         424.001    -101.998             nan         nan              21               0
  103         133.657     193.150           0.268      -1.116             103             nan
  191         166.598    -273.193             nan         nan             191              -0
  217         509.401     193.199          -0.000       0.000             217             nan
  186         106.063     145.966             nan         nan             186               0
   84          31.330     524.851          -2.189       2.528              84             nan
  199        -208.335      54.212             nan         nan             199              -0
  175        -136.264     -70.883           0.000       0.000             175               0
  183         184.000      -0.001             nan         nan             183               0
  156        -136.266      70.872           0.760      -0.466             156             nan
   10        -208.331     -54.226             nan         nan              10              -0
   83          31.346    -524.856           0.000       0.000              83             nan
  209         106.072    -145.965             nan         nan             209               0
   93         509.408    -193.188          -3.620       0.260              93             nan
   27         166.593     273.194             nan         nan              27              -0
   81         133.663    -193.150          -2.000      -0.828              81             nan
  252         423.998     102.006             nan         nan             252               0
  123        -203.017     594.886           1.360       0.326             123             nan
  203         421.392    -424.979             nan         nan             203              -0
   90          51.474    -410.940          -0.000      -0.000              90             nan
  104        -106.062     -85.968             nan         nan             104               0
  251        -161.597     226.651          -8.335      -7.217             251             nan
   40           4.375    -504.392             nan         nan              40              -0
  140        -200.966     -19.825           0.000       0.000             140               0
