SINAL     NFT                         FFT                         NFT INVERSA     FFT INVERSA
-----     -----------------------     -----------------------     -----------     -----------
   60        3932.000       0.000             nan         nan              60               1
  162         394.133     664.623          -4.730      -7.715             162             nan
   92        -189.528    -100.391             nan         nan              92              -0
   72         -12.297      33.622           0.000      -0.000              72             nan
  172        -213.112     384.254             nan         nan             172               0
  158          68.290    -120.405           0.487       6.772             158             nan
   38        -132.096     -24.597             nan         nan              38              -0
  166         203.795     105.041          -2.000      -0.828             166             nan
  102         253.997     254.000             nan         nan             102               0
   82        -233.198    -128.880           0.268      -1.116              82             nan
    6        -456.021     -17.730             nan         nan               6              -0
   42        -457.786     -68.470          -0.000       0.000              42             nan
  127        -628.885    -293.751             nan         nan             127               0
   76         283.522    -197.612          -2.189       2.528              76             nan
   95         141.643     -53.519             nan         nan              95              -0
  121         -30.457    -236.470           0.000       0.000             121               0
   33           4.000       0.002             nan         nan              33               0
   70         -30.462     236.471           0.760      -0.466              70             nan
   90         141.641      53.523             nan         nan              90              -0
  123         283.512     197.618           0.000       0.000             123             nan
  216        -628.896     293.735             nan         nan             216               0
   96        -457.786      68.457          -3.620       0.260              96             nan
  218        -456.016      17.717             nan         nan             218              -0
  191        -233.191     128.871          -2.000      -0.828             191             nan
  150         254.010    -253.999             nan         nan             150               0
  171         203.800    -105.038           1.360       0.326             171             nan
   71        -132.093      24.593             nan         nan              71              -0
  228          68.292     120.402          -0.000      -0.000             228             nan
  251        -213.098    -384.261             nan         nan             251               0
   40         -12.286     -33.622          -8.335      -7.217              40             nan
  247        -189.513     100.385             nan         nan             247              -0
  166         394.175    -664.614           0.000       0.000             166               0
