SINAL     NFT                         FFT                         NFT INVERSA     FFT INVERSA
-----     -----------------------     -----------------------     -----------     -----------
  122        3873.000       0.000           0.000       0.000             122               0
  199         362.851    -147.663           0.000      -0.000             199               0
   43        -570.818     425.678           0.000       0.000              43               0
   39         -90.534    -164.058           0.000      -0.000              39               0
  168        -115.150     295.403           0.000       0.000             168               0
  195         -52.046    -254.364           0.000      -0.000             195               0
   79         395.698    -355.577           0.000       0.000              79               0
  227          77.298    -354.868           0.000      -0.000             227               0
  203         556.999      40.003           0.000       0.000             203               0
   25         561.942    -233.515           0.000      -0.000              25               0
  144        -387.351    -281.143           0.000       0.000             144               0
  234        -317.951     125.995           0.000      -0.000             234               0
  124         193.148     103.406           0.000       0.000             124               0
   81          14.354     274.963           0.000      -0.000              81               0
  147        -365.533      40.110           0.000       0.000             147               0
  111        -299.918    -271.655           0.000      -0.000             111               0
   90         105.000       0.001           0.000       0.000              90               0
   34        -299.924     271.646           0.000       0.000              34               0
    1        -365.528     -40.123           0.000       0.000               1               0
    9          14.366    -274.965           0.000       0.000               9               0
   83         193.152    -103.401           0.000       0.000              83               0
  114        -317.946    -126.000           0.000       0.000             114               0
  180        -387.347     281.137           0.000       0.000             180               0
   59         561.947     233.525           0.000       0.000              59               0
  241         557.002     -39.992           0.000       0.000             241               0
   78          77.292     354.869           0.000       0.000              78               0
  122         395.691     355.581           0.000       0.000             122               0
  183         -52.052     254.354           0.000       0.000             183               0
  242        -115.142    -295.412           0.000       0.000             242               0
  196         -90.532     164.051           0.000       0.000             196               0
    0        -570.794    -425.694           0.000       0.000               0               0
  100         362.877     147.669           0.000       0.000             100               0
