SINAL     NFT                         FFT                         NFT INVERSA     FFT INVERSA
-----     -----------------------     -----------------------     -----------     -----------
  239        4285.000       0.000           0.000       0.000             239               0
  208         229.391     -37.052           0.000      -0.000             208               0
  162          53.931      86.849           0.000       0.000             162               0
   18        -450.221     -73.279           0.000      -0.000              18               0
  141         237.167    -172.468           0.000       0.000             141               0
  169         465.747    -281.258           0.000      -0.000             169               0
  250         573.059      -5.862           0.000       0.000             250               0
   97         137.019    -264.902           0.000      -0.000              97               0
  143        -275.000    -218.003           0.000       0.000             143               0
   98          -1.790    -481.357           0.000      -0.000              98               0
  148         110.812      25.936           0.000       0.000             148               0
   62         289.389     -85.696           0.000      -0.000              62               0
  158          44.832      39.532           0.000       0.000             158               0
   37         122.279     175.803           0.000      -0.000              37               0
  184          98.194      94.648           0.000       0.000             184               0
  184         -95.821     632.008           0.000      -0.000             184               0
  152         285.000      -0.004           0.000       0.000             152               0
  104         -95.808    -632.017           0.000       0.000             104               0
  141          98.198     -94.648           0.000       0.000             141               0
  124         122.284    -175.802           0.000       0.000             124               0
   72          44.835     -39.532           0.000       0.000              72               0
  115         289.389      85.701           0.000       0.000             115               0
   94         110.813     -25.934           0.000       0.000              94               0
  103          -1.799     481.355           0.000       0.000             103               0
   39        -274.999     217.992           0.000       0.000              39               0
  202         137.023     264.899           0.000       0.000             202               0
  242         573.065       5.868           0.000       0.000             242               0
  231         465.743     281.261           0.000       0.000             231               0
   61         237.163     172.465           0.000       0.000              61               0
  176        -450.216      73.260           0.000       0.000             176               0
   59          53.949     -86.855           0.000       0.000              59               0
   72         229.419      37.049           0.000       0.000              72               0
