SINAL     NFT                         FFT                         NFT INVERSA     FFT INVERSA
-----     -----------------------     -----------------------     -----------     -----------
   51        3925.000       0.000           0.000       0.000              51               0
  208        -454.798    -390.205           0.000      -0.000             208               0
  177         291.815     216.317           0.000       0.000             177               0
    2         220.867     -85.684           0.000      -0.000               2               0
  254        -139.198     -86.671           0.000       0.000             254               0
    0        -296.595    -380.631           0.000      -0.000              -0               0
   88          -3.810      75.882           0.000       0.000              88               0
   55        -164.277    -127.201           0.000      -0.000              55               0
  195         130.000    -181.000           0.000       0.000             195               0
  140        -136.202    -531.554           0.000      -0.000             140               0
  163         -78.279    -386.252           0.000       0.000             163               0
  201         -69.464    -190.234           0.000      -0.000             201               0
  141        -318.806     331.328           0.000       0.000             141               0
  217        -286.472    -358.104           0.000      -0.000             217               0
  113           2.268     930.183           0.000       0.000             113               0
  238         -61.055     222.624           0.000      -0.000             238               0
  207         435.000       0.001           0.000       0.000             207               0
   45         -61.054    -222.632           0.000       0.000              45               0
  187           2.284    -930.180           0.000       0.000             187               0
   14        -286.482     358.104           0.000       0.000              14               0
  239        -318.797    -331.331           0.000       0.000             239               0
   94         -69.465     190.239           0.000       0.000              94               0
  105         -78.285     386.255           0.000       0.000             105               0
  122        -136.209     531.550           0.000       0.000             122               0
   10         129.999     180.999           0.000       0.000              10               0
   77        -164.277     127.194           0.000       0.000              77               0
   90          -3.806     -75.883           0.000       0.000              90               0
   99        -296.597     380.623           0.000       0.000              99               0
   58        -139.190      86.664           0.000       0.000              58               0
  182         220.876      85.684           0.000       0.000             182               0
  102         291.829    -216.313           0.000       0.000             102               0
   51        -454.783     390.192           0.000       0.000              51               0
