SINAL     NFT                         FFT                         NFT INVERSA     FFT INVERSA
-----     -----------------------     -----------------------     -----------     -----------
  156        3777.000       0.000             nan         nan             156               1
   86         176.594     119.845          -4.730      -7.715              86             nan
  174         -55.341     -65.483             nan         nan             174              -0
   71         169.094     256.316           0.000      -0.000              71             nan
   88        -107.544    -260.319             nan         nan              88               0
  143         571.490     -58.218           0.487       6.772             143             nan
   81          20.995     191.705             nan         nan              81              -0
  141        -127.103     137.981          -2.000      -0.828             141             nan
  182         207.000    -217.999             nan         nan             182               0
    7          35.728     486.765           0.268      -1.116               7             nan
  249         147.417      50.010             nan         nan             249              -0
    1        -583.257     498.148          -0.000       0.000               1             nan
  137        -158.458     435.676             nan         nan             137               0
  169         228.240     -44.180          -2.189       2.528             169             nan
   57        -257.069    -659.182             nan         nan              57              -0
   23         385.195     595.762           0.000       0.000              23               0
   49         -91.000      -0.006             nan         nan              49               0
  196         385.206    -595.757           0.760      -0.466             196             nan
   10        -257.085     659.173             nan         nan              10              -0
  243         228.238      44.173           0.000       0.000             243             nan
  145        -158.452    -435.689             nan         nan             145               0
  208        -583.243    -498.164          -3.620       0.260             208             nan
   14         147.425     -50.009             nan         nan              14              -0
   83          35.743    -486.764          -2.000      -0.828              83             nan
   59         206.999     218.003             nan         nan              59               0
  227        -127.096    -137.987           1.360       0.326             227             nan
  150          21.007    -191.705             nan         nan             150              -0
   74         571.494      58.230          -0.000      -0.000              74             nan
  209        -107.545     260.314             nan         nan             209               0
   40         169.108    -256.316          -8.335      -7.217              40             nan
   83         -55.330      65.480             nan         nan              83              -0
  222         176.622    -119.843           0.000       0.000             222               0
