SINAL     NFT                         FFT                         NFT INVERSA     FFT INVERSA
-----     -----------------------     -----------------------     -----------     -----------
  179        3561.000       0.000           0.000       0.000             179               0
   68         363.521     231.458           0.000      -0.000              68               0
   85         -97.362    -156.934           0.000       0.000              85               0
  175           2.436     217.094           0.000      -0.000             175               0
  102        -149.467    -172.230           0.000       0.000             102               0
  133         431.684     -87.553           0.000      -0.000             133               0
  120        -101.769     549.894           0.000       0.000             120               0
   73         137.441      15.305           0.000      -0.000              73               0
  178         -68.001     114.999           0.000       0.000             178               0
   31         109.517     177.837           0.000      -0.000              31               0
  176         339.414    -273.123           0.000       0.000             176               0
   55          -7.905     527.958           0.000      -0.000              55               0
    1         321.467     -92.229           0.000       0.000               1               0
  102         402.361    -174.766           0.000      -0.000             102               0
  147         -72.291     304.046           0.000       0.000             147               0
    8        -455.071     490.605           0.000      -0.000               8               0
   56        -145.000      -0.008           0.000       0.000              56               0
   68        -455.057    -490.623           0.000       0.000              68               0
   79         -72.277    -304.049           0.000       0.000              79               0
  182         402.364     174.772           0.000       0.000             182               0
  242         321.466      92.228           0.000       0.000             242               0
   49          -7.892    -527.962           0.000       0.000              49               0
   96         339.410     273.128           0.000       0.000              96               0
   93         109.520    -177.840           0.000       0.000              93               0
   40         -67.997    -115.004           0.000       0.000              40               0
  231         137.444     -15.308           0.000       0.000             231               0
  124        -101.753    -549.898           0.000       0.000             124               0
  210         431.686      87.563           0.000       0.000             210               0
   22        -149.467     172.224           0.000       0.000              22               0
  187           2.448    -217.097           0.000       0.000             187               0
   61         -97.351     156.929           0.000       0.000              61               0
  188         363.551    -231.453           0.000       0.000             188               0
