SINAL     NFT                         FFT                         NFT INVERSA     FFT INVERSA
-----     -----------------------     -----------------------     -----------     -----------
  130        3806.000       0.000           0.000       0.000             130               0
   35         221.916     -76.884           0.000      -0.000              35               0
  196         -21.368     -24.517           0.000       0.000             196               0
  123         -17.707     284.652           0.000      -0.000             123               0
   18        -251.187     207.687           0.000       0.000              18               0
  198        -126.653    -115.109           0.000      -0.000             198               0
  225         673.449    -427.969           0.000       0.000             225               0
   78        -453.292     281.232           0.000      -0.000              78               0
  162         258.000    -129.998           0.000       0.000             162               0
   84        -275.297     362.025           0.000      -0.000              84               0
   91        -170.493     851.251           0.000       0.000              91               0
  102          47.874     102.541           0.000      -0.000             102               0
  239         303.184     247.688           0.000       0.000             239               0
   66         -14.447     -54.718           0.000      -0.000              66               0
    0          94.406     -25.293           0.000       0.000              -0               0
   59        -294.402     198.882           0.000      -0.000              59               0
  244         406.000       0.000           0.000       0.000             244               0
   85        -294.399    -198.895           0.000       0.000              85               0
  115          94.407      25.290           0.000       0.000             115               0
    5         -14.446      54.710           0.000       0.000               5               0
  111         303.189    -247.689           0.000       0.000             111               0
  249          47.873    -102.548           0.000       0.000             249               0
  152        -170.476    -851.258           0.000       0.000             152               0
   36        -275.286    -362.026           0.000       0.000              36               0
   68         258.000     130.006           0.000       0.000              68               0
   75        -453.280    -281.239           0.000       0.000              75               0
   70         673.445     427.984           0.000       0.000              70               0
  180        -126.655     115.102           0.000       0.000             180               0
  210        -251.177    -207.697           0.000       0.000             210               0
  123         -17.691    -284.653           0.000       0.000             123               0
   75         -21.353      24.517           0.000       0.000              75               0
  202         221.940      76.888           0.000       0.000             202               0
