SINAL     NFT                         FFT                         NFT INVERSA     FFT INVERSA
-----     -----------------------     -----------------------     -----------     -----------
  124        4306.000       0.000           0.000       0.000             124               0
  144         305.695     544.495           0.000      -0.000             144               0
  178        -208.804     -90.921           0.000       0.000             178               0
   36        -187.142    -141.254           0.000      -0.000              36               0
  139         109.624     252.836           0.000       0.000             139               0
  248         359.069     -16.433           0.000      -0.000             248               0
    0        -402.272    -114.796           0.000       0.000              -0               0
  186         279.663     297.081           0.000      -0.000             186               0
  229        -202.001    -112.003           0.000       0.000             229               0
   15          48.136    -344.246           0.000      -0.000              15               0
    3        -696.584    -413.239           0.000       0.000               3               0
  126        -600.203     347.730           0.000      -0.000             126               0
    1         542.377      32.839           0.000       0.000               1               0
  188         -98.312     127.313           0.000      -0.000             188               0
  213         235.665    -437.360           0.000       0.000             213               0
   26         469.090     -80.424           0.000      -0.000              26               0
   52        -246.000      -0.002           0.000       0.000              52               0
  140         469.090      80.435           0.000       0.000             140               0
  116         235.652     437.362           0.000       0.000             116               0
  228         -98.312    -127.320           0.000       0.000             228               0
    2         542.371     -32.831           0.000       0.000               2               0
  205        -600.204    -347.742           0.000       0.000             205               0
  150        -696.590     413.226           0.000       0.000             150               0
  195          48.135     344.242           0.000       0.000             195               0
  215        -201.997     111.991           0.000       0.000             215               0
  171         279.674    -297.080           0.000       0.000             171               0
  206        -402.268     114.785           0.000       0.000             206               0
  177         359.077      16.436           0.000       0.000             177               0
  152         109.634    -252.836           0.000       0.000             152               0
   83        -187.136     141.248           0.000       0.000              83               0
  250        -208.788      90.911           0.000       0.000             250               0
  108         305.737    -544.491           0.000       0.000             108               0
