SINAL     NFT                         FFT                         NFT INVERSA     FFT INVERSA
-----     -----------------------     -----------------------     -----------     -----------
  172        3385.000       0.000             nan         nan             172               1
  169        -132.263      11.802          -4.730      -7.715             169             nan
    0         -13.244     442.823             nan         nan               0              -0
  115          85.690     -62.928           0.000      -0.000             115             nan
    3         120.283    -204.158             nan         nan               3               0
  120         383.372    -171.739           0.487       6.772             120             nan
   54         -16.320     414.696             nan         nan              54              -0
   96           2.271    -351.774          -2.000      -0.828              96             nan
   47         290.002    -462.999             nan         nan              47               0
  224         -17.590      53.202           0.268      -1.116             224             nan
  116         585.697     -36.659             nan         nan             116              -0
  113         140.320     258.478          -0.000       0.000             113             nan
   95        -274.284     -46.163             nan         nan              95               0
  194        -128.634    -486.980          -2.189       2.528             194             nan
  139         347.864    -132.534             nan         nan             139              -0
   95        -237.163    -533.494           0.000       0.000              95               0
  160        -153.000       0.002             nan         nan             160               0
   38        -237.171     533.491           0.760      -0.466              38             nan
   74         347.863     132.540             nan         nan              74              -0
   70        -128.644     486.973           0.000       0.000              70             nan
  239        -274.280      46.149             nan         nan             239               0
   32         140.334    -258.479          -3.620       0.260              32             nan
   22         585.699      36.670             nan         nan              22              -0
   92         -17.588     -53.202          -2.000      -0.828              92             nan
   59         289.994     463.003             nan         nan              59               0
  241           2.265     351.765           1.360       0.326             241             nan
  181         -16.307    -414.702             nan         nan             181              -0
    3         383.373     171.744          -0.000      -0.000               3             nan
  178         120.281     204.155             nan         nan             178               0
   98          85.693      62.921          -8.335      -7.217              98             nan
   77         -13.227    -442.828             nan         nan              77              -0
   69        -132.242     -11.806           0.000       0.000              69               0
