SINAL     NFT                         FFT                         NFT INVERSA     FFT INVERSA
-----     -----------------------     -----------------------     -----------     -----------
  119        4229.000       0.000             nan         nan             119               1
   20         348.971     -80.265          -4.730      -7.715              20             nan
  237          64.539     -94.200             nan         nan             237              -0
  209        -323.052     152.314           0.000      -0.000             209             nan
  153         -32.071    -358.419             nan         nan             153               0
  227        -174.551    -192.052           0.487       6.772             227             nan
    8          26.661     759.014             nan         nan               8              -0
  181        -115.321      33.006          -2.000      -0.828             181             nan
  148        -101.004     613.999             nan         nan             148               0
  154        -154.023      54.465           0.268      -1.116             154             nan
  145        -527.814    -232.461             nan         nan             145              -0
  161         403.236     261.976          -0.000       0.000             161             nan
   21         -17.933     553.579             nan         nan              21               0
    8         481.810      72.787          -2.189       2.528               8             nan
  125         220.606     286.328             nan         nan             125              -0
  247        -139.075    -232.362           0.000       0.000             247               0
   78        -343.000      -0.006             nan         nan              78               0
  109        -139.075     232.351           0.760      -0.466             109             nan
  148         220.617    -286.332             nan         nan             148              -0
   69         481.812     -72.785           0.000       0.000              69             nan
  255         -17.923    -553.584             nan         nan             255               0
   75         403.237    -261.967          -3.620       0.260              75             nan
   10        -527.822     232.448             nan         nan              10              -0
  119        -154.020     -54.476          -2.000      -0.828             119             nan
  103        -100.988    -614.004             nan         nan             103               0
   98        -115.317     -33.009           1.360       0.326              98             nan
  209          26.681    -759.011             nan         nan             209              -0
  254        -174.550     192.055          -0.000      -0.000             254             nan
   44         -32.071     358.419             nan         nan              44               0
  145        -323.037    -152.322          -8.335      -7.217             145             nan
  140          64.556      94.201             nan         nan             140              -0
  210         348.999      80.271           0.000       0.000             210               0
