SINAL     NFT                         FFT                         NFT INVERSA     FFT INVERSA
-----     -----------------------     -----------------------     -----------     -----------
  143        4813.000       0.000             nan         nan             143               1
  226          26.953     127.237          -4.730      -7.715             226             nan
  252         151.143    -453.879             nan         nan             252              -0
   34         389.803     113.802           0.000      -0.000              34             nan
  238         326.975    -218.236             nan         nan             238               0
   99         120.485     140.128           0.487       6.772              99             nan
   67        -231.492    -103.599             nan         nan              67              -0
  228         225.038     123.945          -2.000      -0.828             228             nan
  108        -244.001    -103.002             nan         nan             108               0
  163          36.700    -233.680           0.268      -1.116             163             nan
  210          30.963     -90.512             nan         nan             210              -0
   31        -259.936    -386.417          -0.000       0.000              31             nan
  152        -324.983     827.762             nan         nan             152               0
  151         -25.357     691.012          -2.189       2.528             151             nan
   58        -286.617     107.200             nan         nan              58              -0
  167         134.298     289.368           0.000       0.000             167               0
   62        -377.000      -0.010             nan         nan              62               0
  192         134.305    -289.374           0.760      -0.466             192             nan
  243        -286.615    -107.215             nan         nan             243              -0
  248         -25.341    -691.019           0.000       0.000             248             nan
   77        -324.964    -827.764             nan         nan              77               0
  214        -259.938     386.418          -3.620       0.260             214             nan
  155          30.967      90.513             nan         nan             155              -0
  196          36.699     233.679          -2.000      -0.828             196             nan
  181        -243.996     102.993             nan         nan             181               0
  101         225.048    -123.944           1.360       0.326             101             nan
  172        -231.486     103.592             nan         nan             172              -0
   87         120.501    -140.127          -0.000      -0.000              87             nan
   26         326.983     218.241             nan         nan              26               0
  203         389.816    -113.796          -8.335      -7.217             203             nan
   74         151.147     453.878             nan         nan              74              -0
  255          26.986    -127.243           0.000       0.000             255               0
