SINAL     NFT                         FFT                         NFT INVERSA     FFT INVERSA
-----     -----------------------     -----------------------     -----------     -----------
  172        3915.000       0.000           0.000       0.000             172               0
  153         -24.376    -237.285           0.000      -0.000             153               0
  209          38.175    -256.762           0.000       0.000             209               0
   34          16.773    -218.882           0.000      -0.000              34               0
  202         474.383      18.379           0.000       0.000             202               0
   58         241.070     512.733           0.000      -0.000              58               0
  251        -691.289    -213.039           0.000       0.000             251               0
  127         198.612    -291.159           0.000      -0.000             127               0
   56        -256.999    -402.002           0.000       0.000              56               0
  240        -183.844      22.110           0.000      -0.000             240               0
   75         -53.934     -28.086           0.000       0.000              75               0
   26         429.938    -502.898           0.000      -0.000              26               0
  189        -716.381    -261.627           0.000       0.000             189               0
  134         225.124     -45.748           0.000      -0.000             134               0
  147         495.047     384.194           0.000       0.000             147               0
  140         424.705     312.751           0.000      -0.000             140               0
    6         355.000       0.000           0.000       0.000               6               0
  185         424.710    -312.747           0.000       0.000             185               0
  241         495.050    -384.183           0.000       0.000             241               0
   80         225.113      45.757           0.000       0.000              80               0
  120        -716.389     261.614           0.000       0.000             120               0
   10         429.929     502.904           0.000       0.000              10               0
   43         -53.938      28.080           0.000       0.000              43               0
  234        -183.844     -22.116           0.000       0.000             234               0
  175        -257.004     401.994           0.000       0.000             175               0
  221         198.607     291.156           0.000       0.000             221               0
    3        -691.287     213.014           0.000       0.000               3               0
   37         241.093    -512.735           0.000       0.000              37               0
   19         474.390     -18.369           0.000       0.000              19               0
   90          16.775     218.880           0.000       0.000              90               0
  227          38.182     256.757           0.000       0.000             227               0
   11         -24.356     237.276           0.000       0.000              11               0
