SINAL     NFT                         FFT                         NFT INVERSA     FFT INVERSA
-----     -----------------------     -----------------------     -----------     -----------
  242        4319.000       0.000           0.000       0.000             242               0
  129         -62.323     -94.692           0.000      -0.000             129               0
  218         494.544    -231.970           0.000       0.000             218               0
   86         -87.364    -222.421           0.000      -0.000              86               0
  237         297.779     202.200           0.000       0.000             237               0
   28          76.699     198.966           0.000      -0.000              28               0
  187        -268.014    -193.233           0.000       0.000             187               0
  213        -231.468    -230.006           0.000      -0.000             213               0
   29          94.000      24.999           0.000       0.000              29               0
  101         -85.375     -96.687           0.000      -0.000             101               0
   96         629.819    -494.617           0.000       0.000              96               0
   57         248.499    -170.117           0.000      -0.000              57               0
  186        -195.782      96.199           0.000       0.000             186               0
  129          25.890     518.311           0.000      -0.000             129               0
  190         503.652     230.642           0.000       0.000             190               0
  131         139.433     484.441           0.000      -0.000             131               0
  239         265.000      -0.004           0.000       0.000             239               0
  174         139.444    -484.448           0.000       0.000             174               0
  114         503.655    -230.637           0.000       0.000             114               0
  171          25.897    -518.312           0.000       0.000             171               0
  144        -195.778     -96.200           0.000       0.000             144               0
   69         248.500     170.124           0.000       0.000              69               0
   59         629.807     494.627           0.000       0.000              59               0
  237         -85.381      96.679           0.000       0.000             237               0
  112          93.999     -25.002           0.000       0.000             112               0
  131        -231.472     229.996           0.000       0.000             131               0
   95        -268.012     193.219           0.000       0.000              95               0
   59          76.712    -198.972           0.000       0.000              59               0
    4         297.791    -202.197           0.000       0.000               4               0
  240         -87.358     222.416           0.000       0.000             240               0
  140         494.553     231.974           0.000       0.000             140               0
   72         -62.299      94.683           0.000       0.000              72               0
