SINAL     NFT                         FFT                         NFT INVERSA     FFT INVERSA
-----     -----------------------     -----------------------     -----------     -----------
   15        3609.000       0.000           0.000       0.000              15               0
    4         -86.394     373.137           0.000      -0.000               4               0
  191         112.194     331.177           0.000       0.000             191               0
   43        -453.701     -51.676           0.000      -0.000              43               0
   31        -390.180     301.077           0.000       0.000              31               0
  180        -159.293     -52.836           0.000      -0.000             180               0
  203         144.406     -35.086           0.000       0.000             203               0
    0         128.355    -671.535           0.000      -0.000              -0               0
   14        -167.003     282.001           0.000       0.000              14               0
   82        -336.274     299.116           0.000      -0.000              82               0
   75        -363.888     476.867           0.000       0.000              75               0
  114         358.388     418.630           0.000      -0.000             114               0
  144        -115.822      -6.923           0.000       0.000             144               0
   16         217.809     434.021           0.000      -0.000              16               0
  234        -116.721     447.128           0.000       0.000             234               0
  202        -460.899     102.012           0.000      -0.000             202               0
  114         249.000      -0.002           0.000       0.000             114               0
   83        -460.897    -102.031           0.000       0.000              83               0
  107        -116.707    -447.137           0.000       0.000             107               0
   84         217.820    -434.018           0.000       0.000              84               0
  203        -115.821       6.919           0.000       0.000             203               0
   24         358.395    -418.626           0.000       0.000              24               0
  134        -363.881    -476.873           0.000       0.000             134               0
  108        -336.266    -299.118           0.000       0.000             108               0
  171        -166.992    -281.996           0.000       0.000             171               0
   80         128.345     671.542           0.000       0.000              80               0
   74         144.406      35.087           0.000       0.000              74               0
  246        -159.295      52.830           0.000       0.000             246               0
  189        -390.170    -301.086           0.000       0.000             189               0
  230        -453.691      51.666           0.000       0.000             230               0
   30         112.216    -331.174           0.000       0.000              30               0
  184         -86.362    -373.134           0.000       0.000             184               0
