SINAL     NFT                         FFT                         NFT INVERSA     FFT INVERSA
-----     -----------------------     -----------------------     -----------     -----------
   48        3647.000       0.000             nan         nan              48               1
  159         -78.731      -7.828          -4.730      -7.715             159             nan
  247        -142.247    -231.656             nan         nan             247              -0
   68         -76.563    -349.360           0.000      -0.000              68             nan
  186        -147.111    -747.905             nan         nan             186               0
  152          94.728     303.551           0.487       6.772             152             nan
   26        -121.962    -304.545             nan         nan              26              -0
  164         -77.298     -64.451          -2.000      -0.828             164             nan
   43        -196.998    -412.001             nan         nan              43               0
   59         185.334     147.750           0.268      -1.116              59             nan
  182         -58.444    -554.359             nan         nan             182              -0
  202        -282.750     257.246          -0.000       0.000             202             nan
   21         -84.895     926.095             nan         nan              21               0
  236        -473.505     -96.809          -2.189       2.528             236             nan
   37         162.657      94.528             nan         nan              37              -0
    1         284.783    -320.764           0.000       0.000               1               0
  101         -85.000      -0.000             nan         nan             101               0
  172         284.776     320.769           0.760      -0.466             172             nan
  234         162.654     -94.529             nan         nan             234              -0
   71        -473.509      96.793           0.000       0.000              71             nan
  113         -84.875    -926.097             nan         nan             113               0
  136        -282.743    -257.242          -3.620       0.260             136             nan
    1         -58.452     554.363             nan         nan               1              -0
  172         185.339    -147.744          -2.000      -0.828             172             nan
  146        -197.006     411.998             nan         nan             146               0
  137         -77.296      64.449           1.360       0.326             137             nan
  250        -121.964     304.541             nan         nan             250              -0
    2          94.739    -303.547          -0.000      -0.000               2             nan
  134        -147.122     747.903             nan         nan             134               0
   88         -76.563     349.353          -8.335      -7.217              88             nan
   12        -142.240     231.645             nan         nan              12              -0
   47         -78.706       7.819           0.000       0.000              47               0
