SINAL     NFT                         FFT                         NFT INVERSA     FFT INVERSA
-----     -----------------------     -----------------------     -----------     -----------
  206        4754.000       0.000           0.000       0.000             206               0
  209         187.447       7.064           0.000      -0.000             209               0
   22         562.676     -12.707           0.000       0.000              22               0
   80        -294.530     516.042           0.000      -0.000              80               0
  200         -55.609     427.868           0.000       0.000             200               0
  208        -107.245     372.718           0.000      -0.000             208               0
  207         765.185    -184.742           0.000       0.000             207               0
  206          -8.545     -98.670           0.000      -0.000             206               0
   39         -97.001      42.998           0.000       0.000              39               0
   41         134.786    -139.172           0.000      -0.000              41               0
  158         225.208    -507.111           0.000       0.000             158               0
  200        -241.361    -122.415           0.000      -0.000             200               0
   46         -34.394     -36.133           0.000       0.000              46               0
  144         -52.126    -268.027           0.000      -0.000             144               0
   82         110.929     156.925           0.000       0.000              82               0
  177          37.567     -10.375           0.000      -0.000             177               0
  249        -428.000      -0.006           0.000       0.000             249               0
  224          37.570      10.372           0.000       0.000             224               0
  161         110.934    -156.924           0.000       0.000             161               0
  126         -52.131     268.025           0.000       0.000             126               0
  131         -34.393      36.129           0.000       0.000             131               0
  138        -241.358     122.408           0.000       0.000             138               0
  148         225.203     507.110           0.000       0.000             148               0
  151         134.787     139.165           0.000       0.000             151               0
    0         -96.996     -43.007           0.000       0.000              -0               0
   90          -8.538      98.663           0.000       0.000              90               0
  108         765.186     184.747           0.000       0.000             108               0
  187        -107.235    -372.731           0.000       0.000             187               0
  162         -55.593    -427.875           0.000       0.000             162               0
  220        -294.505    -516.048           0.000       0.000             220               0
  244         562.695      12.720           0.000       0.000             244               0
  190         187.477      -7.061           0.000       0.000             190               0
