SINAL     NFT                         FFT                         NFT INVERSA     FFT INVERSA
-----     -----------------------     -----------------------     -----------     -----------
  148        4307.000       0.000           0.000       0.000             148               0
  213         177.983     110.006           0.000      -0.000             213               0
  222         438.463     170.813           0.000       0.000             222               0
   15        -114.131     -99.901           0.000      -0.000              15               0
   39         109.395     508.328           0.000       0.000              39               0
  169         644.957    -205.632           0.000      -0.000             169               0
  155          22.776    -595.430           0.000       0.000             155               0
  246        -308.908     -58.972           0.000      -0.000             246               0
   73         358.999    -173.998           0.000       0.000              73               0
   47        -544.550     482.282           0.000      -0.000              47               0
    1        -410.337    -116.338           0.000       0.000               1               0
   30        -210.960    -179.209           0.000      -0.000              30               0
  253          -9.397      74.328           0.000       0.000             253               0
  209         195.153     523.578           0.000      -0.000             209               0
  173         161.096    -130.093           0.000       0.000             173               0
   92        -127.560     184.311           0.000      -0.000              92               0
  184        -337.000      -0.007           0.000       0.000             184               0
  191        -127.552    -184.319           0.000       0.000             191               0
   30         161.096     130.091           0.000       0.000              30               0
  116         195.164    -523.578           0.000       0.000             116               0
  144          -9.398     -74.327           0.000       0.000             144               0
  182        -210.965     179.204           0.000       0.000             182               0
   31        -410.337     116.324           0.000       0.000              31               0
  112        -544.531    -482.294           0.000       0.000             112               0
  206         359.004     174.007           0.000       0.000             206               0
   91        -308.902      58.966           0.000       0.000              91               0
   45          22.777     595.427           0.000       0.000              45               0
  252         644.962     205.635           0.000       0.000             252               0
  125         109.411    -508.331           0.000       0.000             125               0
  146        -114.121      99.896           0.000       0.000             146               0
  156         438.483    -170.807           0.000       0.000             156               0
  211         178.012    -110.003           0.000       0.000             211               0
