SINAL     NFT                         FFT                         NFT INVERSA     FFT INVERSA
-----     -----------------------     -----------------------     -----------     -----------
  244        3736.000       0.000           0.000       0.000             244               0
  230         243.248    -230.587           0.000      -0.000             230               0
   37         266.865       2.903           0.000       0.000              37               0
  228        -144.419    -611.567           0.000      -0.000             228               0
  249         238.276    -381.452           0.000       0.000             249               0
  175        -650.971     141.056           0.000      -0.000             175               0
   32         438.226     408.486           0.000       0.000              32               0
   18         366.850    -572.985           0.000      -0.000              18               0
   57         546.999      -8.998           0.000       0.000              57               0
  112         298.922    -200.237           0.000      -0.000             112               0
  244         322.131    -308.145           0.000       0.000             244               0
  154         166.997    -321.150           0.000      -0.000             154               0
   22         123.718     470.547           0.000       0.000              22               0
   93        -330.239    -569.781           0.000      -0.000              93               0
   57         -55.220    -281.730           0.000       0.000              57               0
  252          89.621    -361.837           0.000      -0.000             252               0
  239         230.000       0.005           0.000       0.000             239               0
   37          89.612     361.842           0.000       0.000              37               0
  112         -55.228     281.727           0.000       0.000             112               0
   11        -330.248     569.767           0.000       0.000              11               0
   76         123.735    -470.549           0.000       0.000              76               0
   78         166.996     321.153           0.000       0.000              78               0
    1         322.130     308.147           0.000       0.000               1               0
  177         298.923     200.237           0.000       0.000             177               0
  183         547.002       9.005           0.000       0.000             183               0
   66         366.838     572.984           0.000       0.000              66               0
  179         438.230    -408.486           0.000       0.000             179               0
    7        -650.967    -141.071           0.000       0.000               7               0
  195         238.275     381.455           0.000       0.000             195               0
   90        -144.422     611.555           0.000       0.000              90               0
   56         266.880      -2.908           0.000       0.000              56               0
   25         243.267     230.582           0.000       0.000              25               0
