SINAL     NFT                         FFT                         NFT INVERSA     FFT INVERSA
-----     -----------------------     -----------------------     -----------     -----------
   20        3033.000       0.000           0.000       0.000              20               0
  211          70.106     472.498           0.000      -0.000             211               0
  134         215.640    -378.036           0.000       0.000             134               0
   92         -30.495      25.589           0.000      -0.000              92               0
  205        -284.929    -352.339           0.000       0.000             205               0
   28        -341.019    -243.792           0.000      -0.000              28               0
    0          54.442    -308.617           0.000       0.000              -0               0
   83          36.575     198.634           0.000      -0.000              83               0
   72         -15.001     -44.001           0.000       0.000              72               0
    6         -24.444    -125.360           0.000      -0.000               6               0
   93        -180.302    -730.067           0.000       0.000              93               0
   64        -119.405    -147.074           0.000      -0.000              64               0
   25        -299.073     165.661           0.000       0.000              25               0
   81         -13.295    -145.860           0.000      -0.000              81               0
   30         -89.778     272.517           0.000       0.000              30               0
   63         -66.028     224.337           0.000      -0.000              63               0
   81        -219.000      -0.004           0.000       0.000              81               0
  187         -66.022    -224.339           0.000       0.000             187               0
  151         -89.771    -272.515           0.000       0.000             151               0
   71         -13.299     145.864           0.000       0.000              71               0
  176        -299.069    -165.663           0.000       0.000             176               0
  138        -119.406     147.079           0.000       0.000             138               0
  111        -180.314     730.065           0.000       0.000             111               0
  178         -24.442     125.356           0.000       0.000             178               0
   29         -14.998      43.998           0.000       0.000              29               0
   49          36.582    -198.633           0.000       0.000              49               0
  107          54.436     308.620           0.000       0.000             107               0
  199        -341.021     243.784           0.000       0.000             199               0
   88        -284.928     352.330           0.000       0.000              88               0
  135         -30.484     -25.594           0.000       0.000             135               0
   85         215.644     378.034           0.000       0.000              85               0
   41          70.136    -472.501           0.000       0.000              41               0
