SINAL     NFT                         FFT                         NFT INVERSA     FFT INVERSA
-----     -----------------------     -----------------------     -----------     -----------
  248        4096.000       0.000             nan         nan             248               1
  113         239.072    -414.127          -4.730      -7.715             113             nan
   33          66.482    -404.508             nan         nan              33              -0
  177         -33.037     230.575           0.000      -0.000             177             nan
  217          79.101     220.650             nan         nan             217               0
  220          -3.565      85.977           0.487       6.772             220             nan
  209         212.226     396.728             nan         nan             209              -0
  100         827.213     103.825          -2.000      -0.828             100             nan
  117         -37.002      26.998             nan         nan             117               0
  251           6.056      -6.746           0.268      -1.116             251             nan
  156         216.948     356.013             nan         nan             156              -0
   31         217.631    -757.215          -0.000       0.000              31             nan
   48         436.893     326.653             nan         nan              48               0
  165        -173.458     -93.965          -2.189       2.528             165             nan
   64          88.336     170.777             nan         nan              64              -0
  189         -23.916     121.958           0.000       0.000             189               0
  116        -398.000      -0.008             nan         nan             116               0
    6         -23.910    -121.966           0.760      -0.466               6             nan
  239          88.342    -170.780             nan         nan             239              -0
  153        -173.454      93.956           0.000       0.000             153             nan
   22         436.906    -326.646             nan         nan              22               0
  201         217.617     757.214          -3.620       0.260             201             nan
   85         216.957    -356.019             nan         nan              85              -0
  128           6.059       6.740          -2.000      -0.828             128             nan
  101         -36.994     -27.006             nan         nan             101               0
   25         827.220    -103.816           1.360       0.326              25             nan
   70         212.233    -396.729             nan         nan              70              -0
  174          -3.562     -85.980          -0.000      -0.000             174             nan
   37          79.110    -220.651             nan         nan              37               0
  129         -33.024    -230.574          -8.335      -7.217             129             nan
   87          66.488     404.509             nan         nan              87              -0
  185         239.090     414.125           0.000       0.000             185               0
