SINAL     NFT                         FFT                         NFT INVERSA     FFT INVERSA
-----     -----------------------     -----------------------     -----------     -----------
  252        4388.000       0.000           0.000       0.000             252               0
   35        -279.069     664.035           0.000      -0.000              35               0
  117         615.203     118.567           0.000       0.000             117               0
   33        -191.080     558.993           0.000      -0.000              33               0
   68         159.008      46.365           0.000       0.000              68               0
   38         303.944      -3.077           0.000      -0.000              38               0
  186         350.273     215.505           0.000       0.000             186               0
   35        -314.719      95.540           0.000      -0.000              35               0
  146          97.001    -155.001           0.000       0.000             146               0
   16          71.582      65.705           0.000      -0.000              16               0
  138         531.091     377.750           0.000       0.000             138               0
   54        -111.659     146.368           0.000      -0.000              54               0
   74         216.987     444.364           0.000       0.000              74               0
  206        -166.713    -281.215           0.000      -0.000             206               0
   12        -364.571     -35.197           0.000       0.000              12               0
  239         735.707     260.551           0.000      -0.000             239               0
  246         370.000      -0.001           0.000       0.000             246               0
  219         735.706    -260.543           0.000       0.000             219               0
  163        -364.578      35.184           0.000       0.000             163               0
  247        -166.717     281.201           0.000       0.000             247               0
  155         216.999    -444.370           0.000       0.000             155               0
  232        -111.652    -146.377           0.000       0.000             232               0
  106         531.102    -377.743           0.000       0.000             106               0
   58          71.583     -65.706           0.000       0.000              58               0
   69          96.998     154.998           0.000       0.000              69               0
  174        -314.712     -95.553           0.000       0.000             174               0
  252         350.285    -215.503           0.000       0.000             252               0
   53         303.949       3.078           0.000       0.000              53               0
  228         159.013     -46.370           0.000       0.000             228               0
  162        -191.058    -559.002           0.000       0.000             162               0
  167         615.218    -118.556           0.000       0.000             167               0
  208        -279.030    -664.039           0.000       0.000             208               0
