SINAL     NFT                         FFT                         NFT INVERSA     FFT INVERSA
-----     -----------------------     -----------------------     -----------     -----------
  223        4411.000       0.000             nan         nan             223               1
  213         -49.577     -31.347          -4.730      -7.715             213             nan
  172         181.209      -4.772             nan         nan             172              -0
   27        -174.507     102.717           0.000      -0.000              27             nan
   19         502.923     231.713             nan         nan              19               0
  163         321.175    -399.152           0.487       6.772             163             nan
  241         198.465    -317.382             nan         nan             241              -0
  146         248.811    -366.442          -2.000      -0.828             146             nan
  168        -389.000    -240.002             nan         nan             168               0
  131          -7.575    -304.078           0.268      -1.116             131             nan
  113         330.989     301.890             nan         nan             113              -0
   93        -116.136      65.823          -0.000       0.000              93             nan
   24         319.072     387.713             nan         nan              24               0
  215        -454.024    -419.689          -2.189       2.528             215             nan
  150         297.335      26.499             nan         nan             150              -0
  197         159.835     107.640           0.000       0.000             197               0
  232         -13.000      -0.003             nan         nan             232               0
   36         159.838    -107.641           0.760      -0.466              36             nan
  224         297.333     -26.494             nan         nan             224              -0
  155        -454.033     419.674           0.000       0.000             155             nan
   31         319.083    -387.713             nan         nan              31               0
  169        -116.132     -65.828          -3.620       0.260             169             nan
  125         330.997    -301.883             nan         nan             125              -0
  192          -7.581     304.079          -2.000      -0.828             192             nan
   35        -389.000     239.993             nan         nan              35               0
  156         248.812     366.443           1.360       0.326             156             nan
  177         198.465     317.379             nan         nan             177              -0
   76         321.174     399.148          -0.000      -0.000              76             nan
  173         502.931    -231.713             nan         nan             173               0
  143        -174.499    -102.727          -8.335      -7.217             143             nan
   92         181.223       4.771             nan         nan              92              -0
  100         -49.550      31.340           0.000       0.000             100               0
