SINAL     NFT                         FFT                         NFT INVERSA     FFT INVERSA
-----     -----------------------     -----------------------     -----------     -----------
    4        3683.000       0.000           0.000       0.000               4               0
    7         -29.147      70.591           0.000      -0.000               7               0
   10          -8.074     282.818           0.000       0.000              10               0
  125        -693.082     141.721           0.000      -0.000             125               0
  252        -540.354     -47.561           0.000       0.000             252               0
  142        -233.116     281.548           0.000      -0.000             142               0
  157         456.417     479.029           0.000       0.000             157               0
   51         160.812     244.634           0.000      -0.000              51               0
   34        -202.003     380.998           0.000       0.000              34               0
  126         119.492     -58.270           0.000      -0.000             126               0
  101        -265.995     284.715           0.000       0.000             101               0
  192        -158.534    -330.989           0.000      -0.000             192               0
   83        -131.646    -123.561           0.000       0.000              83               0
   68        -440.479    -183.051           0.000      -0.000              68               0
  122         113.646     256.510           0.000       0.000             122               0
  175        -101.943    -248.549           0.000      -0.000             175               0
  176         353.000       0.004           0.000       0.000             176               0
   39        -101.950     248.545           0.000       0.000              39               0
  231         113.648    -256.508           0.000       0.000             231               0
   67        -440.485     183.043           0.000       0.000              67               0
   80        -131.647     123.557           0.000       0.000              80               0
  103        -158.540     330.981           0.000       0.000             103               0
  118        -265.985    -284.726           0.000       0.000             118               0
   19         119.494      58.268           0.000       0.000              19               0
   72        -201.991    -381.006           0.000       0.000              72               0
  107         160.822    -244.632           0.000       0.000             107               0
  194         456.425    -479.019           0.000       0.000             194               0
  230        -233.115    -281.548           0.000       0.000             230               0
  207        -540.354      47.553           0.000       0.000             207               0
   50        -693.069    -141.734           0.000       0.000              50               0
  177          -8.052    -282.814           0.000       0.000             177               0
  164         -29.119     -70.586           0.000       0.000             164               0
