SINAL     NFT                         FFT                         NFT INVERSA     FFT INVERSA
-----     -----------------------     -----------------------     -----------     -----------
   93        4564.000       0.000           0.000       0.000              93               0
   41         374.000     690.455           0.000      -0.000              41               0
  222         -48.792     -26.165           0.000       0.000             222               0
  247        -188.654    -163.277           0.000      -0.000             247               0
  231        -252.391    -431.526           0.000       0.000             231               0
   96        -643.118     172.373           0.000      -0.000              96               0
   29        -361.497     181.622           0.000       0.000              29               0
    4        -120.600     499.428           0.000      -0.000               4               0
  163         205.002    -259.000           0.000       0.000             163               0
  103         -70.177     452.697           0.000      -0.000             103               0
  140         -57.096     -97.918           0.000       0.000             140               0
   96        -309.037     124.574           0.000      -0.000              96               0
   32         402.391      28.476           0.000       0.000              32               0
  192         -61.579    -111.776           0.000      -0.000             192               0
   46         -92.616     106.295           0.000       0.000              46               0
   13         283.158       7.024           0.000      -0.000              13               0
  185         294.000       0.001           0.000       0.000             185               0
  213         283.155      -7.022           0.000       0.000             213               0
  125         -92.616    -106.299           0.000       0.000             125               0
  113         -61.581     111.772           0.000       0.000             113               0
  131         402.389     -28.472           0.000       0.000             131               0
  183        -309.037    -124.583           0.000       0.000             183               0
  154         -57.097      97.912           0.000       0.000             154               0
  133         -70.166    -452.701           0.000       0.000             133               0
  255         204.995     259.001           0.000       0.000             255               0
  197        -120.593    -499.434           0.000       0.000             197               0
  184        -361.494    -181.627           0.000       0.000             184               0
  200        -643.108    -172.383           0.000       0.000             200               0
  227        -252.388     431.522           0.000       0.000             227               0
  172        -188.643     163.269           0.000       0.000             172               0
  212         -48.772      26.157           0.000       0.000             212               0
  132         374.048    -690.448           0.000       0.000             132               0
