SINAL     NFT                         FFT                         NFT INVERSA     FFT INVERSA
-----     -----------------------     -----------------------     -----------     -----------
  158        3828.000       0.000           0.000       0.000             158               0
   92         648.439     166.657           0.000      -0.000              92               0
  251         463.732    -277.674           0.000       0.000             251               0
  155          20.076      87.141           0.000      -0.000             155               0
  231         211.530     152.952           0.000       0.000             231               0
   14        -251.523     267.083           0.000      -0.000              14               0
  123        -435.151    -178.782           0.000       0.000             123               0
  198        -160.675     276.490           0.000      -0.000             198               0
   19           8.999     122.999           0.000       0.000              19               0
  132        -101.354     254.414           0.000      -0.000             132               0
   36         571.270     -74.899           0.000       0.000              36               0
   30        -132.352      85.059           0.000      -0.000              30               0
   47        -471.536     334.947           0.000       0.000              47               0
  155        -269.976     108.677           0.000      -0.000             155               0
   21         484.144     430.207           0.000       0.000              21               0
   54         207.351     252.141           0.000      -0.000              54               0
  163        -358.000      -0.010           0.000       0.000             163               0
  143         207.360    -252.148           0.000       0.000             143               0
  131         484.150    -430.203           0.000       0.000             131               0
  104        -269.979    -108.687           0.000       0.000             104               0
   95        -471.527    -334.960           0.000       0.000              95               0
   70        -132.343     -85.064           0.000       0.000              70               0
   70         571.272      74.907           0.000       0.000              70               0
  255        -101.349    -254.420           0.000       0.000             255               0
   31           9.003    -123.002           0.000       0.000              31               0
  160        -160.668    -276.494           0.000       0.000             160               0
   59        -435.148     178.771           0.000       0.000              59               0
   58        -251.505    -267.091           0.000       0.000              58               0
  128         211.547    -152.948           0.000       0.000             128               0
  219          20.093     -87.139           0.000       0.000             219               0
  172         463.746     277.682           0.000       0.000             172               0
  254         648.468    -166.646           0.000       0.000             254               0
