SINAL     NFT                         FFT                         NFT INVERSA     FFT INVERSA
-----     -----------------------     -----------------------     -----------     -----------
  117        4084.000       0.000           0.000       0.000             117               0
  180         416.276    -219.728           0.000      -0.000             180               0
  237         -12.890    -160.634           0.000       0.000             237               0
  184        -341.967    -272.697           0.000      -0.000             184               0
  219         -94.995    -295.027           0.000       0.000             219               0
  135        -251.886    -348.806           0.000      -0.000             135               0
  116         155.329     -66.511           0.000       0.000             116               0
  203        -383.751    -144.085           0.000      -0.000             203               0
   92         284.000     -97.998           0.000       0.000              92               0
  125          62.572     278.869           0.000      -0.000             125               0
  109        -114.834    -199.459           0.000       0.000             109               0
  156        -479.446    -106.269           0.000      -0.000             156               0
   62         102.999    -347.025           0.000       0.000              62               0
  100          53.188     141.645           0.000      -0.000             100               0
  114         432.393     102.424           0.000       0.000             114               0
   75         101.011      71.024           0.000      -0.000              75               0
  220        -196.000      -0.003           0.000       0.000             220               0
  134         101.015     -71.024           0.000       0.000             134               0
    9         432.394    -102.416           0.000       0.000               9               0
   87          53.187    -141.642           0.000       0.000              87               0
  108         102.988     347.028           0.000       0.000             108               0
  152        -479.449     106.257           0.000       0.000             152               0
   76        -114.834     199.453           0.000       0.000              76               0
   50          62.581    -278.870           0.000       0.000              50               0
  130         283.999      98.005           0.000       0.000             130               0
  199        -383.753     144.076           0.000       0.000             199               0
   47         155.331      66.514           0.000       0.000              47               0
  232        -251.889     348.800           0.000       0.000             232               0
  166         -94.995     295.021           0.000       0.000             166               0
   94        -341.961     272.684           0.000       0.000              94               0
  122         -12.874     160.627           0.000       0.000             122               0
   34         416.300     219.728           0.000       0.000              34               0
