SINAL     NFT                         FFT                         NFT INVERSA     FFT INVERSA
-----     -----------------------     -----------------------     -----------     -----------
  141        4467.000       0.000           0.000       0.000             141               0
   82         154.086     206.696           0.000      -0.000              82               0
  128          95.774     119.888           0.000       0.000             128               0
   75        -397.434     162.318           0.000      -0.000              75               0
  148        -124.352     -45.673           0.000       0.000             148               0
  204         464.013     170.929           0.000      -0.000             204               0
  221         272.595     615.662           0.000       0.000             221               0
   41         119.159    -122.446           0.000      -0.000              41               0
  144        -318.003     116.997           0.000       0.000             144               0
   35        -283.542     230.721           0.000      -0.000              35               0
  237        -233.703    -152.779           0.000       0.000             237               0
   39         -18.455     283.032           0.000      -0.000              39               0
  142        -193.646    -187.677           0.000       0.000             142               0
   49         310.667     -13.623           0.000      -0.000              49               0
  236        -274.665    -432.552           0.000       0.000             236               0
  142         131.496     519.817           0.000      -0.000             142               0
   81         637.000       0.003           0.000       0.000              81               0
  198         131.501    -519.816           0.000       0.000             198               0
   77        -274.675     432.546           0.000       0.000              77               0
  211         310.665      13.624           0.000       0.000             211               0
  198        -193.652     187.666           0.000       0.000             198               0
   93         -18.450    -283.037           0.000       0.000              93               0
   58        -233.707     152.769           0.000       0.000              58               0
   93        -283.534    -230.732           0.000       0.000              93               0
  113        -317.992    -117.008           0.000       0.000             113               0
  188         119.166     122.442           0.000       0.000             188               0
  240         272.615    -615.660           0.000       0.000             240               0
  212         464.019    -170.919           0.000       0.000             212               0
  150        -124.351      45.670           0.000       0.000             150               0
   50        -397.420    -162.328           0.000       0.000              50               0
  238          95.794    -119.887           0.000       0.000             238               0
  203         154.121    -206.692           0.000       0.000             203               0
