SINAL     NFT                         FFT                         NFT INVERSA     FFT INVERSA
-----     -----------------------     -----------------------     -----------     -----------
   54        3984.000       0.000             nan         nan              54               1
   54         -63.212      74.154          -4.730      -7.715              54             nan
  113         190.830     215.704             nan         nan             113              -0
   94        -332.171      47.004           0.000      -0.000              94             nan
  203        -441.000     213.880             nan         nan             203               0
  228        -438.019     171.472           0.487       6.772             228             nan
   10         -63.515     198.520             nan         nan              10              -0
  102         -25.482     187.802          -2.000      -0.828             102             nan
   63          85.002    -421.001             nan         nan              63               0
  148        -144.556    -349.497           0.268      -1.116             148             nan
  125         112.251     179.093             nan         nan             125              -0
   36        -325.651     -86.883          -0.000       0.000              36             nan
  217        -103.002     259.880             nan         nan             217               0
  123          20.511     250.438          -2.189       2.528             123             nan
  153         228.434    -327.725             nan         nan             153              -0
   99        -259.415    -489.359           0.000       0.000              99               0
  250         862.000       0.012             nan         nan             250               0
   71        -259.429     489.355           0.760      -0.466              71             nan
  168         228.426     327.724             nan         nan             168              -0
   86          20.513    -250.443           0.000       0.000              86             nan
  113        -103.000    -259.882             nan         nan             113               0
  104        -325.653      86.876          -3.620       0.260             104             nan
  194         112.256    -179.089             nan         nan             194              -0
   27        -144.563     349.495          -2.000      -0.828              27             nan
  124          84.994     420.997             nan         nan             124               0
   79         -25.479    -187.810           1.360       0.326              79             nan
  190         -63.513    -198.525             nan         nan             190              -0
   45        -438.014    -171.483          -0.000      -0.000              45             nan
  230        -440.988    -213.889             nan         nan             230               0
  184        -332.156     -47.011          -8.335      -7.217             184             nan
  216         190.851    -215.699             nan         nan             216              -0
   81         -63.184     -74.152           0.000       0.000              81               0
