SINAL     NFT                         FFT                         NFT INVERSA     FFT INVERSA
-----     -----------------------     -----------------------     -----------     -----------
  100        3710.000       0.000           0.000       0.000             100               0
  184         -44.440      90.618           0.000      -0.000             184               0
  134          95.702     185.001           0.000       0.000             134               0
  134         185.024     -66.679           0.000      -0.000             134               0
   49        -486.659    -223.281           0.000       0.000              49               0
   61         512.569    -230.324           0.000      -0.000              61               0
  127         123.105    -206.766           0.000       0.000             127               0
  141        -360.738     264.265           0.000      -0.000             141               0
   54        -454.001      37.996           0.000       0.000              54               0
   24        -465.887    -119.595           0.000      -0.000              24               0
  187         247.540    -387.065           0.000       0.000             187               0
   59         -50.429    -559.746           0.000      -0.000              59               0
  246           2.660     -31.278           0.000       0.000             246               0
  217         506.221    -123.880           0.000      -0.000             217               0
   45        -330.343    -251.300           0.000       0.000              45               0
  111         157.683     -45.021           0.000      -0.000             111               0
   45         214.000       0.004           0.000       0.000              45               0
  124         157.680      45.028           0.000       0.000             124               0
   84        -330.347     251.295           0.000       0.000              84               0
  169         506.220     123.891           0.000       0.000             169               0
  168           2.656      31.281           0.000       0.000             168               0
  118         -50.442     559.745           0.000       0.000             118               0
  150         247.528     387.065           0.000       0.000             150               0
   45        -465.893     119.579           0.000       0.000              45               0
   57        -453.997     -38.012           0.000       0.000              57               0
   54        -360.724    -264.274           0.000       0.000              54               0
  247         123.110     206.769           0.000       0.000             247               0
  216         512.567     230.332           0.000       0.000             216               0
   35        -486.659     223.266           0.000       0.000              35               0
   73         185.034      66.676           0.000       0.000              73               0
  234          95.718    -185.004           0.000       0.000             234               0
   18         -44.414     -90.621           0.000       0.000              18               0
