SINAL     NFT                         FFT                         NFT INVERSA     FFT INVERSA
-----     -----------------------     -----------------------     -----------     -----------
  198        3701.000       0.000             nan         nan             198               1
   38         195.993     123.338          -4.730      -7.715              38             nan
  230          82.039     483.369             nan         nan             230              -0
   55        -106.247     616.278           0.000      -0.000              55             nan
   46         115.959    -630.346             nan         nan              46               0
   49        -222.641    -486.209           0.487       6.772              49             nan
   55          80.484     292.255             nan         nan              55              -0
   55        -366.999    -100.260          -2.000      -0.828              55             nan
  206         221.001    -162.000             nan         nan             206               0
  230        -270.435     -99.674           0.268      -1.116             230             nan
  131         -73.168     156.271             nan         nan             131              -0
  127         317.331      98.424          -0.000       0.000             127             nan
   89         164.042     163.654             nan         nan              89               0
   21         241.114    -190.563          -2.189       2.528              21             nan
   47         578.639     503.390             nan         nan              47              -0
  123         -36.111     -51.556           0.000       0.000             123               0
  229         793.000       0.005             nan         nan             229               0
   52         -36.114      51.547           0.760      -0.466              52             nan
  170         578.648    -503.382             nan         nan             170              -0
   18         241.106     190.565           0.000       0.000              18             nan
  247         164.042    -163.656             nan         nan             247               0
   65         317.328     -98.421          -3.620       0.260              65             nan
   31         -73.171    -156.274             nan         nan              31              -0
   12        -270.438      99.668          -2.000      -0.828              12             nan
   54         220.997     162.001             nan         nan              54               0
  158        -367.000     100.247           1.360       0.326             158             nan
  174          80.493    -292.255             nan         nan             174              -0
  214        -222.647     486.203          -0.000      -0.000             214             nan
  165         115.953     630.337             nan         nan             165               0
  195        -106.225    -616.292          -8.335      -7.217             195             nan
  175          82.063    -483.370             nan         nan             175              -0
   42         196.021    -123.333           0.000       0.000              42               0
