SINAL     NFT                         FFT                         NFT INVERSA     FFT INVERSA
-----     -----------------------     -----------------------     -----------     -----------
  238        4152.000       0.000             nan         nan             238               1
   68         -54.430    -348.551          -4.730      -7.715              68             nan
   99        -157.922     185.892             nan         nan              99              -0
  202         539.139    -153.788           0.000      -0.000             202             nan
   68         103.882     159.591             nan         nan              68               0
  140         251.188    -176.966           0.487       6.772             140             nan
   34        -416.414      65.761             nan         nan              34              -0
  161         592.317     424.828          -2.000      -0.828             161             nan
  246         172.998      97.000             nan         nan             246               0
  137         181.817     364.912           0.268      -1.116             137             nan
  247         130.647     163.036             nan         nan             247              -0
   18         -91.679      24.989          -0.000       0.000              18             nan
  218         306.112     455.590             nan         nan             218               0
  237         132.311    -167.786          -2.189       2.528             237             nan
  232         143.690    -612.834             nan         nan             232              -0
   32        -318.671     135.581           0.000       0.000              32               0
   84         434.000       0.002             nan         nan              84               0
   13        -318.669    -135.590           0.760      -0.466              13             nan
  165         143.680     612.832             nan         nan             165              -0
  115         132.310     167.775           0.000       0.000             115             nan
   77         306.123    -455.594             nan         nan              77               0
  164         -91.677     -24.998          -3.620       0.260             164             nan
  108         130.654    -163.041             nan         nan             108              -0
  175         181.828    -364.914          -2.000      -0.828             175             nan
  151         173.005     -97.001             nan         nan             151               0
   78         592.326    -424.818           1.360       0.326              78             nan
   93        -416.411     -65.769             nan         nan              93              -0
   81         251.191     176.968          -0.000      -0.000              81             nan
  151         103.893    -159.592             nan         nan             151               0
   44         539.142     153.796          -8.335      -7.217              44             nan
   82        -157.909    -185.897             nan         nan              82              -0
  194         -54.411     348.546           0.000       0.000             194               0
