SINAL     NFT                         FFT                         NFT INVERSA     FFT INVERSA
-----     -----------------------     -----------------------     -----------     -----------
  202        3811.000       0.000             nan         nan             202               1
  203         -95.956    -307.792          -4.730      -7.715             203             nan
   17        -195.318    -223.108             nan         nan              17              -0
  185         518.926     197.117           0.000      -0.000             185             nan
   38        -424.294       2.743             nan         nan              38               0
  217         143.146    -206.611           0.487       6.772             217             nan
  131         252.238    -388.435             nan         nan             131              -0
   62         244.085     214.635          -2.000      -0.828              62             nan
  221         367.001    -408.000             nan         nan             221               0
  151        -389.016     -35.723           0.268      -1.116             151             nan
  119         102.409    -459.524             nan         nan             119              -0
  159         590.622      37.066          -0.000       0.000             159             nan
  170         390.293     -93.254             nan         nan             170               0
  236         290.547    -640.028          -2.189       2.528             236             nan
   17         -55.326     -50.195             nan         nan              17              -0
   30         -54.358     121.035           0.000       0.000              30               0
   46        -717.000      -0.008             nan         nan              46               0
  169         -54.350    -121.035           0.760      -0.466             169             nan
   74         -55.320      50.197             nan         nan              74              -0
   94         290.540     640.033           0.000       0.000              94             nan
  236         390.295      93.257             nan         nan             236               0
  196         590.622     -37.055          -3.620       0.260             196             nan
   91         102.395     459.523             nan         nan              91              -0
  210        -389.015      35.710          -2.000      -0.828             210             nan
    1         366.998     408.001             nan         nan               1               0
   17         244.092    -214.635           1.360       0.326              17             nan
   61         252.231     388.436             nan         nan              61              -0
  186         143.141     206.606          -0.000      -0.000             186             nan
   43        -424.289      -2.760             nan         nan              43               0
  147         518.938    -197.111          -8.335      -7.217             147             nan
   80        -195.314     223.100             nan         nan              80              -0
    2         -95.937     307.782           0.000       0.000               2               0
