SINAL     NFT                         FFT                         NFT INVERSA     FFT INVERSA
-----     -----------------------     -----------------------     -----------     -----------
   45        3328.000       0.000             nan         nan              45               1
   56        -217.345    -240.684          -4.730      -7.715              56             nan
  186         117.516     205.611             nan         nan             186              -0
  188          87.049     130.034           0.000      -0.000             188             nan
   21        -147.275    -479.102             nan         nan              21               0
   17        -227.851    -128.413           0.487       6.772              17             nan
  132          18.248     -13.790             nan         nan             132              -0
   52        -507.740      36.151          -2.000      -0.828              52             nan
  144        -289.001     232.999             nan         nan             144               0
  112          25.449     118.495           0.268      -1.116             112             nan
  154         -14.752     174.192             nan         nan             154              -0
  226         205.082     420.131          -0.000       0.000             226             nan
  133         -32.722    -317.103             nan         nan             133               0
   47          81.436    -104.916          -2.189       2.528              47             nan
  122        -213.016     133.591             nan         nan             122              -0
  112         -54.082    -149.837           0.000       0.000             112               0
  121         450.000       0.005             nan         nan             121               0
  160         -54.088     149.834           0.760      -0.466             160             nan
  108        -213.013    -133.597             nan         nan             108              -0
   82          81.435     104.917           0.000       0.000              82             nan
  169         -32.728     317.097             nan         nan             169               0
   30         205.091    -420.132          -3.620       0.260              30             nan
  139         -14.751    -174.193             nan         nan             139              -0
    2          25.448    -118.495          -2.000      -0.828               2             nan
   45        -288.998    -233.004             nan         nan              45               0
   94        -507.736     -36.159           1.360       0.326              94             nan
  137          18.253      13.793             nan         nan             137              -0
   83        -227.849     128.411          -0.000      -0.000              83             nan
  122        -147.277     479.096             nan         nan             122               0
   87          87.061    -130.037          -8.335      -7.217              87             nan
  111         117.530    -205.608             nan         nan             111              -0
   91        -217.328     240.679           0.000       0.000              91               0
