SINAL     NFT                         FFT                         NFT INVERSA     FFT INVERSA
-----     -----------------------     -----------------------     -----------     -----------
  118        4471.000       0.000           0.000       0.000             118               0
  231        -267.652      98.894           0.000      -0.000             231               0
  217         452.457    -563.016           0.000       0.000             217               0
  134         -77.297    -390.205           0.000      -0.000             134               0
  226          97.701      63.962           0.000       0.000             226               0
  141        -131.196    -271.501           0.000      -0.000             141               0
   38        -343.063     134.975           0.000       0.000              38               0
  171        -371.070    -425.318           0.000      -0.000             171               0
  106         520.003    -520.997           0.000       0.000             106               0
   79         220.178    -121.255           0.000      -0.000              79               0
   96         240.159    -172.143           0.000       0.000              96               0
   46        -462.562     164.418           0.000      -0.000              46               0
  110        -101.702      27.962           0.000       0.000             110               0
  165         197.190     414.085           0.000      -0.000             165               0
  181         -57.557      77.860           0.000       0.000             181               0
  189         -83.600     187.317           0.000      -0.000             189               0
  240        -359.000      -0.007           0.000       0.000             240               0
  204         -83.593    -187.323           0.000       0.000             204               0
   44         -57.552     -77.864           0.000       0.000              44               0
  223         197.200    -414.081           0.000       0.000             223               0
  215        -101.702     -27.962           0.000       0.000             215               0
  179        -462.554    -164.425           0.000       0.000             179               0
  144         240.163     172.152           0.000       0.000             144               0
   88         220.179     121.263           0.000       0.000              88               0
  179         519.991     521.008           0.000       0.000             179               0
  239        -371.081     425.305           0.000       0.000             239               0
   18        -343.056    -134.986           0.000       0.000              18               0
   19        -131.193     271.495           0.000       0.000              19               0
   94          97.711     -63.962           0.000       0.000              94               0
  230         -77.293     390.201           0.000       0.000             230               0
   30         452.459     563.017           0.000       0.000              30               0
   77        -267.623     -98.910           0.000       0.000              77               0
