SINAL     NFT                         FFT                         NFT INVERSA     FFT INVERSA
-----     -----------------------     -----------------------     -----------     -----------
  248        4036.000       0.000           0.000       0.000             248               0
   60          73.337    -518.560           0.000      -0.000              60               0
  164         234.191     -10.848           0.000       0.000             164               0
  247        -167.124    -224.353           0.000      -0.000             247               0
   68         407.994     -70.621           0.000       0.000              68               0
  162        -353.282     183.788           0.000      -0.000             162               0
  209         783.457     -34.790           0.000       0.000             209               0
  125        -581.814     318.256           0.000      -0.000             125               0
  113        -294.000     119.997           0.000       0.000             113               0
  103          86.355     -18.012           0.000      -0.000             103               0
  167         341.393      51.177           0.000       0.000             167               0
  207         525.114     357.950           0.000      -0.000             207               0
  166         210.006    -172.624           0.000       0.000             166               0
    8         102.082       5.500           0.000      -0.000               8               0
  128          44.964    -540.882           0.000       0.000             128               0
  161         291.329    -175.132           0.000      -0.000             161               0
  251         492.000       0.005           0.000       0.000             251               0
  253         291.323     175.137           0.000       0.000             253               0
   29          44.951     540.877           0.000       0.000              29               0
   16         102.083      -5.507           0.000       0.000              16               0
   24         210.004     172.619           0.000       0.000              24               0
  112         525.121    -357.947           0.000       0.000             112               0
  159         341.389     -51.175           0.000       0.000             159               0
   89          86.349      18.007           0.000       0.000              89               0
   35        -294.000    -120.010           0.000       0.000              35               0
   75        -581.800    -318.272           0.000       0.000              75               0
  254         783.462      34.803           0.000       0.000             254               0
   11        -353.275    -183.797           0.000       0.000              11               0
   80         408.000      70.629           0.000       0.000              80               0
   53        -167.121     224.346           0.000       0.000              53               0
  169         234.204      10.849           0.000       0.000             169               0
   90          73.352     518.554           0.000       0.000              90               0
