SINAL     NFT                         FFT                         NFT INVERSA     FFT INVERSA
-----     -----------------------     -----------------------     -----------     -----------
  210        4017.000       0.000             nan         nan             210               1
   85         183.338     342.582          -4.730      -7.715              85             nan
   38         -68.572      15.477             nan         nan              38              -0
  101         128.120     407.396           0.000      -0.000             101             nan
   96         605.679      29.154             nan         nan              96               0
  150        -236.369      80.381           0.487       6.772             150             nan
   41         252.918     618.138             nan         nan              41              -0
  130         374.246     116.428          -2.000      -0.828             130             nan
  101         113.998      58.999             nan         nan             101               0
  239        -454.410     338.450           0.268      -1.116             239             nan
  217         285.542    -610.987             nan         nan             217              -0
    4         397.612      63.872          -0.000       0.000               4             nan
   19          92.315     419.152             nan         nan              19               0
   33          15.295     331.018          -2.189       2.528              33             nan
  140          78.111     -53.650             nan         nan             140              -0
   51        -567.843    -303.261           0.000       0.000              51               0
  230         303.000       0.002             nan         nan             230               0
  128        -567.848     303.243           0.760      -0.466             128             nan
  105          78.116      53.641             nan         nan             105              -0
   55          15.306    -331.027           0.000       0.000              55             nan
  246          92.329    -419.154             nan         nan             246               0
   77         397.616     -63.864          -3.620       0.260              77             nan
   98         285.527     610.986             nan         nan              98              -0
  214        -454.401    -338.470          -2.000      -0.828             214             nan
  202         114.007     -59.003             nan         nan             202               0
    9         374.254    -116.428           1.360       0.326               9             nan
  249         252.933    -618.137             nan         nan             249              -0
  149        -236.360     -80.387          -0.000      -0.000             149             nan
   33         605.687     -29.145             nan         nan              33               0
  178         128.134    -407.396          -8.335      -7.217             178             nan
  135         -68.559     -15.479             nan         nan             135              -0
  254         183.372    -342.577           0.000       0.000             254               0
