SINAL     NFT                         FFT                         NFT INVERSA     FFT INVERSA
-----     -----------------------     -----------------------     -----------     -----------
  201        3505.000       0.000             nan         nan             201               1
   85         416.877     279.460          -4.730      -7.715              85             nan
   62        -235.500    -241.404             nan         nan              62              -0
  169        -139.945    -168.137           0.000      -0.000             169             nan
  211          80.520    -102.473             nan         nan             211               0
  120         -92.703    -242.743           0.487       6.772             120             nan
   87         478.919     451.758             nan         nan              87              -0
   70         234.446     206.565          -2.000      -0.828              70             nan
  157         472.998     260.001             nan         nan             157               0
   56         164.138     297.973           0.268      -1.116              56             nan
  152        -207.871     -45.829             nan         nan             152              -0
   34          -7.708    -358.403          -0.000       0.000              34             nan
   34         295.478     167.528             nan         nan              34               0
   43         156.780     -65.050          -2.189       2.528              43             nan
   41        -299.553      61.011             nan         nan              41              -0
  142         -27.889      61.612           0.000       0.000             142               0
  113         349.000       0.001             nan         nan             113               0
   57         -27.891     -61.618           0.760      -0.466              57             nan
   65        -299.550     -61.022             nan         nan              65              -0
   38         156.783      65.049           0.000       0.000              38             nan
  142         295.483    -167.525             nan         nan             142               0
  186          -7.716     358.398          -3.620       0.260             186             nan
  115        -207.868      45.815             nan         nan             115              -0
   68         164.152    -297.977          -2.000      -0.828              68             nan
  223         473.007    -259.996             nan         nan             223               0
   82         234.452    -206.563           1.360       0.326              82             nan
  152         478.928    -451.747             nan         nan             152              -0
  245         -92.708     242.742          -0.000      -0.000             245             nan
  119          80.520     102.473             nan         nan             119               0
   30        -139.943     168.131          -8.335      -7.217              30             nan
   53        -235.490     241.393             nan         nan              53              -0
  153         416.909    -279.457           0.000       0.000             153               0
