SINAL     NFT                         FFT                         NFT INVERSA     FFT INVERSA
-----     -----------------------     -----------------------     -----------     -----------
  181        3719.000       0.000           0.000       0.000             181               0
   28        -195.088     129.889           0.000      -0.000              28               0
  225        -159.778      39.433           0.000       0.000             225               0
   33         -15.473       2.923           0.000      -0.000              33               0
   30         166.636    -395.853           0.000       0.000              30               0
   96         572.255     -33.099           0.000      -0.000              96               0
  125         104.094     -76.646           0.000       0.000             125               0
  191        -260.849      17.063           0.000      -0.000             191               0
   22          83.000     -47.999           0.000       0.000              22               0
  209        -280.978     269.052           0.000      -0.000             209               0
   78          23.626     410.555           0.000       0.000              78               0
   66         334.708    -215.437           0.000      -0.000              66               0
  244        -158.636     226.146           0.000       0.000             244               0
  100         524.063     838.627           0.000      -0.000             100               0
   31          64.054      -9.367           0.000       0.000              31               0
  170         489.351      87.918           0.000      -0.000             170               0
   35        -509.000      -0.010           0.000       0.000              35               0
  224         489.356     -87.917           0.000       0.000             224               0
   62          64.055       9.357           0.000       0.000              62               0
  204         524.079    -838.623           0.000       0.000             204               0
  113        -158.633    -226.149           0.000       0.000             113               0
  163         334.702     215.440           0.000       0.000             163               0
   46          23.631    -410.559           0.000       0.000              46               0
   63        -280.972    -269.058           0.000       0.000              63               0
  186          83.001      48.002           0.000       0.000             186               0
  167        -260.844     -17.069           0.000       0.000             167               0
  171         104.101      76.648           0.000       0.000             171               0
  186         572.259      33.110           0.000       0.000             186               0
   33         166.628     395.853           0.000       0.000              33               0
   94         -15.470      -2.930           0.000       0.000              94               0
   23        -159.768     -39.442           0.000       0.000              23               0
  120        -195.061    -129.897           0.000       0.000             120               0
