SINAL     NFT                         FFT                         NFT INVERSA     FFT INVERSA
-----     -----------------------     -----------------------     -----------     -----------
  176        3964.000       0.000           0.000       0.000             176               0
   49          10.202     246.456           0.000      -0.000              49               0
  188           4.819     -80.252           0.000       0.000             188               0
   41        -580.895     -52.520           0.000      -0.000              41               0
   36         634.918     359.957           0.000       0.000              36               0
  223        -125.072      86.786           0.000      -0.000             223               0
  169         243.265    -286.130           0.000       0.000             169               0
  125        -452.053    -134.410           0.000      -0.000             125               0
  218         232.001    -193.999           0.000       0.000             218               0
    6        -189.059    -367.900           0.000      -0.000               6               0
   67         126.262     400.136           0.000       0.000              67               0
   25          12.952     391.355           0.000      -0.000              25               0
  143         253.080     267.955           0.000       0.000             143               0
   62         655.770      23.165           0.000      -0.000              62               0
   26        -178.351      82.009           0.000       0.000              26               0
  252         124.149     304.073           0.000      -0.000             252               0
  244         124.000      -0.004           0.000       0.000             244               0
  207         124.155    -304.078           0.000       0.000             207               0
   54        -178.346     -82.018           0.000       0.000              54               0
   86         655.773     -23.157           0.000       0.000              86               0
   72         253.082    -267.956           0.000       0.000              72               0
   73          12.958    -391.357           0.000       0.000              73               0
  192         126.268    -400.130           0.000       0.000             192               0
  140        -189.067     367.899           0.000       0.000             140               0
  153         231.997     194.002           0.000       0.000             153               0
  223        -452.054     134.397           0.000       0.000             223               0
  121         243.265     286.129           0.000       0.000             121               0
  101        -125.065     -86.797           0.000       0.000             101               0
   96         634.928    -359.947           0.000       0.000              96               0
  214        -580.892      52.506           0.000       0.000             214               0
   89           4.832      80.247           0.000       0.000              89               0
   93          10.234    -246.458           0.000       0.000              93               0
