SINAL     NFT                         FFT                         NFT INVERSA     FFT INVERSA
-----     -----------------------     -----------------------     -----------     -----------
  112        3250.000       0.000             nan         nan             112               1
  137        -105.929     -83.795          -4.730      -7.715             137             nan
  115         -10.657    -526.678             nan         nan             115              -0
  250        -184.076    -285.565           0.000      -0.000             250             nan
    9         473.183    -501.955             nan         nan               9               0
  169         -23.539     114.006           0.487       6.772             169             nan
  165         102.902     115.887             nan         nan             165              -0
   32         230.378      77.303          -2.000      -0.828              32             nan
   74        -395.000    -163.002             nan         nan              74               0
  153        -463.158     486.202           0.268      -1.116             153             nan
  182         477.784    -314.035             nan         nan             182              -0
   10         554.958     361.961          -0.000       0.000              10             nan
    5          58.813     212.041             nan         nan               5               0
  109        -155.969    -427.337          -2.189       2.528             109             nan
  113         -62.026    -280.603             nan         nan             113              -0
   22        -380.670    -184.614           0.000       0.000              22               0
  178         100.000       0.002             nan         nan             178               0
  192        -380.674     184.608           0.760      -0.466             192             nan
  159         -62.028     280.600             nan         nan             159              -0
   45        -155.973     427.327           0.000       0.000              45             nan
  169          58.825    -212.047             nan         nan             169               0
   24         554.969    -361.951          -3.620       0.260              24             nan
   46         477.773     314.042             nan         nan              46              -0
  229        -463.152    -486.214          -2.000      -0.828             229             nan
   89        -394.999     162.994             nan         nan              89               0
   77         230.386     -77.299           1.360       0.326              77             nan
  240         102.908    -115.885             nan         nan             240              -0
   26         -23.531    -114.003          -0.000      -0.000              26             nan
    4         473.176     501.967             nan         nan               4               0
    8        -184.079     285.559          -8.335      -7.217               8             nan
   15         -10.658     526.672             nan         nan              15              -0
   92        -105.910      83.783           0.000       0.000              92               0
