SINAL     NFT                         FFT                         NFT INVERSA     FFT INVERSA
-----     -----------------------     -----------------------     -----------     -----------
  161        3698.000       0.000             nan         nan             161               1
   84         200.006     190.180          -4.730      -7.715              84             nan
   36        -212.357     -26.017             nan         nan              36              -0
   37        -181.507    -209.326           0.000      -0.000              37             nan
  168          15.192     732.462             nan         nan             168               0
  211          39.141     693.911           0.487       6.772             211             nan
  250           9.838     -94.751             nan         nan             250              -0
   72          89.330    -302.633          -2.000      -0.828              72             nan
   33         -42.998    -369.002             nan         nan              33               0
   87         -87.033    -426.285           0.268      -1.116              87             nan
   81         359.831     341.694             nan         nan              81              -0
   19         191.888    -268.281          -0.000       0.000              19             nan
  203        -481.193     -63.543             nan         nan             203               0
  133         499.250    -366.481          -2.189       2.528             133             nan
   20          10.683     182.424             nan         nan              20              -0
  219         272.929     183.561           0.000       0.000             219               0
   33          88.000      -0.001             nan         nan              33               0
   94         272.932    -183.558           0.760      -0.466              94             nan
  113          10.687    -182.423             nan         nan             113              -0
   63         499.239     366.491           0.000       0.000              63             nan
   93        -481.196      63.530             nan         nan              93               0
   40         191.886     268.280          -3.620       0.260              40             nan
  199         359.838    -341.688             nan         nan             199              -0
  217         -87.044     426.283          -2.000      -0.828             217             nan
  119         -43.005     368.995             nan         nan             119               0
  248          89.326     302.625           1.360       0.326             248             nan
   55           9.838      94.738             nan         nan              55              -0
   34          39.158    -693.921          -0.000      -0.000              34             nan
  115          15.211    -732.461             nan         nan             115               0
  190        -181.505     209.324          -8.335      -7.217             190             nan
  214        -212.343      26.010             nan         nan             214              -0
   57         200.036    -190.177           0.000       0.000              57               0
