SINAL     NFT                         FFT                         NFT INVERSA     FFT INVERSA
-----     -----------------------     -----------------------     -----------     -----------
    3        3175.000       0.000             nan         nan               3               1
  166         106.491     -19.363          -4.730      -7.715             166             nan
   11        -283.036     -30.954             nan         nan              11              -0
  179         179.904      51.618           0.000      -0.000             179             nan
   96         -88.077     -17.760             nan         nan              96               0
   73        -137.399     160.085           0.487       6.772              73             nan
  189        -193.405     596.759             nan         nan             189              -0
   48        -300.451    -482.672          -2.000      -0.828              48             nan
   16        -102.998    -382.000             nan         nan              16               0
  220          -6.836     343.695           0.268      -1.116             220             nan
  194         -55.740     211.589             nan         nan             194              -0
   32         212.120    -770.665          -0.000       0.000              32             nan
  134        -271.922    -451.760             nan         nan             134               0
   27          31.046      52.551          -2.189       2.528              27             nan
   80        -415.823    -316.125             nan         nan              80              -0
  146         -84.877      50.684           0.000       0.000             146               0
    3        -257.000      -0.001             nan         nan               3               0
   86         -84.876     -50.681           0.760      -0.466              86             nan
   31        -415.827     316.120             nan         nan              31              -0
  114          31.051     -52.546           0.000       0.000             114             nan
  131        -271.928     451.759             nan         nan             131               0
  188         212.107     770.664          -3.620       0.260             188             nan
   41         -55.735    -211.598             nan         nan              41              -0
    8          -6.828    -343.694          -2.000      -0.828               8             nan
  227        -103.006     382.000             nan         nan             227               0
  168        -300.459     482.659           1.360       0.326             168             nan
   46        -193.387    -596.769             nan         nan              46              -0
   59        -137.390    -160.087          -0.000      -0.000              59             nan
   68         -88.070      17.759             nan         nan              68               0
  121         179.913     -51.614          -8.335      -7.217             121             nan
  189        -283.026      30.949             nan         nan             189              -0
   81         106.513      19.365           0.000       0.000              81               0
