SINAL     NFT                         FFT                         NFT INVERSA     FFT INVERSA
-----     -----------------------     -----------------------     -----------     -----------
  229        4554.000       0.000             nan         nan             229               1
  116         155.907    -584.413          -4.730      -7.715             116             nan
   38         109.482      89.001             nan         nan              38              -0
  229         202.945     190.898           0.000      -0.000             229             nan
  152         346.045      81.420             nan         nan             152               0
  193          87.459     531.697           0.487       6.772             193             nan
   89         -40.413     589.831             nan         nan              89              -0
  236        -379.475     -31.164          -2.000      -0.828             236             nan
  195         363.999     276.000             nan         nan             195               0
  134         252.694      72.352           0.268      -1.116             134             nan
  203         -46.082    -347.295             nan         nan             203              -0
  243         -92.737      29.225          -0.000       0.000             243             nan
  145         495.955    -276.579             nan         nan             145               0
   60          94.021     172.642          -2.189       2.528              60             nan
  205         101.010    -272.126             nan         nan             205              -0
   67        -472.820    -444.689           0.000       0.000              67               0
  248         418.000       0.005             nan         nan             248               0
   94        -472.829     444.678           0.760      -0.466              94             nan
   94         101.009     272.121             nan         nan              94              -0
  127          94.029    -172.646           0.000       0.000             127             nan
  171         495.950     276.584             nan         nan             171               0
   60         -92.737     -29.233          -3.620       0.260              60             nan
   80         -46.086     347.285             nan         nan              80              -0
    6         252.700     -72.358          -2.000      -0.828               6             nan
  251         364.004    -276.001             nan         nan             251               0
  112        -379.474      31.147           1.360       0.326             112             nan
  106         -40.392    -589.840             nan         nan             106              -0
   48          87.480    -531.696          -0.000      -0.000              48             nan
   34         346.056     -81.413             nan         nan              34               0
  127         202.958    -190.894          -8.335      -7.217             127             nan
  246         109.498     -88.996             nan         nan             246              -0
  216         155.925     584.414           0.000       0.000             216               0
