SINAL     NFT                         FFT                         NFT INVERSA     FFT INVERSA
-----     -----------------------     -----------------------     -----------     -----------
   13        4199.000       0.000           0.000       0.000              13               0
  183        -121.758    -462.876           0.000      -0.000             183               0
  206        -230.487    -691.203           0.000       0.000             206               0
  197         228.330     -49.699           0.000      -0.000             197               0
  183          86.796    -104.764           0.000       0.000             183               0
  139        -443.771     -23.081           0.000      -0.000             139               0
  173         154.466     -17.764           0.000       0.000             173               0
  180        -442.170      15.940           0.000      -0.000             180               0
  209        -375.001     169.998           0.000       0.000             209               0
   70         -51.951      11.966           0.000      -0.000              70               0
  236         -16.978    -510.718           0.000       0.000             236               0
  239        -576.628     247.280           0.000      -0.000             239               0
    3         525.204    -166.760           0.000       0.000               3               0
   92        -539.028     113.242           0.000      -0.000              92               0
  134        -126.995    -348.156           0.000       0.000             134               0
   22         138.967     313.735           0.000      -0.000              22               0
  239        -201.000      -0.003           0.000       0.000             239               0
  163         138.973    -313.730           0.000       0.000             163               0
   26        -127.006     348.155           0.000       0.000              26               0
  232        -539.023    -113.253           0.000       0.000             232               0
   48         525.201     166.771           0.000       0.000              48               0
  249        -576.624    -247.290           0.000       0.000             249               0
  162         -16.986     510.719           0.000       0.000             162               0
  168         -51.951     -11.971           0.000       0.000             168               0
   98        -374.997    -170.007           0.000       0.000              98               0
   62        -442.164     -15.949           0.000       0.000              62               0
  110         154.472      17.768           0.000       0.000             110               0
   50        -443.765      23.074           0.000       0.000              50               0
   19          86.805     104.768           0.000       0.000              19               0
   57         228.337      49.707           0.000       0.000              57               0
  140        -230.490     691.198           0.000       0.000             140               0
   97        -121.739     462.865           0.000       0.000              97               0
