SINAL     NFT                         FFT                         NFT INVERSA     FFT INVERSA
-----     -----------------------     -----------------------     -----------     -----------
  152        3825.000       0.000           0.000       0.000             152               0
  164         486.203     -84.892           0.000      -0.000             164               0
  204          -6.459    -687.940           0.000       0.000             204               0
  239        -226.028     142.590           0.000      -0.000             239               0
  125         -79.613    -502.942           0.000       0.000             125               0
  199         172.645     118.421           0.000      -0.000             199               0
  203        -231.068     -47.452           0.000       0.000             203               0
   62        -250.231     195.403           0.000      -0.000              62               0
  195        -375.996    -589.003           0.000       0.000             195               0
  121         219.947    -293.197           0.000      -0.000             121               0
   37          86.397     228.204           0.000       0.000              37               0
  106         223.167     368.916           0.000      -0.000             106               0
   41         221.616    -380.942           0.000       0.000              41               0
   67         -20.797    -254.630           0.000      -0.000              67               0
   47         -44.868    -276.286           0.000       0.000              47               0
   19         451.090     130.793           0.000      -0.000              19               0
   20        -213.000      -0.003           0.000       0.000              20               0
  228         451.093    -130.783           0.000       0.000             228               0
  153         -44.876     276.287           0.000       0.000             153               0
  203         -20.801     254.628           0.000       0.000             203               0
   53         221.610     380.941           0.000       0.000              53               0
  157         223.174    -368.917           0.000       0.000             157               0
  107          86.400    -228.201           0.000       0.000             107               0
   48         219.937     293.204           0.000       0.000              48               0
   26        -376.011     588.990           0.000       0.000              26               0
  242        -250.225    -195.415           0.000       0.000             242               0
  182        -231.063      47.444           0.000       0.000             182               0
   19         172.654    -118.418           0.000       0.000              19               0
  103         -79.618     502.938           0.000       0.000             103               0
  126        -226.014    -142.598           0.000       0.000             126               0
  158          -6.455     687.935           0.000       0.000             158               0
   19         486.228      84.891           0.000       0.000              19               0
