SINAL     NFT                         FFT                         NFT INVERSA     FFT INVERSA
-----     -----------------------     -----------------------     -----------     -----------
   96        3963.000       0.000             nan         nan              96               1
   21        -627.218    -650.082          -4.730      -7.715              21             nan
   84         321.846     195.078             nan         nan              84              -0
   22          71.936     617.550           0.000      -0.000              22             nan
  103         232.792     328.661             nan         nan             103               0
  195          69.200     355.192           0.487       6.772             195             nan
   23        -605.548      79.936             nan         nan              23              -0
  190         346.366     365.381          -2.000      -0.828             190             nan
  251          40.999    -108.001             nan         nan             251               0
  220        -115.895    -306.973           0.268      -1.116             220             nan
  130        -340.240     166.499             nan         nan             130              -0
   78         155.896    -105.667          -0.000       0.000              78             nan
  220          -4.799     638.661             nan         nan             220               0
  225         340.397     298.104          -2.189       2.528             225             nan
  128        -156.062     -58.366             nan         nan             128              -0
  251         191.307     170.980           0.000       0.000             251               0
   42        -733.000      -0.012             nan         nan              42               0
  229         191.315    -170.982           0.760      -0.466             229             nan
  235        -156.060      58.356             nan         nan             235              -0
  201         340.406    -298.104           0.000       0.000             201             nan
   33          -4.786    -638.662             nan         nan              33               0
  119         155.892     105.672          -3.620       0.260             119             nan
   22        -340.237    -166.506             nan         nan              22              -0
  119        -115.898     306.969          -2.000      -0.828             119             nan
   82          41.002     107.996             nan         nan              82               0
   15         346.374    -365.380           1.360       0.326              15             nan
   22        -605.543     -79.953             nan         nan              22              -0
   46          69.217    -355.194          -0.000      -0.000              46             nan
    1         232.806    -328.658             nan         nan               1               0
  204          71.956    -617.545          -8.335      -7.217             204             nan
  143         321.858    -195.062             nan         nan             143              -0
  213        -627.209     650.072           0.000       0.000             213               0
