SINAL     NFT                         FFT                         NFT INVERSA     FFT INVERSA
-----     -----------------------     -----------------------     -----------     -----------
   67        8115.000       0.000           0.000       0.000              67               1
  194         -37.890    -439.408           6.669     -14.101             194               0
  141         612.073     262.164           0.000       0.000             141              -0
   92         286.563     -91.741         -17.275       4.327              92               0
  248        -369.665    -122.256           0.000       0.000             248               0
   86        -470.604     532.074           6.108       4.530              86              -0
   91         -55.386      62.996           0.000       0.000              91              -0
  193        -189.191    -240.802          -5.062       3.754             193               0
  126          69.410     194.174           0.000       0.000             126               0
  179         -57.654    -918.735           1.326      -1.202             179               0
  241        -419.999     142.060           0.000       0.000             241              -0
   27        -667.936    -374.973          -5.028      -0.746              27               0
   80         457.437      61.317           0.000       0.000              80               0
   34         533.497    -155.457           1.595       2.661              34              -0
  147         -34.087     548.270           0.000       0.000             147              -0
   34         -18.134       2.900           0.000       0.000              34               0
  198        -289.999    -283.005           0.000       0.000             198               0
  109         -46.794      11.271           0.973      -0.348             109               0
   42        -237.910    -365.217           0.000       0.000              42              -0
  141         392.471     -99.878          -2.791      -1.673             141               0
  127         711.355    -492.650           0.000       0.000             127               0
  226        -613.280     181.759           0.316       2.131             226              -0
  190        -624.589    -516.226           0.000       0.000             190              -0
  211        -437.849      68.772          -2.323      -0.345             211               0
  142        -271.412     -59.827           0.000       0.000             142               0
  139        -393.692     167.737           0.812       0.040             139              -0
  187        -748.853     375.774           0.000       0.000             187              -0
   99         315.364    -559.443          -1.605      -2.164              99               0
   15         624.872     -80.215           0.000       0.000              15               0
  157        -676.349    -206.380          -0.454       1.812             157              -0
  235         124.752      23.757           0.000       0.000             235              -0
  146         337.482     148.049           0.000       0.000             146               0
  176         565.000       0.011           0.000       0.000             176               0
  100         337.478    -148.032           0.693       0.328             100              -0
   86         124.737     -23.745           0.000       0.000              86              -0
   72        -676.359     206.357          -0.642      -2.563              72               0
  230         624.870      80.244           0.000       0.000             230               0
  107         315.319     559.449          -1.135       1.530             107              -0
  184        -748.854    -375.814           0.000       0.000             184              -0
  140        -393.686    -167.750          -1.343      -1.811             140               0
    7        -271.415      59.821           0.000       0.000               7               0
  158        -437.846     -68.783           0.569       0.627             158              -0
   27        -624.601     516.201           0.000       0.000              27              -0
  141        -613.245    -181.784           0.447      -3.014             141               0
  119         711.357     492.682           0.000       0.000             119               0
  180         392.467      99.891          -1.973       1.183             180              -0
   29        -237.926     365.201           0.000       0.000              29              -0
   26         -46.789     -11.281          -0.000       0.000              26               0
  218        -290.002     282.984           0.000       0.000             218               0
   55         -18.121      -2.916           0.384       1.073              55              -0
  152         -34.048    -548.275           0.000       0.000             152              -0
   74         533.500     155.483           2.255      -3.763              74               0
    1         457.430     -61.295           0.000       0.000               1               0
   91        -667.957     374.945          -3.555       0.527              91              -0
  181        -419.980    -142.076           0.000       0.000             181              -0
  121         -57.674     918.725           0.729      -4.912             121               0
   28          69.432    -194.187           0.000       0.000              28               0
  117        -189.187     240.782          -0.111       2.269             117              -0
  218         -55.367     -63.015           0.000       0.000             218              -0
  143        -470.557    -532.099           8.638      -6.406             143               0
  243        -369.627     122.241           0.000       0.000             243               0
   97         286.612      91.747         -12.215      -3.060              97               0
  164         612.140    -262.139           0.000       0.000             164              -0
   86         -37.805     439.403           0.000       0.000              86               0
