SINAL     NFT                         FFT                         NFT INVERSA     FFT INVERSA
-----     -----------------------     -----------------------     -----------     -----------
  121        8751.000       0.000           0.000       0.000             121               0
  249         -38.958    -161.941           0.000      -0.000             249               0
   48        -299.390      13.460           0.000       0.000              48               0
  141        -140.396     646.095           0.000      -0.000             141               0
   65         161.318      85.132           0.000       0.000              65               0
  116        -917.130     -69.749           0.000      -0.000             116               0
   59         222.893    -495.700           0.000       0.000              59               0
  206        -423.099     530.440           0.000      -0.000             206               0
  252         282.956    -345.442           0.000       0.000             252               0
   88        1125.755    -241.077           0.000      -0.000              88               0
  171        -597.561   -1193.126           0.000       0.000             171               0
    7         175.148    -200.028           0.000      -0.000               7               0
   70        -142.946    -322.972           0.000       0.000              70               0
  189         320.337    -213.462           0.000      -0.000             189               0
  239         543.125     259.536           0.000       0.000             239               0
  220         275.240     271.553           0.000      -0.000             220               0
  196         -11.003     -90.003           0.000       0.000             196               0
  194        -402.229    -245.382           0.000      -0.000             194               0
  106         742.039    -277.502           0.000       0.000             106               0
  114         604.484     -63.738           0.000      -0.000             114               0
  108        -258.692     153.114           0.000       0.000             108               0
  242        -338.208      55.544           0.000      -0.000             242               0
  223        -582.942    -541.111           0.000       0.000             223               0
   69        -269.259     449.364           0.000      -0.000              69               0
  173         133.052    -299.444           0.000       0.000             173               0
   55        -265.205    -268.967           0.000      -0.000              55               0
   22         406.593    -527.205           0.000       0.000              22               0
  132         297.734    -661.952           0.000      -0.000             132               0
  152         -39.700     -14.773           0.000       0.000             152               0
   87        -993.103     -86.520           0.000      -0.000              87               0
  174         341.270    -383.096           0.000       0.000             174               0
    9        -371.136     388.754           0.000      -0.000               9               0
  206         -89.000      -0.002           0.000       0.000             206               0
  170        -371.116    -388.760           0.000       0.000             170               0
  251         341.251     383.121           0.000       0.000             251               0
  214        -993.103      86.484           0.000       0.000             214               0
  202         -39.680      14.782           0.000       0.000             202               0
   29         297.719     661.972           0.000       0.000              29               0
    0         406.570     527.217           0.000       0.000              -0               0
   76        -265.219     268.946           0.000       0.000              76               0
  113         133.038     299.435           0.000       0.000             113               0
  226        -269.244    -449.381           0.000       0.000             226               0
  129        -582.958     541.083           0.000       0.000             129               0
  243        -338.188     -55.569           0.000       0.000             243               0
  103        -258.658    -153.128           0.000       0.000             103               0
  183         604.506      63.764           0.000       0.000             183               0
   78         742.029     277.531           0.000       0.000              78               0
  218        -402.238     245.357           0.000       0.000             218               0
   34         -10.991      89.991           0.000       0.000              34               0
   66         275.268    -271.548           0.000       0.000              66               0
  223         543.144    -259.508           0.000       0.000             223               0
   96         320.326     213.484           0.000       0.000              96               0
   41        -142.958     322.970           0.000       0.000              41               0
   94         175.143     200.041           0.000       0.000              94               0
  242        -597.592    1193.093           0.000       0.000             242               0
  134        1125.760     241.101           0.000       0.000             134               0
   89         282.933     345.429           0.000       0.000              89               0
  220        -423.076    -530.473           0.000       0.000             220               0
  147         222.877     495.699           0.000       0.000             147               0
  223        -917.116      69.689           0.000       0.000             223               0
  235         161.355     -85.147           0.000       0.000             235               0
   47        -140.335    -646.111           0.000       0.000              47               0
   59        -299.331     -13.473           0.000       0.000              59               0
   63         -38.846     161.933           0.000       0.000              63               0
