SINAL     NFT                         FFT                         NFT INVERSA     FFT INVERSA
-----     -----------------------     -----------------------     -----------     -----------
   38        8008.000       0.000           0.000       0.000              38               0
   79         513.316     -56.453           0.000      -0.000              79               0
  102        -109.895     407.901           0.000       0.000             102               0
  166         -19.192     233.794           0.000      -0.000             166               0
   61        -287.854     671.190           0.000       0.000              61               0
  232       -1162.693    -279.852           0.000      -0.000             232               0
   83        -297.186    -678.362           0.000       0.000              83               0
   71         791.976     216.883           0.000      -0.000              71               0
  181          29.117     191.938           0.000       0.000             181               0
  215         237.193    -654.036           0.000      -0.000             215               0
  168        -242.327     795.601           0.000       0.000             168               0
    1         -28.467      -1.439           0.000      -0.000               1               0
  163        -542.251     597.150           0.000       0.000             163               0
   41          93.998     150.666           0.000      -0.000              41               0
  156         725.193     264.624           0.000       0.000             156               0
  172        -115.173      42.894           0.000      -0.000             172               0
  143        -424.005     155.994           0.000       0.000             143               0
  118          66.616    -151.024           0.000      -0.000             118               0
  228        -573.466     226.053           0.000       0.000             228               0
  148        -614.635     -68.295           0.000      -0.000             148               0
   82           9.551     767.454           0.000       0.000              82               0
   50        -225.353     158.308           0.000      -0.000              50               0
   94         115.949     226.489           0.000       0.000              94               0
  192        -104.924    -354.201           0.000      -0.000             192               0
  130        -313.128     551.929           0.000       0.000             130               0
   93        -106.074    -123.152           0.000      -0.000              93               0
  160         194.810    -526.098           0.000       0.000             160               0
   18         180.219     211.611           0.000      -0.000              18               0
  182        -267.445   -1190.516           0.000       0.000             182               0
  119           2.935       3.451           0.000      -0.000             119               0
  144        -757.081    -397.297           0.000       0.000             144               0
  211         202.251     -49.327           0.000      -0.000             211               0
   56         480.000       0.015           0.000       0.000              56               0
   24         202.234      49.346           0.000       0.000              24               0
   34        -757.103     397.272           0.000       0.000              34               0
  228           2.940      -3.442           0.000       0.000             228               0
   45        -267.489    1190.499           0.000       0.000              45               0
  218         180.234    -211.618           0.000       0.000             218               0
   48         194.785     526.095           0.000       0.000              48               0
    4        -106.085     123.125           0.000       0.000               4               0
   15        -313.106    -551.953           0.000       0.000              15               0
   54        -104.934     354.187           0.000       0.000              54               0
  209         115.958    -226.500           0.000       0.000             209               0
   46        -225.349    -158.332           0.000       0.000              46               0
  240           9.578    -767.456           0.000       0.000             240               0
  241        -614.640      68.273           0.000       0.000             241               0
  201        -573.444    -226.077           0.000       0.000             201               0
  114          66.623     151.025           0.000       0.000             114               0
   69        -423.985    -156.018           0.000       0.000              69               0
   33        -115.148     -42.905           0.000       0.000              33               0
  113         725.216    -264.599           0.000       0.000             113               0
   40          94.000    -150.667           0.000       0.000              40               0
   71        -542.221    -597.172           0.000       0.000              71               0
   49         -28.453       1.441           0.000       0.000              49               0
  166        -242.277    -795.598           0.000       0.000             166               0
  215         237.183     654.058           0.000       0.000             215               0
  252          29.141    -191.938           0.000       0.000             252               0
  215         791.988    -216.839           0.000       0.000             215               0
  243        -297.223     678.353           0.000       0.000             243               0
  141       -1162.688     279.788           0.000       0.000             141               0
  182        -287.784    -671.211           0.000       0.000             182               0
   23         -19.134    -233.792           0.000       0.000              23               0
  185        -109.811    -407.897           0.000       0.000             185               0
  193         513.426      56.486           0.000       0.000             193               0
