SINAL     NFT                         FFT                         NFT INVERSA     FFT INVERSA
-----     -----------------------     -----------------------     -----------     -----------
  221        7857.000       0.000           0.000       0.000             221               1
  109         -21.739       8.663           6.669     -14.101             109               0
  115        -262.149    -368.632           0.000       0.000             115              -0
   37         -58.620      66.949         -17.275       4.327              37               0
   36         715.564      60.041           0.000       0.000              36               0
    0         266.785     896.802           6.108       4.530               0              -0
  252         607.279    -149.394           0.000       0.000             252              -0
   55         624.234     782.638          -5.062       3.754              55               0
  172         213.469     120.306           0.000       0.000             172               0
  139          30.038     114.921           1.326      -1.202             139               0
  132         340.165      87.252           0.000       0.000             132              -0
  143         859.926     411.590          -5.028      -0.746             143               0
  221        -218.512    -338.590           0.000       0.000             221               0
  197        -112.944    -314.606           1.595       2.661             197              -0
   39        -273.430     325.110           0.000       0.000              39              -0
   54         481.553     387.215           0.000       0.000              54               0
  193        -231.007     165.993           0.000       0.000             193               0
  204        -674.461    -420.199           0.973      -0.348             204               0
  106         142.968      60.731           0.000       0.000             106              -0
  109         -77.253     935.757          -2.791      -1.673             109               0
   71         -50.810    -323.742           0.000       0.000              71               0
  117         678.468     581.622           0.316       2.131             117              -0
  164        -517.182    -791.243           0.000       0.000             164              -0
   61         732.270     352.768          -2.323      -0.345              61               0
  176         278.527    -377.693           0.000       0.000             176               0
  132        -392.401     118.485           0.812       0.040             132              -0
   32         -54.552    -320.607           0.000       0.000              32              -0
  157         178.954    -202.073          -1.605      -2.164             157               0
   41         273.740     890.895           0.000       0.000              41               0
   39        -466.348     897.108          -0.454       1.812              39              -0
  204          32.906     266.245           0.000       0.000             204              -0
    9         127.452     459.992           0.000       0.000               9               0
   85         -59.000      -0.020           0.000       0.000              85               0
  245         127.472    -460.018           0.693       0.328             245              -0
  165          32.913    -266.271           0.000       0.000             165              -0
  184        -466.305    -897.146          -0.642      -2.563             184               0
  252         273.787    -890.878           0.000       0.000             252               0
   30         178.946     202.091          -1.135       1.530              30              -0
   21         -54.567     320.600           0.000       0.000              21              -0
  237        -392.385    -118.509          -1.343      -1.811             237               0
   55         278.527     377.694           0.000       0.000              55               0
   37         732.284    -352.746           0.569       0.627              37              -0
   93        -517.213     791.205           0.000       0.000              93              -0
  196         678.497    -581.614           0.447      -3.014             196               0
   30         -50.829     323.720           0.000       0.000              30               0
  245         -77.213    -935.774          -1.973       1.183             245              -0
  205         142.967     -60.722           0.000       0.000             205              -0
  185        -674.474     420.162          -0.000       0.000             185               0
  111        -230.979    -166.021           0.000       0.000             111               0
    7         481.582    -387.206           0.384       1.073               7              -0
  254        -273.407    -325.122           0.000       0.000             254              -0
  113        -112.938     314.599           2.255      -3.763             113               0
  140        -218.496     338.563           0.000       0.000             140               0
  128         859.968    -411.572          -3.555       0.527             128              -0
  105         340.179     -87.248           0.000       0.000             105              -0
  122          30.059    -114.933           0.729      -4.912             122               0
   27         213.499    -120.313           0.000       0.000              27               0
  109         624.289    -782.619          -0.111       2.269             109              -0
   11         607.286     149.414           0.000       0.000              11              -0
  149         266.838    -896.792           8.638      -6.406             149               0
    3         715.579     -60.000           0.000       0.000               3               0
  158         -58.601     -66.943         -12.215      -3.060             158               0
  167        -262.119     368.622           0.000       0.000             167              -0
  251         -21.635      -8.669           0.000       0.000             251               0
