SINAL     NFT                         FFT                         NFT INVERSA     FFT INVERSA
-----     -----------------------     -----------------------     -----------     -----------
   94        6886.000       0.000           0.000       0.000              94               0
  188         221.058      34.814           0.000      -0.000             188               0
   36        -353.956    -606.888           0.000       0.000              36               0
   80           4.154     -29.419           0.000      -0.000              80               0
   40        -350.339     532.299           0.000       0.000              40               0
   99         225.753     689.377           0.000      -0.000              99               0
   53         106.957     391.388           0.000       0.000              53               0
  111         768.529    -167.243           0.000      -0.000             111               0
  199        -116.270     -44.463           0.000       0.000             199               0
  204         -45.462    -478.745           0.000      -0.000             204               0
  250         -54.897     304.773           0.000       0.000             250               0
  179        -274.862    -146.022           0.000      -0.000             179               0
   80         338.529    -316.852           0.000       0.000              80               0
  188        -266.069     897.638           0.000      -0.000             188               0
    8         283.186    -224.721           0.000       0.000               8               0
  164        -653.552    -439.013           0.000      -0.000             164               0
   18        -103.993    -520.003           0.000       0.000              18               0
   25          31.486     -86.511           0.000      -0.000              25               0
  252          50.280    -559.014           0.000       0.000             252               0
   69          29.155    -827.605           0.000      -0.000              69               0
   69         572.725     341.278           0.000       0.000              69               0
   58          26.908    -134.747           0.000      -0.000              58               0
   92         227.225    -111.479           0.000       0.000              92               0
  167        -512.689      37.089           0.000      -0.000             167               0
   59          56.267     191.539           0.000       0.000              59               0
   94         679.208      99.924           0.000      -0.000              94               0
   60         174.184    -866.618           0.000       0.000              60               0
   73        -324.177      90.236           0.000      -0.000              73               0
  209         215.057     694.427           0.000       0.000             209               0
   70        -918.386     391.801           0.000      -0.000              70               0
   63        -136.958    -766.944           0.000       0.000              63               0
    2        -255.080    -208.462           0.000      -0.000               2               0
  173        -158.000       0.001           0.000       0.000             173               0
   29        -255.088     208.459           0.000       0.000              29               0
   32        -136.993     766.928           0.000       0.000              32               0
   71        -918.358    -391.857           0.000       0.000              71               0
   80         215.104    -694.415           0.000       0.000              80               0
  219        -324.158     -90.232           0.000       0.000             219               0
  217         174.167     866.628           0.000       0.000             217               0
   97         679.218     -99.906           0.000       0.000              97               0
   16          56.268    -191.538           0.000       0.000              16               0
  176        -512.681     -37.107           0.000       0.000             176               0
   29         227.233     111.492           0.000       0.000              29               0
  191          26.913     134.748           0.000       0.000             191               0
  156         572.743    -341.243           0.000       0.000             156               0
  184          29.116     827.617           0.000       0.000             184               0
   48          50.255     559.008           0.000       0.000              48               0
  110          31.479      86.505           0.000       0.000             110               0
  212        -104.020     519.991           0.000       0.000             212               0
   97        -653.562     438.968           0.000       0.000              97               0
  123         283.189     224.705           0.000       0.000             123               0
   17        -266.021    -897.660           0.000       0.000              17               0
  164         338.525     316.867           0.000       0.000             164               0
   17        -274.861     146.000           0.000       0.000              17               0
  207         -54.871    -304.780           0.000       0.000             207               0
   13         -45.467     478.737           0.000       0.000              13               0
   29        -116.248      44.443           0.000       0.000              29               0
  141         768.538     167.255           0.000       0.000             141               0
  144         106.980    -391.404           0.000       0.000             144               0
   75         225.789    -689.375           0.000       0.000              75               0
   32        -350.301    -532.305           0.000       0.000              32               0
  232           4.181      29.433           0.000       0.000             232               0
  120        -353.933     606.873           0.000       0.000             120               0
   82         221.156     -34.814           0.000       0.000              82               0
