SINAL     NFT                         FFT                         NFT INVERSA     FFT INVERSA
-----     -----------------------     -----------------------     -----------     -----------
   13        8288.000       0.000           0.000       0.000              13               0
  155         -54.080    -649.063           0.000      -0.000             155               0
  230         372.953     131.416           0.000       0.000             230               0
   36        -265.754     182.957           0.000      -0.000              36               0
   47        -324.801     395.781           0.000       0.000              47               0
  159         301.839     247.081           0.000      -0.000             159               0
  191        -411.053    -584.447           0.000       0.000             191               0
  229        -166.248     348.023           0.000      -0.000             229               0
   40         -54.969     355.101           0.000       0.000              40               0
   96          77.477    -267.947           0.000      -0.000              96               0
  223         166.051    -349.828           0.000       0.000             223               0
   92         146.758     -85.871           0.000      -0.000              92               0
  174         285.678    -735.466           0.000       0.000             174               0
  164         440.392     -20.106           0.000      -0.000             164               0
  211        -264.322    -165.458           0.000       0.000             211               0
  215        -487.231     -69.530           0.000      -0.000             215               0
   51        -684.000    -152.004           0.000       0.000              51               0
  250         -81.067      -9.089           0.000      -0.000             250               0
    3        -123.832     920.284           0.000       0.000               3               0
   35        -139.307     617.279           0.000      -0.000              35               0
  189        -581.645    -304.867           0.000       0.000             189               0
   29        -540.009    -373.008           0.000      -0.000              29               0
  165         -38.865     509.259           0.000       0.000             165               0
  225          68.832    -437.240           0.000      -0.000             225               0
  170        -977.032     103.094           0.000       0.000             170               0
  146         779.878    1001.005           0.000      -0.000             146               0
  238         -33.461     935.105           0.000       0.000             238               0
   72        -194.741      36.774           0.000      -0.000              72               0
  248       -1091.218    -549.632           0.000       0.000             248               0
  102         259.541     -46.596           0.000      -0.000             102               0
   96         116.484      13.625           0.000       0.000              96               0
  168        -434.307    -214.170           0.000      -0.000             168               0
   31         408.000       0.009           0.000       0.000              31               0
  183        -434.319     214.149           0.000       0.000             183               0
  194         116.486     -13.626           0.000       0.000             194               0
  113         259.525      46.604           0.000       0.000             113               0
  155       -1091.245     549.572           0.000       0.000             155               0
   91        -194.726     -36.811           0.000       0.000              91               0
  219         -33.409    -935.125           0.000       0.000             219               0
  116         779.912   -1000.964           0.000       0.000             116               0
  115        -977.036    -103.116           0.000       0.000             115               0
   29          68.820     437.247           0.000       0.000              29               0
   93         -38.849    -509.258           0.000       0.000              93               0
   76        -540.027     372.991           0.000       0.000              76               0
  163        -581.649     304.830           0.000       0.000             163               0
   56        -139.269    -617.298           0.000       0.000              56               0
  216        -123.785    -920.278           0.000       0.000             216               0
   14         -81.065       9.107           0.000       0.000              14               0
   20        -683.999     151.988           0.000       0.000              20               0
  222        -487.211      69.519           0.000       0.000             222               0
   26        -264.298     165.455           0.000       0.000              26               0
   72         440.417      20.136           0.000       0.000              72               0
   24         285.661     735.481           0.000       0.000              24               0
  223         146.765      85.872           0.000       0.000             223               0
  139         166.045     349.830           0.000       0.000             139               0
   23          77.473     267.936           0.000       0.000              23               0
  218         -54.947    -355.114           0.000       0.000             218               0
   24        -166.223    -348.026           0.000       0.000              24               0
  188        -411.055     584.427           0.000       0.000             188               0
  207         301.874    -247.081           0.000       0.000             207               0
  174        -324.759    -395.796           0.000       0.000             174               0
  117        -265.701    -182.962           0.000       0.000             117               0
   84         373.018    -131.389           0.000       0.000              84               0
  201         -53.999     649.062           0.000       0.000             201               0
