SINAL     NFT                         FFT                         NFT INVERSA     FFT INVERSA
-----     -----------------------     -----------------------     -----------     -----------
  199        7730.000       0.000           0.000       0.000             199               1
  199        -560.109     -60.373           6.669     -14.101             199               0
  135        -106.482      69.035           0.000       0.000             135              -0
  243         122.217    -155.713         -17.275       4.327             243               0
   27          97.715   -1064.458           0.000       0.000              27               0
   34         354.350    -283.156           6.108       4.530              34              -0
  185        -396.038     -19.806           0.000       0.000             185              -0
   80         909.561      14.469          -5.062       3.754              80               0
  200          45.741    -739.695           0.000       0.000             200               0
   28         270.556     -11.653           1.326      -1.202              28               0
   99        -137.540    -510.223           0.000       0.000              99              -0
  143         -18.558    -396.397          -5.028      -0.746             143               0
   30         -80.518    -438.989           0.000       0.000              30               0
   33         591.066    -596.195           1.595       2.661              33              -0
   78          29.160    -233.375           0.000       0.000              78              -0
  100        -327.223     567.879           0.000       0.000             100               0
  248         488.992     665.003           0.000       0.000             248               0
   92        -443.962     -39.374           0.973      -0.348              92               0
  146         168.195       9.550           0.000       0.000             146              -0
  243         400.919    -568.517          -2.791      -1.673             243               0
  159         393.633     590.380           0.000       0.000             159               0
  165         455.056      94.081           0.316       2.131             165              -0
   71        -346.857      16.221           0.000       0.000              71              -0
   23         443.345     396.404          -2.323      -0.345              23               0
  178         754.259    -333.692           0.000       0.000             178               0
  236        -800.655    -622.118           0.812       0.040             236              -0
   13         456.604   -1155.161           0.000       0.000              13              -0
  242        -154.925     331.484          -1.605      -2.164             242               0
  218        -126.834    -111.096           0.000       0.000             218               0
   73        -236.859    -259.842          -0.454       1.812              73              -0
  102        -147.031     418.146           0.000       0.000             102              -0
   20          19.225    -336.211           0.000       0.000              20               0
  135         772.000       0.018           0.000       0.000             135               0
   52          19.199     336.208           0.693       0.328              52              -0
  164        -147.020    -418.153           0.000       0.000             164              -0
  253        -236.870     259.837          -0.642      -2.563             253               0
  162        -126.833     111.089           0.000       0.000             162               0
  180        -154.901    -331.479          -1.135       1.530             180              -0
  134         456.558    1155.186           0.000       0.000             134              -0
   91        -800.668     622.066          -1.343      -1.811              91               0
  239         754.264     333.697           0.000       0.000             239               0
   17         443.360    -396.406           0.569       0.627              17              -0
  180        -346.851     -16.247           0.000       0.000             180              -0
    8         455.072     -94.076           0.447      -3.014               8               0
  136         393.661    -590.365           0.000       0.000             136               0
  133         400.892     568.532          -1.973       1.183             133              -0
   21         168.187      -9.557           0.000       0.000              21              -0
  173        -443.960      39.339          -0.000       0.000             173               0
  146         489.024    -664.991           0.000       0.000             146               0
   83        -327.197    -567.880           0.384       1.073              83              -0
  221          29.165     233.394           0.000       0.000             221              -0
  145         591.046     596.227           2.255      -3.763             145               0
  135         -80.537     438.984           0.000       0.000             135               0
   18         -18.568     396.391          -3.555       0.527              18              -0
  235        -137.548     510.206           0.000       0.000             235              -0
  202         270.571      11.655           0.729      -4.912             202               0
   40          45.728     739.684           0.000       0.000              40               0
   61         909.568     -14.450          -0.111       2.269              61              -0
   84        -396.032      19.781           0.000       0.000              84              -0
   74         354.355     283.167           8.638      -6.406              74               0
  118          97.687    1064.442           0.000       0.000             118               0
    3         122.233     155.684         -12.215      -3.060               3               0
   13        -106.442     -69.066           0.000       0.000              13              -0
   32        -560.013      60.326           0.000       0.000              32               0
