SINAL     NFT                         FFT                         NFT INVERSA     FFT INVERSA
-----     -----------------------     -----------------------     -----------     -----------
  145        8181.000       0.000           0.000       0.000             145               1
  102         567.819    -831.909           6.669     -14.101             102               0
   95        -194.582     580.596           0.000       0.000              95              -0
   22        -592.293    -354.765         -17.275       4.327              22               0
  207        -422.599     105.986           0.000       0.000             207               0
  151         -95.714     239.995           6.108       4.530             151              -0
  105          25.289     382.174           0.000       0.000             105              -0
  248        -307.424     648.777          -5.062       3.754             248               0
  176          75.649    -277.859           0.000       0.000             176               0
  191         -50.751     328.848           1.326      -1.202             191               0
  193        -852.920   -1175.972           0.000       0.000             193              -0
  248        -236.421     608.119          -5.028      -0.746             248               0
   56        1161.972    -786.452           0.000       0.000              56               0
  110         306.358    -180.148           1.595       2.661             110              -0
   79         306.529    -316.678           0.000       0.000              79              -0
  219         311.324     823.082           0.000       0.000             219               0
  222         -24.001    -113.004           0.000       0.000             222               0
  168         115.830    -119.568           0.973      -0.348             168               0
   67         500.913    -435.688           0.000       0.000              67              -0
   11         415.954     -87.566          -2.791      -1.673              11               0
  202        -234.625      86.107           0.000       0.000             202               0
  163        -188.256    -566.653           0.316       2.131             163              -0
  249        -396.214     384.845           0.000       0.000             249              -0
  156         153.062    -109.901          -2.323      -0.345             156               0
    2           6.352     -31.852           0.000       0.000               2               0
  245         179.112     996.737           0.812       0.040             245              -0
   78         -52.969     -84.674           0.000       0.000              78              -0
  245        -400.407    -142.749          -1.605      -2.164             245               0
  240         883.235     978.571           0.000       0.000             240               0
  111          17.723     214.695          -0.454       1.812             111              -0
   32        -136.053     169.918           0.000       0.000              32              -0
    1        -259.948    -503.005           0.000       0.000               1               0
  149         -65.000      -0.003           0.000       0.000             149               0
  202        -259.966     502.979           0.693       0.328             202              -0
  246        -136.037    -169.948           0.000       0.000             246              -0
    5          17.746    -214.716          -0.642      -2.563               5               0
   15         883.275    -978.540           0.000       0.000              15               0
   42        -400.421     142.735          -1.135       1.530              42              -0
   78         -52.967      84.658           0.000       0.000              78              -0
   21         179.156    -996.732          -1.343      -1.811              21               0
  103           6.351      31.863           0.000       0.000             103               0
  121         153.054     109.909           0.569       0.627             121              -0
   62        -396.198    -384.855           0.000       0.000              62              -0
  162        -188.270     566.649           0.447      -3.014             162               0
   11        -234.603     -86.120           0.000       0.000              11               0
    1         415.969      87.585          -1.973       1.183               1              -0
  150         500.901     435.704           0.000       0.000             150              -0
   50         115.826     119.561          -0.000       0.000              50               0
  172         -23.998     112.987           0.000       0.000             172               0
   36         311.368    -823.070           0.384       1.073              36              -0
  246         306.522     316.700           0.000       0.000             246              -0
  102         306.358     180.164           2.255      -3.763             102               0
   70        1161.927     786.489           0.000       0.000              70               0
  205        -236.422    -608.135          -3.555       0.527             205              -0
  243        -852.971    1175.925           0.000       0.000             243              -0
  168         -50.725    -328.875           0.729      -4.912             168               0
   60          75.644     277.840           0.000       0.000              60               0
   61        -307.387    -648.809          -0.111       2.269              61              -0
   95          25.319    -382.178           0.000       0.000              95              -0
  250         -95.691    -239.999           8.638      -6.406             250               0
  187        -422.574    -106.001           0.000       0.000             187               0
  209        -592.265     354.735         -12.215      -3.060             209               0
   23        -194.486    -580.603           0.000       0.000              23              -0
   97         567.901     831.931           0.000       0.000              97               0
