SINAL     NFT                         FFT                         NFT INVERSA     FFT INVERSA
-----     -----------------------     -----------------------     -----------     -----------
  105        8669.000       0.000           0.000       0.000             105               1
  159         -15.957    -363.948           6.669     -14.101             159               0
    7          39.548    -234.969           0.000       0.000               7              -0
  253         504.567     484.856         -17.275       4.327             253               0
  223         -62.641     126.878           0.000       0.000             223               0
   28         262.198     600.738           6.108       4.530              28              -0
   73         -72.168     724.942           0.000       0.000              73              -0
   85        -480.134    -720.826          -5.062       3.754              85               0
  199        -223.471    -447.585           0.000       0.000             199               0
  113        -152.728    -298.675           1.326      -1.202             113               0
  153        -327.855     403.733           0.000       0.000             153              -0
  244         282.690     700.509          -5.028      -0.746             244               0
  238        -752.337     166.356           0.000       0.000             238               0
   65         -27.226     -72.380           1.595       2.661              65              -0
   63        -206.204     -48.128           0.000       0.000              63              -0
  147         -37.841    1363.967           0.000       0.000             147               0
  134         -37.994    -275.009           0.000       0.000             134               0
  226         917.839    -109.311           0.973      -0.348             226               0
   53        -181.685    -657.249           0.000       0.000              53              -0
  211         604.983     253.933          -2.791      -1.673             211               0
  205        -244.833    -469.228           0.000       0.000             205               0
  139        -109.440      27.243           0.316       2.131             139              -0
  139          29.710    -240.308           0.000       0.000             139              -0
  207         -73.375    -575.205          -2.323      -0.345             207               0
  151          49.487   -1041.582           0.000       0.000             151               0
  121         -88.718    -315.404           0.812       0.040             121              -0
   65         655.940    -123.566           0.000       0.000              65              -0
  106        -268.244      62.953          -1.605      -2.164             106               0
   49        -264.189    -388.706           0.000       0.000              49               0
  216          16.566     500.685          -0.454       1.812             216              -0
  253        -169.309     695.418           0.000       0.000             253              -0
    3        -183.227      14.730           0.000       0.000               3               0
   33        -717.000      -0.020           0.000       0.000              33               0
  199        -183.217     -14.751           0.693       0.328             199              -0
  143        -169.272    -695.429           0.000       0.000             143              -0
   94          16.593    -500.669          -0.642      -2.563              94               0
   65        -264.198     388.708           0.000       0.000              65               0
  252        -268.224     -62.957          -1.135       1.530             252              -0
  144         655.944     123.606           0.000       0.000             144              -0
  137         -88.731     315.416          -1.343      -1.811             137               0
  228          49.446    1041.586           0.000       0.000             228               0
  206         -73.396     575.187           0.569       0.627             206              -0
  181          29.704     240.291           0.000       0.000             181              -0
   25        -109.433     -27.259           0.447      -3.014              25               0
  106        -244.838     469.204           0.000       0.000             106               0
   84         605.004    -253.918          -1.973       1.183              84              -0
  191        -181.704     657.229           0.000       0.000             191              -0
   73         917.836     109.325          -0.000       0.000              73               0
   33         -38.017     274.974           0.000       0.000              33               0
  191         -37.790   -1363.985           0.384       1.073             191              -0
  182        -206.208      48.123           0.000       0.000             182              -0
  234         -27.232      72.371           2.255      -3.763             234               0
   36        -752.322    -166.401           0.000       0.000              36               0
   42         282.731    -700.502          -3.555       0.527              42              -0
   59        -327.831    -403.735           0.000       0.000              59              -0
   16        -152.727     298.680           0.729      -4.912              16               0
   58        -223.476     447.575           0.000       0.000              58               0
  242        -480.140     720.783          -0.111       2.269             242              -0
   71         -72.104    -724.969           0.000       0.000              71              -0
  249         262.255    -600.729           8.638      -6.406             249               0
  106         -62.599    -126.879           0.000       0.000             106               0
  201         504.629    -484.827         -12.215      -3.060             201               0
  230          39.592     234.982           0.000       0.000             230              -0
  125         -15.859     363.946           0.000       0.000             125               0
