SINAL     NFT                         FFT                         NFT INVERSA     FFT INVERSA
-----     -----------------------     -----------------------     -----------     -----------
   28        8400.000       0.000           0.000       0.000              28               0
  255         -71.294    -121.069           0.000      -0.000             255               0
   88          82.311     582.458           0.000       0.000              88               0
  164         564.418     248.724           0.000      -0.000             164               0
  179         194.282    -459.588           0.000       0.000             179               0
  125         137.071    -158.385           0.000      -0.000             125               0
  211        -153.518    -432.808           0.000       0.000             211               0
   32        -149.943     170.819           0.000      -0.000              32               0
    4          25.449     166.184           0.000       0.000               4               0
   21        -161.457     -98.960           0.000      -0.000              21               0
   94        -830.734     683.334           0.000       0.000              94               0
  213         401.739     503.088           0.000      -0.000             213               0
   86         604.177    -204.437           0.000       0.000              86               0
   52          85.273    -443.637           0.000      -0.000              52               0
   22        -819.864     -90.887           0.000       0.000              22               0
  212           1.866     202.493           0.000      -0.000             212               0
  212        -624.004      63.990           0.000       0.000             212               0
  246        -619.164      24.175           0.000      -0.000             246               0
  154        -374.055    -967.622           0.000       0.000             154               0
   19         419.935   -1004.615           0.000      -0.000              19               0
  162         789.173     175.582           0.000       0.000             162               0
  148        -134.630     133.016           0.000      -0.000             148               0
  246         260.320    -122.052           0.000       0.000             246               0
  210         307.576      63.791           0.000      -0.000             210               0
   96        -701.460     -89.827           0.000       0.000              96               0
  240        -469.092      49.332           0.000      -0.000             240               0
  113         211.092    -823.457           0.000       0.000             113               0
   61        -961.690     579.448           0.000      -0.000              61               0
  153        -503.640     116.407           0.000       0.000             153               0
   83        -117.797     -97.132           0.000      -0.000              83               0
  239         208.441     552.465           0.000       0.000             239               0
    9       -1136.842    -324.408           0.000      -0.000               9               0
  147         464.000       0.011           0.000       0.000             147               0
   59       -1136.855     324.355           0.000       0.000              59               0
  189         208.475    -552.459           0.000       0.000             189               0
  155        -117.806      97.132           0.000       0.000             155               0
  152        -503.639    -116.428           0.000       0.000             152               0
   91        -961.653    -579.474           0.000       0.000              91               0
  214         211.072     823.477           0.000       0.000             214               0
   44        -469.084     -49.355           0.000       0.000              44               0
  151        -701.441      89.798           0.000       0.000             151               0
   57         307.605     -63.776           0.000       0.000              57               0
  216         260.328     122.066           0.000       0.000             216               0
    3        -134.609    -133.017           0.000       0.000               3               0
  255         789.189    -175.531           0.000       0.000             255               0
   67         419.879    1004.646           0.000       0.000              67               0
    1        -374.111     967.592           0.000       0.000               1               0
  237        -619.165     -24.223           0.000       0.000             237               0
  140        -623.989     -64.029           0.000       0.000             140               0
   77           1.887    -202.498           0.000       0.000              77               0
  103        -819.848      90.852           0.000       0.000             103               0
  188          85.286     443.632           0.000       0.000             188               0
   92         604.186     204.442           0.000       0.000              92               0
   50         401.758    -503.089           0.000       0.000              50               0
  228        -830.699    -683.368           0.000       0.000             228               0
  237        -161.438      98.959           0.000       0.000             237               0
    5          25.478    -166.181           0.000       0.000               5               0
  136        -149.914    -170.816           0.000       0.000             136               0
  243        -153.506     432.807           0.000       0.000             243               0
   63         137.099     158.388           0.000       0.000              63               0
   42         194.301     459.585           0.000       0.000              42               0
  245         564.467    -248.717           0.000       0.000             245               0
  167          82.384    -582.455           0.000       0.000             167               0
  169         -71.190     121.072           0.000       0.000             169               0
