SINAL     NFT                         FFT                         NFT INVERSA     FFT INVERSA
-----     -----------------------     -----------------------     -----------     -----------
  219        7503.000       0.000           0.000       0.000             219               0
   68        -180.866     279.379           0.000      -0.000              68               0
  179         378.086     150.039           0.000       0.000             179               0
  114        -383.893    -175.956           0.000      -0.000             114               0
   46         -82.223    -401.222           0.000       0.000              46               0
  132         623.205     -29.066           0.000      -0.000             132               0
  120         524.105    -182.019           0.000       0.000             120               0
   90         522.922     177.879           0.000      -0.000              90               0
  109         -52.290      77.271           0.000       0.000             109               0
   35        -262.188     293.149           0.000      -0.000              35               0
  206         189.529     188.051           0.000       0.000             206               0
   50        -243.969    -168.488           0.000      -0.000              50               0
  234         954.810    -631.836           0.000       0.000             234               0
  106         275.890     179.966           0.000      -0.000             106               0
   15        -554.589     854.085           0.000       0.000              15               0
   14        -310.901    -425.830           0.000      -0.000              14               0
  205         174.996     344.000           0.000       0.000             205               0
   27        -293.902    -235.216           0.000      -0.000              27               0
   43         -46.888    -293.500           0.000       0.000              43               0
  206        -438.028     475.961           0.000      -0.000             206               0
    2         864.755      32.321           0.000       0.000               2               0
   94         562.767    -248.185           0.000      -0.000              94               0
  223         239.057    -281.997           0.000       0.000             223               0
   17          35.664    1794.026           0.000      -0.000              17               0
  129         482.285    -102.730           0.000       0.000             129               0
  127        -240.322     459.910           0.000      -0.000             127               0
  161         325.973     214.636           0.000       0.000             161               0
  223         141.855    -223.349           0.000      -0.000             223               0
   98         238.670    -477.064           0.000       0.000              98               0
   37        -365.295     401.554           0.000      -0.000              37               0
  178        -223.290     189.155           0.000       0.000             178               0
   39          -2.997     303.231           0.000      -0.000              39               0
  254         807.000       0.004           0.000       0.000             254               0
  141          -2.997    -303.252           0.000       0.000             141               0
   34        -223.287    -189.179           0.000       0.000              34               0
  231        -365.271    -401.575           0.000       0.000             231               0
  166         238.661     477.066           0.000       0.000             166               0
   66         141.852     223.331           0.000       0.000              66               0
  171         325.984    -214.649           0.000       0.000             171               0
  208        -240.297    -459.939           0.000       0.000             208               0
   85         482.289     102.724           0.000       0.000              85               0
   53          35.743   -1794.029           0.000       0.000              53               0
   23         239.054     282.023           0.000       0.000              23               0
  157         562.762     248.205           0.000       0.000             157               0
  223         864.742     -32.295           0.000       0.000             223               0
   22        -438.024    -475.981           0.000       0.000              22               0
   61         -46.904     293.498           0.000       0.000              61               0
   46        -293.909     235.191           0.000       0.000              46               0
  164         175.013    -344.001           0.000       0.000             164               0
  173        -310.918     425.803           0.000       0.000             173               0
  124        -554.534    -854.118           0.000       0.000             124               0
    7         275.925    -179.945           0.000       0.000               7               0
  181         954.791     631.875           0.000       0.000             181               0
  227        -243.976     168.461           0.000       0.000             227               0
  205         189.545    -188.058           0.000       0.000             205               0
  241        -262.163    -293.168           0.000       0.000             241               0
   25         -52.261     -77.277           0.000       0.000              25               0
   37         522.954    -177.858           0.000       0.000              37               0
  180         524.114     182.040           0.000       0.000             180               0
   34         623.211      29.090           0.000       0.000              34               0
   25         -82.231     401.211           0.000       0.000              25               0
  157        -383.869     175.923           0.000       0.000             157               0
   67         378.141    -150.038           0.000       0.000              67               0
  169        -180.759    -279.394           0.000       0.000             169               0
