SINAL     NFT                         FFT                         NFT INVERSA     FFT INVERSA
-----     -----------------------     -----------------------     -----------     -----------
  232        7546.000       0.000           0.000       0.000             232               0
   64        -201.118    -354.490           0.000      -0.000              64               0
   15        -315.267    -248.516           0.000       0.000              15               0
   42           9.423     577.116           0.000      -0.000              42               0
   62         471.506     578.229           0.000       0.000              62               0
   27        -903.492     184.320           0.000      -0.000              27               0
  255         588.417    -472.751           0.000       0.000             255               0
   76         570.440     -80.984           0.000      -0.000              76               0
   45         292.828     516.389           0.000       0.000              45               0
  148        1091.289     129.256           0.000      -0.000             148               0
  154         380.961     403.272           0.000       0.000             154               0
  248        -202.120     859.801           0.000      -0.000             248               0
   16         776.418     259.410           0.000       0.000              16               0
  138         202.370    -191.538           0.000      -0.000             138               0
  226          -8.983    -284.708           0.000       0.000             226               0
  164         320.374    -220.777           0.000      -0.000             164               0
  218        -308.006     281.998           0.000       0.000             218               0
   34        -134.955     871.634           0.000      -0.000              34               0
  232         528.925     564.753           0.000       0.000             232               0
   25        -215.093    -473.551           0.000      -0.000              25               0
  164         586.031     341.549           0.000       0.000             164               0
  226         673.118     271.155           0.000      -0.000             226               0
  249        -480.923     408.691           0.000       0.000             249               0
   22         320.459    -193.455           0.000      -0.000              22               0
    3        -190.836      -1.624           0.000       0.000               3               0
  100        -100.923    -302.405           0.000      -0.000             100               0
   75       -1035.016    -717.139           0.000       0.000              75               0
   11        -195.696     227.798           0.000      -0.000              11               0
  207         362.037     244.366           0.000       0.000             207               0
   74         837.571     148.875           0.000      -0.000              74               0
   95        -242.127    -144.869           0.000       0.000              95               0
  225          -7.691     508.841           0.000      -0.000             225               0
  103         362.000      -0.005           0.000       0.000             103               0
  188          -7.673    -508.856           0.000       0.000             188               0
  123        -242.125     144.849           0.000       0.000             123               0
  148         837.580    -148.855           0.000       0.000             148               0
  112         362.029    -244.359           0.000       0.000             112               0
  112        -195.707    -227.804           0.000       0.000             112               0
  111       -1035.047     717.090           0.000       0.000             111               0
  103        -100.921     302.379           0.000       0.000             103               0
   21        -190.821       1.594           0.000       0.000              21               0
   18         320.462     193.442           0.000       0.000              18               0
  181        -480.889    -408.736           0.000       0.000             181               0
  186         673.150    -271.143           0.000       0.000             186               0
  165         586.046    -341.533           0.000       0.000             165               0
  244        -215.110     473.523           0.000       0.000             244               0
  140         528.953    -564.758           0.000       0.000             140               0
   71        -134.919    -871.647           0.000       0.000              71               0
  190        -307.981    -282.005           0.000       0.000             190               0
   38         320.381     220.792           0.000       0.000              38               0
   29          -8.980     284.697           0.000       0.000              29               0
   98         202.383     191.525           0.000       0.000              98               0
   53         776.440    -259.404           0.000       0.000              53               0
    2        -202.073    -859.823           0.000       0.000               2               0
    7         381.002    -403.256           0.000       0.000               7               0
  241        1091.304    -129.212           0.000       0.000             241               0
  125         292.850    -516.374           0.000       0.000             125               0
  232         570.439      81.016           0.000       0.000             232               0
  127         588.387     472.768           0.000       0.000             127               0
   34        -903.478    -184.375           0.000       0.000              34               0
  107         471.553    -578.217           0.000       0.000             107               0
   10           9.467    -577.106           0.000       0.000              10               0
  112        -315.236     248.515           0.000       0.000             112               0
  243        -201.032     354.480           0.000       0.000             243               0
