SINAL     NFT                         FFT                         NFT INVERSA     FFT INVERSA
-----     -----------------------     -----------------------     -----------     -----------
  250        7865.000       0.000           0.000       0.000             250               0
  148         310.865      66.210           0.000      -0.000             148               0
   63         470.305     454.295           0.000       0.000              63               0
   24        -207.743     758.309           0.000      -0.000              24               0
  249         436.922    -274.527           0.000       0.000             249               0
  147          23.604    -165.186           0.000      -0.000             147               0
  136        -189.794     -21.044           0.000       0.000             136               0
   11        -146.131    -294.747           0.000      -0.000              11               0
  109          38.213     584.057           0.000       0.000             109               0
   93        -420.067     311.175           0.000      -0.000              93               0
    8         419.542    -654.692           0.000       0.000               8               0
   64        1272.918     585.850           0.000      -0.000              64               0
  180         119.212    -218.977           0.000       0.000             180               0
  164         187.494     993.915           0.000      -0.000             164               0
  191         321.627     554.539           0.000       0.000             191               0
   64         372.996     126.428           0.000      -0.000              64               0
   77         -13.998    -729.008           0.000       0.000              77               0
  209        -813.568    -106.969           0.000      -0.000             209               0
  221         591.677   -1016.075           0.000       0.000             221               0
   45         -55.456    -239.665           0.000      -0.000              45               0
  123          55.381     -78.685           0.000       0.000             123               0
   75         147.842     187.271           0.000      -0.000              75               0
  216        -554.593     200.951           0.000       0.000             216               0
   82         426.530   -1008.045           0.000      -0.000              82               0
   48        -144.213    -313.943           0.000       0.000              48               0
  138         -16.574     119.504           0.000      -0.000             138               0
   31         173.694     -93.164           0.000       0.000              31               0
   23        -207.891      93.734           0.000      -0.000              23               0
  220         136.489     -78.234           0.000       0.000             220               0
  193         773.156      96.720           0.000      -0.000             193               0
   74         207.541     331.891           0.000       0.000              74               0
   79         239.994     712.775           0.000      -0.000              79               0
  132         223.000      -0.011           0.000       0.000             132               0
  251         240.024    -712.783           0.000       0.000             251               0
  161         207.558    -331.885           0.000       0.000             161               0
   95         773.154     -96.688           0.000       0.000              95               0
  113         136.470      78.237           0.000       0.000             113               0
  129        -207.894     -93.745           0.000       0.000             129               0
   42         173.687      93.169           0.000       0.000              42               0
  248         -16.574    -119.503           0.000       0.000             248               0
  238        -144.224     313.943           0.000       0.000             238               0
   16         426.484    1008.049           0.000       0.000              16               0
   53        -554.585    -200.997           0.000       0.000              53               0
   12         147.859    -187.273           0.000       0.000              12               0
   21          55.383      78.685           0.000       0.000              21               0
  108         -55.457     239.663           0.000       0.000             108               0
  137         591.633    1016.085           0.000       0.000             137               0
  161        -813.569     106.911           0.000       0.000             161               0
  125         -14.005     728.976           0.000       0.000             125               0
   42         373.021    -126.454           0.000       0.000              42               0
   15         321.662    -554.559           0.000       0.000              15               0
  216         187.548    -993.917           0.000       0.000             216               0
   39         119.224     218.977           0.000       0.000              39               0
  245        1272.951    -585.801           0.000       0.000             245               0
  220         419.500     654.701           0.000       0.000             220               0
   99        -420.058    -311.213           0.000       0.000              99               0
    2          38.245    -584.060           0.000       0.000               2               0
  225        -146.131     294.739           0.000       0.000             225               0
  238        -189.773      21.026           0.000       0.000             238               0
  214          23.628     165.176           0.000       0.000             214               0
   89         436.939     274.522           0.000       0.000              89               0
   92        -207.672    -758.336           0.000       0.000              92               0
  223         470.383    -454.275           0.000       0.000             223               0
  109         310.969     -66.193           0.000       0.000             109               0
