SINAL     NFT                         FFT                         NFT INVERSA     FFT INVERSA
-----     -----------------------     -----------------------     -----------     -----------
   68        7312.000       0.000           0.000       0.000              68               1
  232        -339.221     403.873           6.669     -14.101             232               0
  110         224.229     324.309           0.000       0.000             110              -0
   76         -44.902     419.249         -17.275       4.327              76               0
   32        -165.919    -359.030           0.000       0.000              32               0
   99         304.733     -74.304           6.108       4.530              99              -0
   30         199.104      33.710           0.000       0.000              30              -0
   43        -249.676     590.963          -5.062       3.754              43               0
  186         401.322    -799.669           0.000       0.000             186               0
  194         621.308    -483.039           1.326      -1.202             194               0
    5        -101.447    -348.810           0.000       0.000               5              -0
   29        -295.717    -221.855          -5.028      -0.746              29               0
   54          -6.592    -407.530           0.000       0.000              54               0
   58         -15.810     -87.327           1.595       2.661              58              -0
  198         883.672     140.503           0.000       0.000             198              -0
    6         836.330      58.664           0.000       0.000               6               0
  242        -316.006    -126.002           0.000       0.000             242               0
   32         409.747     167.708           0.973      -0.348              32               0
  176        -238.263    -196.858           0.000       0.000             176              -0
  101        -684.825     559.040          -2.791      -1.673             101               0
   24         -85.108     465.170           0.000       0.000              24               0
   70        -607.051     154.772           0.316       2.131              70              -0
  207        -705.514     115.683           0.000       0.000             207              -0
  181         357.837     154.017          -2.323      -0.345             181               0
   11        -577.313    -447.683           0.000       0.000              11               0
  171          61.779    -556.678           0.812       0.040             171              -0
  196        -643.728    -569.567           0.000       0.000             196              -0
   65         654.522     754.183          -1.605      -2.164              65               0
  133        -146.402     261.667           0.000       0.000             133               0
   56        -248.807    -784.065          -0.454       1.812              56              -0
   98        -690.064     223.170           0.000       0.000              98              -0
  119        -520.284      90.685           0.000       0.000             119               0
   53         496.000       0.009           0.000       0.000              53               0
  249        -520.291     -90.708           0.693       0.328             249              -0
  158        -690.049    -223.191           0.000       0.000             158              -0
  118        -248.827     784.052          -0.642      -2.563             118               0
  214        -146.375    -261.688           0.000       0.000             214               0
   47         654.554    -754.147          -1.135       1.530              47              -0
  218        -643.756     569.554           0.000       0.000             218              -0
   39          61.758     556.678          -1.343      -1.811              39               0
  134        -577.326     447.643           0.000       0.000             134               0
  127         357.845    -154.020           0.569       0.627             127              -0
  250        -705.512    -115.725           0.000       0.000             250              -0
  106        -607.031    -154.810           0.447      -3.014             106               0
   97         -85.074    -465.181           0.000       0.000              97               0
  105        -684.783    -559.062          -1.973       1.183             105              -0
    5        -238.239     196.856           0.000       0.000               5              -0
   82         409.779    -167.687          -0.000       0.000              82               0
   13        -315.983     125.993           0.000       0.000              13               0
  125         836.360     -58.628           0.384       1.073             125              -0
  240         883.681    -140.459           0.000       0.000             240              -0
  143         -15.817      87.337           2.255      -3.763             143               0
  169          -6.606     407.536           0.000       0.000             169               0
   53        -295.716     221.845          -3.555       0.527              53              -0
  180        -101.439     348.807           0.000       0.000             180              -0
  120         621.306     483.061           0.729      -4.912             120               0
  146         401.292     799.664           0.000       0.000             146               0
  147        -249.642    -590.993          -0.111       2.269             147              -0
    8         199.123     -33.706           0.000       0.000               8              -0
  230         304.743      74.312           8.638      -6.406             230               0
  218        -165.916     359.008           0.000       0.000             218               0
    2         -44.853    -419.267         -12.215      -3.060               2               0
   31         224.286    -324.305           0.000       0.000              31              -0
  183        -339.111    -403.883           0.000       0.000             183               0
