SINAL     NFT                         FFT                         NFT INVERSA     FFT INVERSA
-----     -----------------------     -----------------------     -----------     -----------
  191        7637.000       0.000           0.000       0.000             191               0
   33         160.573     145.328           0.000      -0.000              33               0
   76        -105.407     564.432           0.000       0.000              76               0
   11        -718.196      14.823           0.000      -0.000              11               0
  110          40.718     327.404           0.000       0.000             110               0
  124        1123.665     -43.105           0.000      -0.000             124               0
   40         155.299     748.709           0.000       0.000              40               0
   69         222.779     372.111           0.000      -0.000              69               0
   70        -294.492     303.552           0.000       0.000              70               0
  220        -248.249     368.837           0.000      -0.000             220               0
  166        -431.289    -198.146           0.000       0.000             166               0
   47        -208.689    -143.153           0.000      -0.000              47               0
  193         481.423    -190.636           0.000       0.000             193               0
  231         820.945       1.148           0.000      -0.000             231               0
   53          23.020     439.142           0.000       0.000              53               0
   87        1097.693     -65.592           0.000      -0.000              87               0
  244         397.989     349.001           0.000       0.000             244               0
   73        -301.073    -614.514           0.000      -0.000              73               0
   35        -199.846     367.216           0.000       0.000              35               0
  123        -276.031     862.846           0.000      -0.000             123               0
   59         530.581    -241.924           0.000       0.000              59               0
  170         269.255     212.652           0.000      -0.000             170               0
   40         121.394    -119.556           0.000       0.000              40               0
   53       -1226.238     518.379           0.000      -0.000              53               0
  153        1016.489      65.567           0.000       0.000             153               0
   46        -235.369     531.204           0.000      -0.000              46               0
  234        -251.927     284.556           0.000       0.000             234               0
  223         328.091     217.505           0.000      -0.000             223               0
   88         295.285    -155.884           0.000       0.000              88               0
  185         135.498     335.292           0.000      -0.000             185               0
  201          56.716     333.772           0.000       0.000             201               0
   26        -416.719     119.881           0.000      -0.000              26               0
  158        -141.000      -0.016           0.000       0.000             158               0
   34        -416.707    -119.924           0.000       0.000              34               0
   48          56.742    -333.790           0.000       0.000              48               0
  236         135.521    -335.299           0.000       0.000             236               0
   54         295.283     155.881           0.000       0.000              54               0
   22         328.096    -217.512           0.000       0.000              22               0
  173        -251.918    -284.585           0.000       0.000             173               0
  152        -235.335    -531.224           0.000       0.000             152               0
  174        1016.486     -65.534           0.000       0.000             174               0
    0       -1226.220    -518.436           0.000       0.000              -0               0
   83         121.411     119.557           0.000       0.000              83               0
  202         269.277    -212.649           0.000       0.000             202               0
    9         530.572     241.930           0.000       0.000               9               0
   20        -275.996    -862.869           0.000       0.000              20               0
  123        -199.821    -367.216           0.000       0.000             123               0
   25        -301.076     614.498           0.000       0.000              25               0
  184         398.032    -348.996           0.000       0.000             184               0
  164        1097.700      65.630           0.000       0.000             164               0
  123          23.041    -439.146           0.000       0.000             123               0
  196         820.947      -1.113           0.000       0.000             196               0
  151         481.401     190.652           0.000       0.000             151               0
  241        -208.708     143.134           0.000       0.000             241               0
  208        -431.297     198.110           0.000       0.000             208               0
  246        -248.222    -368.866           0.000       0.000             246               0
   43        -294.458    -303.577           0.000       0.000              43               0
   18         222.820    -372.112           0.000       0.000              18               0
   13         155.357    -748.702           0.000       0.000              13               0
  188        1123.676      43.156           0.000       0.000             188               0
  192          40.731    -327.401           0.000       0.000             192               0
  189        -718.171     -14.854           0.000       0.000             189               0
   59        -105.326    -564.433           0.000       0.000              59               0
  235         160.683    -145.308           0.000       0.000             235               0
