SINAL     NFT                         FFT                         NFT INVERSA     FFT INVERSA
-----     -----------------------     -----------------------     -----------     -----------
   63        8773.000       0.000           0.000       0.000              63               0
  211        -328.976     870.835           0.000      -0.000             211               0
   40        -388.911    -972.547           0.000       0.000              40               0
  121         498.922     729.885           0.000      -0.000             121               0
   20         442.228     280.176           0.000       0.000              20               0
  189         129.071    -188.215           0.000      -0.000             189               0
  140         217.514    -369.731           0.000       0.000             140               0
  159        -566.646     823.158           0.000      -0.000             159               0
   70         201.668     594.380           0.000       0.000              70               0
   84         616.748     146.786           0.000      -0.000              84               0
    8         523.859     203.661           0.000       0.000               8               0
   94         -94.273     456.532           0.000      -0.000              94               0
  155        -502.083    -112.295           0.000       0.000             155               0
  194        -200.238    -260.888           0.000      -0.000             194               0
  197         226.689    -426.156           0.000       0.000             197               0
  242        -434.612    -106.401           0.000      -0.000             242               0
  232         302.997     150.003           0.000       0.000             232               0
   60         164.216     223.859           0.000      -0.000              60               0
   22        -349.965    -636.846           0.000       0.000              22               0
  232        -689.593     670.730           0.000      -0.000             232               0
   43         548.649      84.347           0.000       0.000              43               0
   11        -120.052    -297.911           0.000      -0.000              11               0
  165        -316.755     408.530           0.000       0.000             165               0
  201          -9.012     247.130           0.000      -0.000             201               0
    2        -369.670    -359.632           0.000       0.000               2               0
  145        -361.482    -127.950           0.000      -0.000             145               0
   68         -66.878    -237.734           0.000       0.000              68               0
   21        -465.775     -44.264           0.000      -0.000              21               0
  107         167.205    -547.195           0.000       0.000             107               0
   70        -772.351    -457.728           0.000      -0.000              70               0
  117         202.446    -488.096           0.000       0.000             117               0
   20        -341.987    -339.984           0.000      -0.000              20               0
  249        -467.000       0.001           0.000       0.000             249               0
  169        -341.994     339.987           0.000       0.000             169               0
  159         202.425     488.114           0.000       0.000             159               0
  143        -772.368     457.697           0.000       0.000             143               0
  203         167.188     547.194           0.000       0.000             203               0
  183        -465.775      44.235           0.000       0.000             183               0
  117         -66.883     237.723           0.000       0.000             117               0
  207        -361.483     127.926           0.000       0.000             207               0
  205        -369.673     359.601           0.000       0.000             205               0
  244          -8.990    -247.147           0.000       0.000             244               0
  182        -316.727    -408.547           0.000       0.000             182               0
  242        -120.048     297.903           0.000       0.000             242               0
  255         548.656     -84.336           0.000       0.000             255               0
  254        -689.564    -670.756           0.000       0.000             254               0
  187        -349.972     636.833           0.000       0.000             187               0
  132         164.245    -223.861           0.000       0.000             132               0
   74         303.010    -149.990           0.000       0.000              74               0
  146        -434.606     106.386           0.000       0.000             146               0
  135         226.684     426.162           0.000       0.000             135               0
  193        -200.241     260.866           0.000       0.000             193               0
  184        -502.068     112.253           0.000       0.000             184               0
   41         -94.221    -456.552           0.000       0.000              41               0
   73         523.895    -203.647           0.000       0.000              73               0
  135         616.767    -146.771           0.000       0.000             135               0
  177         201.695    -594.379           0.000       0.000             177               0
  118        -566.595    -823.170           0.000       0.000             118               0
  110         217.528     369.754           0.000       0.000             110               0
    4         129.092     188.216           0.000       0.000               4               0
  189         442.270    -280.163           0.000       0.000             189               0
  116         498.977    -729.851           0.000       0.000             116               0
  205        -388.908     972.534           0.000       0.000             205               0
  239        -328.824    -870.851           0.000       0.000             239               0
