SINAL     NFT                         FFT                         NFT INVERSA     FFT INVERSA
-----     -----------------------     -----------------------     -----------     -----------
  114        7639.000       0.000           0.000       0.000             114               0
  137        -125.478     636.038           0.000      -0.000             137               0
  150         400.606     483.296           0.000       0.000             150               0
   58        -402.154     747.431           0.000      -0.000              58               0
  133          56.692    -376.358           0.000       0.000             133               0
   43        -544.503     387.168           0.000      -0.000              43               0
    7           2.327    -173.151           0.000       0.000               7               0
   92         770.371    -709.683           0.000      -0.000              92               0
  118         228.503      33.624           0.000       0.000             118               0
   79        -520.366    -100.490           0.000      -0.000              79               0
  193         -75.912    -410.077           0.000       0.000             193               0
  129        -392.936    -145.257           0.000      -0.000             129               0
    2         140.982    -168.483           0.000       0.000               2               0
   33         414.717     464.639           0.000      -0.000              33               0
  147         191.563    -584.532           0.000       0.000             147               0
   20        -175.879    -123.539           0.000      -0.000              20               0
  153         295.992     615.003           0.000       0.000             153               0
   30        -128.322     347.900           0.000      -0.000              30               0
  119        -553.421    -808.456           0.000       0.000             119               0
  202         715.531      36.254           0.000      -0.000             202               0
  235         310.051    -577.285           0.000       0.000             235               0
   50        -918.681    -234.665           0.000      -0.000              50               0
   23         252.402     236.727           0.000       0.000              23               0
  237         235.332     -23.426           0.000      -0.000             237               0
   26         187.474    1025.625           0.000       0.000              26               0
   33        -261.758    -357.406           0.000      -0.000              33               0
  108         117.957     533.413           0.000       0.000             108               0
  124        -595.107     249.404           0.000      -0.000             124               0
   18         428.275     190.841           0.000       0.000              18               0
  229        -202.256    -379.147           0.000      -0.000             229               0
   63        -375.527     471.136           0.000       0.000              63               0
  101         147.479     -83.117           0.000      -0.000             101               0
  238         409.000       0.003           0.000       0.000             238               0
  137         147.466      83.109           0.000       0.000             137               0
  247        -375.512    -471.158           0.000       0.000             247               0
   62        -202.266     379.132           0.000       0.000              62               0
  156         428.281    -190.838           0.000       0.000             156               0
  234        -595.097    -249.440           0.000       0.000             234               0
  136         117.985    -533.409           0.000       0.000             136               0
  194        -261.766     357.388           0.000       0.000             194               0
  129         187.527   -1025.620           0.000       0.000             129               0
   40         235.334      23.448           0.000       0.000              40               0
   35         252.404    -236.706           0.000       0.000              35               0
    8        -918.685     234.639           0.000       0.000               8               0
  221         310.046     577.298           0.000       0.000             221               0
   46         715.530     -36.226           0.000       0.000              46               0
   70        -553.459     808.421           0.000       0.000              70               0
  251        -128.295    -347.926           0.000       0.000             251               0
  204         296.025    -614.991           0.000       0.000             204               0
   25        -175.876     123.541           0.000       0.000              25               0
   91         191.550     584.535           0.000       0.000              91               0
   97         414.740    -464.627           0.000       0.000              97               0
   86         140.970     168.493           0.000       0.000              86               0
  122        -392.942     145.242           0.000       0.000             122               0
  187         -75.922     410.069           0.000       0.000             187               0
  249        -520.352     100.459           0.000       0.000             249               0
  202         228.531     -33.617           0.000       0.000             202               0
   89         770.352     709.705           0.000       0.000              89               0
  237           2.319     173.127           0.000       0.000             237               0
  183        -544.472    -387.207           0.000       0.000             183               0
  125          56.702     376.341           0.000       0.000             125               0
  173        -402.084    -747.466           0.000       0.000             173               0
   51         400.680    -483.282           0.000       0.000              51               0
  108        -125.352    -636.033           0.000       0.000             108               0
