SINAL     NFT                         FFT                         NFT INVERSA     FFT INVERSA
-----     -----------------------     -----------------------     -----------     -----------
  124        8245.000       0.000           0.000       0.000             124               1
  246        -260.614     588.362           6.669     -14.101             246               0
  216         637.830     644.997           0.000       0.000             216              -0
  100         418.918    -448.977         -17.275       4.327             100               0
  159         102.195    -155.459           0.000       0.000             159               0
   55        -297.079    -780.882           6.108       4.530              55              -0
  222        -362.779    -448.062           0.000       0.000             222              -0
  159         348.429     764.284          -5.062       3.754             159               0
   59         246.475    -381.949           0.000       0.000              59               0
   40        -170.049    -587.076           1.326      -1.202              40               0
   11         435.214     112.230           0.000       0.000              11              -0
   34         696.031     215.627          -5.028      -0.746              34               0
   57        -421.429   -1084.770           0.000       0.000              57               0
   24          82.416      40.934           1.595       2.661              24              -0
   39         -44.478     242.853           0.000       0.000              39              -0
   85        -402.729     274.202           0.000       0.000              85               0
   94        -803.003      59.987           0.000       0.000              94               0
  237        -554.879    -411.369           0.973      -0.348             237               0
  234         221.615    -189.708           0.000       0.000             234              -0
   50         286.120    -239.714          -2.791      -1.673              50               0
   48        -463.038     367.486           0.000       0.000              48               0
    0        -422.060    -332.063           0.316       2.131              -0              -0
  127          47.278    -553.492           0.000       0.000             127              -0
  149        -574.669    -344.019          -2.323      -0.345             149               0
  230        -166.453   -1119.946           0.000       0.000             230               0
  197         -87.856     494.553           0.812       0.040             197              -0
  117         -80.039    -587.588           0.000       0.000             117              -0
  179         -44.732    -167.483          -1.605      -2.164             179               0
  242         498.273     -83.180           0.000       0.000             242               0
  100         442.879     557.779          -0.454       1.812             100              -0
  208         169.373      42.627           0.000       0.000             208              -0
   52         -20.132      44.316           0.000       0.000              52               0
  159         777.000       0.015           0.000       0.000             159               0
  165         -20.137     -44.319           0.693       0.328             165              -0
  146         169.376     -42.623           0.000       0.000             146              -0
  231         442.900    -557.753          -0.642      -2.563             231               0
   39         498.255      83.217           0.000       0.000              39               0
   71         -44.757     167.494          -1.135       1.530              71              -0
  186         -80.076     587.587           0.000       0.000             186              -0
   71         -87.846    -494.546          -1.343      -1.811              71               0
  152        -166.512    1119.949           0.000       0.000             152               0
  117        -574.686     343.988           0.569       0.627             117              -0
   33          47.255     553.484           0.000       0.000              33              -0
  190        -422.075     332.027           0.447      -3.014             190               0
  230        -463.012    -367.516           0.000       0.000             230               0
  147         286.119     239.724          -1.973       1.183             147              -0
  252         221.601     189.712           0.000       0.000             252              -0
   58        -554.904     411.333          -0.000       0.000              58               0
   61        -802.991     -60.038           0.000       0.000              61               0
   31        -402.695    -274.228           0.384       1.073              31              -0
  242         -44.444    -242.854           0.000       0.000             242              -0
  159          82.436     -40.920           2.255      -3.763             159               0
   35        -421.447    1084.747           0.000       0.000              35               0
  181         696.067    -215.615          -3.555       0.527             181              -0
  225         435.227    -112.213           0.000       0.000             225              -0
  137        -170.062     587.064           0.729      -4.912             137               0
   68         246.476     381.938           0.000       0.000              68               0
  224         348.470    -764.276          -0.111       2.269             224              -0
  145        -362.785     448.053           0.000       0.000             145              -0
  198        -297.081     780.858           8.638      -6.406             198               0
   97         102.230     155.441           0.000       0.000              97               0
    2         418.944     448.966         -12.215      -3.060               2               0
  254         637.905    -644.996           0.000       0.000             254              -0
   45        -260.488    -588.377           0.000       0.000              45               0
