SINAL     NFT                         FFT                         NFT INVERSA     FFT INVERSA
-----     -----------------------     -----------------------     -----------     -----------
  192        7670.000       0.000           0.000       0.000             192               1
  155         467.586    -136.260           6.669     -14.101             155               0
   84          -4.956     -88.111           0.000       0.000              84              -0
   94          91.523     375.640         -17.275       4.327              94               0
  122         207.983     253.662           0.000       0.000             122               0
   14         398.531     319.165           6.108       4.530              14              -0
   98         718.326    -137.074           0.000       0.000              98              -0
  154         284.219     607.013          -5.062       3.754             154               0
  146         453.757    -315.945           0.000       0.000             146               0
  135         265.604     539.798           1.326      -1.202             135               0
   83          -8.197     551.920           0.000       0.000              83              -0
  197          73.433     336.191          -5.028      -0.746             197               0
  192           6.804    -657.392           0.000       0.000             192               0
  212        -589.421     254.439           1.595       2.661             212              -0
   68          84.412     482.180           0.000       0.000              68              -0
   15        -519.538     729.756           0.000       0.000              15               0
  219         495.005    -483.002           0.000       0.000             219               0
  181          27.468    -380.533           0.973      -0.348             181               0
  134        -218.579     337.049           0.000       0.000             134              -0
   36         237.028     -66.254          -2.791      -1.673              36               0
  132         583.875    -983.732           0.000       0.000             132               0
  115         193.151    1191.078           0.316       2.131             115              -0
   22        -725.102    -241.910           0.000       0.000              22              -0
  205        -301.004    -133.031          -2.323      -0.345             205               0
  175        -353.750    -369.958           0.000       0.000             175               0
   52         321.819    -775.441           0.812       0.040              52              -0
   65          -1.609      33.593           0.000       0.000              65              -0
  178        -139.740     364.109          -1.605      -2.164             178               0
   89         289.341     311.312           0.000       0.000              89               0
   65         123.570    -195.642          -0.454       1.812              65              -0
   38         235.672     171.245           0.000       0.000              38              -0
   20         -22.294     539.142           0.000       0.000              20               0
  135        -732.000      -0.027           0.000       0.000             135               0
  254         -22.258    -539.158           0.693       0.328             254              -0
  105         235.686    -171.238           0.000       0.000             105              -0
   59         123.564     195.639          -0.642      -2.563              59               0
  209         289.352    -311.310           0.000       0.000             209               0
   69        -139.728    -364.113          -1.135       1.530              69              -0
   30          -1.605     -33.583           0.000       0.000              30              -0
  163         321.782     775.454          -1.343      -1.811             163               0
    5        -353.772     369.928           0.000       0.000               5               0
  159        -301.009     133.001           0.569       0.627             159              -0
  212        -725.096     241.854           0.000       0.000             212              -0
   86         193.226   -1191.074           0.447      -3.014              86               0
   81         583.845     983.757           0.000       0.000              81               0
  236         237.025      66.243          -1.973       1.183             236              -0
   40        -218.561    -337.069           0.000       0.000              40              -0
    8          27.463     380.525          -0.000       0.000               8               0
   98         494.985     482.994           0.000       0.000              98               0
  253        -519.506    -729.804           0.384       1.073             253              -0
   10          84.440    -482.184           0.000       0.000              10              -0
  184        -589.396    -254.462           2.255      -3.763             184               0
   68           6.801     657.380           0.000       0.000              68               0
   49          73.470    -336.212          -3.555       0.527              49              -0
  213          -8.148    -551.934           0.000       0.000             213              -0
  153         265.655    -539.786           0.729      -4.912             153               0
   46         453.768     315.959           0.000       0.000              46               0
  246         284.269    -607.007          -0.111       2.269             246              -0
   37         718.341     137.102           0.000       0.000              37              -0
   74         398.559    -319.155           8.638      -6.406              74               0
   73         208.013    -253.655           0.000       0.000              73               0
  147          91.569    -375.631         -12.215      -3.060             147               0
  248          -4.905      88.118           0.000       0.000             248              -0
  233         467.684     136.281           0.000       0.000             233               0
