SINAL     NFT                         FFT                         NFT INVERSA     FFT INVERSA
-----     -----------------------     -----------------------     -----------     -----------
  202        8314.000       0.000           0.000       0.000             202               1
   79         477.376     300.989           6.669     -14.101              79               0
  221          87.453     -49.242           0.000       0.000             221              -0
  149          99.897     445.382         -17.275       4.327             149               0
  227         408.756    -422.314           0.000       0.000             227               0
  108        -206.764    -267.027           6.108       4.530             108              -0
   85        -212.149    -768.923           0.000       0.000              85              -0
  234        -338.142     281.281          -5.062       3.754             234               0
   26         465.777    -400.006           0.000       0.000              26               0
   74         509.092     139.819           1.326      -1.202              74               0
  147         -94.743      94.453           0.000       0.000             147              -0
   28        -204.248     537.690          -5.028      -0.746              28               0
   56        -326.039    -664.909           0.000       0.000              56               0
  185         435.184      19.991           1.595       2.661             185              -0
  194         110.574     904.682           0.000       0.000             194              -0
  131         -61.890     -89.615           0.000       0.000             131               0
  147         -96.995    -507.000           0.000       0.000             147               0
  236         -86.274    1087.699           0.973      -0.348             236               0
  141         516.111    -248.632           0.000       0.000             141              -0
   62         419.096     296.757          -2.791      -1.673              62               0
   70         887.220    -245.595           0.000       0.000              70               0
   58        -238.102     145.302           0.316       2.131              58              -0
  254        -349.815     434.249           0.000       0.000             254              -0
   66        -399.997     252.990          -2.323      -0.345              66               0
   79        -225.783     457.985           0.000       0.000              79               0
   99        -389.658     644.199           0.812       0.040              99              -0
  169        -198.918     505.499           0.000       0.000             169              -0
   29         218.185    -585.172          -1.605      -2.164              29               0
   30        -121.936     252.976           0.000       0.000              30               0
  182         442.606    -463.235          -0.454       1.812             182              -0
   33         421.464    -179.918           0.000       0.000              33              -0
   19         -68.388    -123.592           0.000       0.000              19               0
  164         856.000       0.015           0.000       0.000             164               0
  199         -68.399     123.581           0.693       0.328             199              -0
  218         421.455     179.926           0.000       0.000             218              -0
  123         442.575     463.234          -0.642      -2.563             123               0
  229        -121.937    -253.001           0.000       0.000             229               0
   30         218.150     585.155          -1.135       1.530              30              -0
   97        -198.909    -505.541           0.000       0.000              97              -0
   80        -389.635    -644.234          -1.343      -1.811              80               0
  222        -225.762    -458.003           0.000       0.000             222               0
  116        -399.980    -253.014           0.569       0.627             116              -0
   55        -349.781    -434.268           0.000       0.000              55              -0
  123        -238.068    -145.311           0.447      -3.014             123               0
  192         887.230     245.626           0.000       0.000             192               0
  217         419.112    -296.749          -1.973       1.183             217              -0
   53         516.096     248.638           0.000       0.000              53              -0
   10         -86.234   -1087.706          -0.000       0.000              10               0
  184         -97.014     507.000           0.000       0.000             184               0
  188         -61.886      89.596           0.384       1.073             188              -0
  185         110.622    -904.681           0.000       0.000             185              -0
  144         435.187     -19.961           2.255      -3.763             144               0
   37        -326.066     664.889           0.000       0.000              37               0
   88        -204.213    -537.709          -3.555       0.527              88              -0
  163         -94.717     -94.455           0.000       0.000             163              -0
  199         509.116    -139.793           0.729      -4.912             199               0
  158         465.764     400.026           0.000       0.000             158               0
  180        -338.124    -281.292          -0.111       2.269             180              -0
  249        -212.161     768.914           0.000       0.000             249              -0
   15        -206.742     267.005           8.638      -6.406              15               0
  221         408.775     422.310           0.000       0.000             221               0
   79          99.955    -445.395         -12.215      -3.060              79               0
   77          87.512      49.236           0.000       0.000              77              -0
  199         477.501    -300.977           0.000       0.000             199               0
