SINAL     NFT                         FFT                         NFT INVERSA     FFT INVERSA
-----     -----------------------     -----------------------     -----------     -----------
  213        8038.000       0.000           0.000       0.000             213               1
  231         151.700     354.899           6.669     -14.101             231               0
   78         752.744    -109.235           0.000       0.000              78              -0
    8        -157.440     777.986         -17.275       4.327               8               0
   41         422.060     882.077           0.000       0.000              41               0
   60         421.414     575.792           6.108       4.530              60              -0
   77        -110.200     449.937           0.000       0.000              77              -0
   18         409.579     842.773          -5.062       3.754              18               0
  194         787.357   -1040.869           0.000       0.000             194               0
  212         356.889     346.529           1.326      -1.202             212               0
  255       -1178.905    -266.871           0.000       0.000             255              -0
   23         188.817     -88.388          -5.028      -0.746              23               0
  112         187.993    -416.522           0.000       0.000             112               0
  121         617.068    -123.972           1.595       2.661             121              -0
   41         313.343     321.305           0.000       0.000              41              -0
  169         206.799    -607.524           0.000       0.000             169               0
  167         519.999    -463.995           0.000       0.000             167               0
  212         -35.064     -97.239           0.973      -0.348             212               0
  125        -854.471     388.492           0.000       0.000             125              -0
    3         215.968    -465.632          -2.791      -1.673               3               0
   52          -5.095     -86.852           0.000       0.000              52               0
   16         538.161     216.754           0.316       2.131              16              -0
   65        -168.973    -484.229           0.000       0.000              65              -0
   44          87.908     500.753          -2.323      -0.345              44               0
  158        -437.354    -166.879           0.000       0.000             158               0
   93         366.202     342.801           0.812       0.040              93              -0
   89         224.619     -25.605           0.000       0.000              89              -0
  227        -682.806    -162.998          -1.605      -2.164             227               0
  201        -456.946    -508.262           0.000       0.000             201               0
    5         248.627     345.665          -0.454       1.812               5              -0
  188         -42.191     419.780           0.000       0.000             188              -0
   72        -357.875     140.200           0.000       0.000              72               0
   52         534.000       0.003           0.000       0.000              52               0
  203        -357.874    -140.231           0.693       0.328             203              -0
  237         -42.170    -419.791           0.000       0.000             237              -0
  249         248.637    -345.650          -0.642      -2.563             249               0
  201        -456.973     508.243           0.000       0.000             201               0
   57        -682.800     162.957          -1.135       1.530              57              -0
   63         224.636      25.599           0.000       0.000              63              -0
   88         366.219    -342.794          -1.343      -1.811              88               0
  164        -437.356     166.853           0.000       0.000             164               0
  224          87.941    -500.752           0.569       0.627             224              -0
  197        -168.978     484.220           0.000       0.000             197              -0
   17         538.180    -216.738           0.447      -3.014              17               0
  221          -5.096      86.851           0.000       0.000             221               0
   21         215.947     465.631          -1.973       1.183              21              -0
   44        -854.444    -388.536           0.000       0.000              44              -0
   39         -35.039      97.240          -0.000       0.000              39               0
  231         520.002     464.014           0.000       0.000             231               0
  247         206.788     607.515           0.384       1.073             247              -0
   27         313.372    -321.309           0.000       0.000              27              -0
  102         617.070     123.992           2.255      -3.763             102               0
   48         187.976     416.517           0.000       0.000              48               0
   92         188.810      88.378          -3.555       0.527              92              -0
   82       -1178.898     266.801           0.000       0.000              82              -0
  192         356.944    -346.529           0.729      -4.912             192               0
  110         787.337    1040.873           0.000       0.000             110               0
   62         409.626    -842.795          -0.111       2.269              62              -0
  152        -110.161    -449.963           0.000       0.000             152              -0
  190         421.466    -575.792           8.638      -6.406             190               0
  238         422.121    -882.066           0.000       0.000             238               0
  252        -157.368    -777.981         -12.215      -3.060             252               0
  163         752.795     109.278           0.000       0.000             163              -0
  203         151.815    -354.884           0.000       0.000             203               0
