SINAL     NFT                         FFT                         NFT INVERSA     FFT INVERSA
-----     -----------------------     -----------------------     -----------     -----------
   64        8671.000       0.000           0.000       0.000              64               1
   35         239.814     214.710           6.669     -14.101              35               0
  208        -262.792     -52.300           0.000       0.000             208              -0
  241         262.552    -247.992         -17.275       4.327             241               0
  205        -649.422     381.485           0.000       0.000             205               0
   30        -291.563     444.792           6.108       4.530              30              -0
  208        -439.041    -501.997           0.000       0.000             208              -0
   86        -927.231    -696.208          -5.062       3.754              86               0
  125         111.178    -294.527           0.000       0.000             125               0
  154        -290.033    -855.410           1.326      -1.202             154               0
  237        -531.441      50.975           0.000       0.000             237              -0
  115         -44.897     102.089          -5.028      -0.746             115               0
  150        -113.393     192.154           0.000       0.000             150               0
  121        -169.866    -370.585           1.595       2.661             121              -0
  154        -139.008     675.331           0.000       0.000             154              -0
   26        -467.603    -105.314           0.000       0.000              26               0
  239         107.005    -233.997           0.000       0.000             239               0
   94        -266.976     486.291           0.973      -0.348              94               0
   32         496.021     133.090           0.000       0.000              32              -0
  107        -389.820    1008.060          -2.791      -1.673             107               0
   26         769.765     -95.941           0.000       0.000              26               0
  165        -474.118    -443.098           0.316       2.131             165              -0
  231         109.852    -265.660           0.000       0.000             231              -0
  242         325.204     -98.947          -2.323      -0.345             242               0
  114         314.816     229.476           0.000       0.000             114               0
  195        -584.160    -488.650           0.812       0.040             195              -0
  175         -36.976     -65.766           0.000       0.000             175              -0
   25         211.132     273.963          -1.605      -2.164              25               0
   46         197.047      13.392           0.000       0.000              46               0
  190        -260.576    -288.569          -0.454       1.812             190              -0
   91         603.377     734.329           0.000       0.000              91              -0
   82         248.138     783.846           0.000       0.000              82               0
  244         111.000      -0.013           0.000       0.000             244               0
   25         248.173    -783.854           0.693       0.328              25              -0
   25         603.399    -734.297           0.000       0.000              25              -0
  111        -260.598     288.566          -0.642      -2.563             111               0
  207         197.046     -13.386           0.000       0.000             207               0
   91         211.135    -273.952          -1.135       1.530              91              -0
   61         -36.990      65.772           0.000       0.000              61              -0
  165        -584.179     488.623          -1.343      -1.811             165               0
  206         314.835    -229.468           0.000       0.000             206               0
  144         325.197      98.962           0.569       0.627             144              -0
  150         109.832     265.662           0.000       0.000             150              -0
  116        -474.134     443.065           0.447      -3.014             116               0
  131         769.759      95.948           0.000       0.000             131               0
  253        -389.785   -1008.088          -1.973       1.183             253              -0
   76         496.021    -133.066           0.000       0.000              76              -0
  237        -266.966    -486.296          -0.000       0.000             237               0
   94         106.986     234.009           0.000       0.000              94               0
  228        -467.613     105.289           0.384       1.073             228              -0
  180        -138.979    -675.332           0.000       0.000             180              -0
   91        -169.881     370.586           2.255      -3.763              91               0
   61        -113.384    -192.156           0.000       0.000              61               0
  188         -44.896    -102.082          -3.555       0.527             188              -0
   10        -531.438     -50.980           0.000       0.000              10              -0
   99        -290.059     855.406           0.729      -4.912              99               0
  145         111.167     294.529           0.000       0.000             145               0
  229        -927.253     696.161          -0.111       2.269             229              -0
  195        -439.037     501.955           0.000       0.000             195              -0
  253        -291.518    -444.825           8.638      -6.406             253               0
  192        -649.365    -381.515           0.000       0.000             192               0
  115         262.592     248.001         -12.215      -3.060             115               0
  109        -262.730      52.280           0.000       0.000             109              -0
   27         239.944    -214.706           0.000       0.000              27               0
