SINAL     NFT                         FFT                         NFT INVERSA     FFT INVERSA
-----     -----------------------     -----------------------     -----------     -----------
   81        8315.000       0.000           0.000       0.000              81               0
  100         269.852    -206.750           0.000      -0.000             100               0
  194          55.908     -87.755           0.000       0.000             194               0
   55         112.256     446.842           0.000      -0.000              55               0
  129         152.586     352.580           0.000       0.000             129               0
  244        -807.101    -461.960           0.000      -0.000             244               0
  138         -95.075    -308.213           0.000       0.000             138               0
  232        -848.184     391.793           0.000      -0.000             232               0
   38         392.407    -204.363           0.000       0.000              38               0
   90         431.899     319.200           0.000      -0.000              90               0
  165         237.366     -54.552           0.000       0.000             165               0
   17         562.211     735.599           0.000      -0.000              17               0
  117        -803.881     -90.108           0.000       0.000             117               0
  185        -190.344    -221.553           0.000      -0.000             185               0
  215         730.196     -26.872           0.000       0.000             215               0
  209        -527.237       8.679           0.000      -0.000             209               0
   67        -291.999    -475.002           0.000       0.000              67               0
  215        -853.333     607.813           0.000      -0.000             215               0
  253        -234.651     175.986           0.000       0.000             253               0
   22         361.915    -634.567           0.000      -0.000              22               0
   75        -676.497     330.077           0.000       0.000              75               0
  203        -318.762     -65.355           0.000      -0.000             203               0
   26        -193.893    -430.161           0.000       0.000              26               0
  208           0.303    -369.991           0.000      -0.000             208               0
  121        -822.421    1345.622           0.000       0.000             121               0
  113          87.800     -40.637           0.000      -0.000             113               0
   38         227.729    -522.479           0.000       0.000              38               0
   65         778.290      68.721           0.000      -0.000              65               0
  204         151.777       8.762           0.000       0.000             204               0
  114         -79.582    -590.209           0.000      -0.000             114               0
   37         320.438     140.461           0.000       0.000              37               0
  179         172.035    -506.475           0.000      -0.000             179               0
  134         265.000       0.012           0.000       0.000             134               0
  197         172.013     506.485           0.000       0.000             197               0
  243         320.440    -140.447           0.000       0.000             243               0
   48         -79.610     590.203           0.000       0.000              48               0
  139         151.782      -8.767           0.000       0.000             139               0
   50         778.286     -68.692           0.000       0.000              50               0
    7         227.687     522.479           0.000       0.000               7               0
   18          87.773      40.615           0.000       0.000              18               0
  250        -822.377   -1345.657           0.000       0.000             250               0
  221           0.286     370.008           0.000       0.000             221               0
  183        -193.919     430.151           0.000       0.000             183               0
   15        -318.771      65.332           0.000       0.000              15               0
  185        -676.477    -330.105           0.000       0.000             185               0
  248         361.893     634.577           0.000       0.000             248               0
   31        -234.653    -176.012           0.000       0.000              31               0
  187        -853.304    -607.848           0.000       0.000             187               0
   17        -292.003     474.993           0.000       0.000              17               0
    6        -527.212      -8.708           0.000       0.000               6               0
  241         730.210      26.899           0.000       0.000             241               0
   95        -190.353     221.536           0.000       0.000              95               0
  115        -803.864      90.057           0.000       0.000             115               0
   14         562.268    -735.582           0.000       0.000              14               0
   57         237.377      54.563           0.000       0.000              57               0
  155         431.920    -319.181           0.000       0.000             155               0
  184         392.391     204.379           0.000       0.000             184               0
  196        -848.165    -391.826           0.000       0.000             196               0
  216         -95.071     308.215           0.000       0.000             216               0
  154        -807.090     461.916           0.000       0.000             154               0
  143         152.644    -352.587           0.000       0.000             143               0
   54         112.319    -446.836           0.000       0.000              54               0
  247          55.966      87.764           0.000       0.000             247               0
  116         269.956     206.760           0.000       0.000             116               0
