SINAL     NFT                         FFT                         NFT INVERSA     FFT INVERSA
-----     -----------------------     -----------------------     -----------     -----------
  208        7198.000       0.000           0.000       0.000             208               1
   17        -866.191     -56.072           6.669     -14.101              17               0
   75         158.279    -280.575           0.000       0.000              75              -0
  124         580.064    -271.475         -17.275       4.327             124               0
   94         164.209     274.315           0.000       0.000              94               0
  106         219.461     -26.518           6.108       4.530             106              -0
  154        -307.532      47.952           0.000       0.000             154              -0
   13         691.086     -62.741          -5.062       3.754              13               0
  131         235.741     424.483           0.000       0.000             131               0
   22         -58.019      70.199           1.326      -1.202              22               0
  205         -37.934     406.354           0.000       0.000             205              -0
   41         -44.875    1047.985          -5.028      -0.746              41               0
  136         264.299     -50.463           0.000       0.000             136               0
   69        -119.973    -588.870           1.595       2.661              69              -0
   23         366.958     589.987           0.000       0.000              23              -0
   80         -53.375     318.783           0.000       0.000              80               0
  205          72.997     124.997           0.000       0.000             205               0
  205         228.097      84.804           0.973      -0.348             205               0
   45        -974.432     605.111           0.000       0.000              45              -0
   48         140.700     -67.869          -2.791      -1.673              48               0
  175         473.918     -44.582           0.000       0.000             175               0
   50         -36.817    -306.179           0.316       2.131              50              -0
  169          81.255     397.684           0.000       0.000             169              -0
  201         360.337     195.213          -2.323      -0.345             201               0
    4        -489.735    -547.532           0.000       0.000               4               0
  158         720.816     530.249           0.812       0.040             158              -0
  153         -87.335    -854.951           0.000       0.000             153              -0
  206          69.704    -507.180          -1.605      -2.164             206               0
  233          53.587    -551.804           0.000       0.000             233               0
   44         371.532     219.179          -0.454       1.812              44              -0
  153        -151.275     504.339           0.000       0.000             153              -0
  197         677.443     154.064           0.000       0.000             197               0
   28         708.000       0.007           0.000       0.000              28               0
  159         677.437    -154.050           0.693       0.328             159              -0
   39        -151.264    -504.349           0.000       0.000              39              -0
  162         371.536    -219.154          -0.642      -2.563             162               0
  105          53.556     551.813           0.000       0.000             105               0
  149          69.679     507.178          -1.135       1.530             149              -0
  244         -87.368     854.923           0.000       0.000             244              -0
   89         720.832    -530.240          -1.343      -1.811              89               0
  149        -489.764     547.495           0.000       0.000             149               0
  205         360.347    -195.222           0.569       0.627             205              -0
   64          81.268    -397.692           0.000       0.000              64              -0
   28         -36.829     306.166           0.447      -3.014              28               0
  189         473.912      44.583           0.000       0.000             189               0
  204         140.681      67.850          -1.973       1.183             204              -0
  235        -974.406    -605.170           0.000       0.000             235              -0
   37         228.115     -84.804          -0.000       0.000              37               0
  150          73.009    -125.008           0.000       0.000             150               0
  111         -53.352    -318.799           0.384       1.073             111              -0
   86         366.989    -589.972           0.000       0.000              86              -0
   91        -119.992     588.859           2.255      -3.763              91               0
   57         264.303      50.447           0.000       0.000              57               0
    8         -44.826   -1048.002          -3.555       0.527               8              -0
   13         -37.907    -406.352           0.000       0.000              13              -0
  193         -58.000     -70.201           0.729      -4.912             193               0
   68         235.779    -424.471           0.000       0.000              68               0
   53         691.091      62.774          -0.111       2.269              53              -0
   60        -307.521     -47.965           0.000       0.000              60              -0
   36         219.481      26.525           8.638      -6.406              36               0
   81         164.245    -274.305           0.000       0.000              81               0
    0         580.076     271.503         -12.215      -3.060               0               0
  222         158.292     280.576           0.000       0.000             222              -0
  139        -866.108      56.026           0.000       0.000             139               0
