SINAL     NFT                         FFT                         NFT INVERSA     FFT INVERSA
-----     -----------------------     -----------------------     -----------     -----------
  106        8024.000       0.000           0.000       0.000             106               1
  136         692.570     344.933           6.669     -14.101             136               0
  143         522.410     411.071           0.000       0.000             143              -0
   51         -94.197     371.366         -17.275       4.327              51               0
  189        -690.300      -3.954           0.000       0.000             189               0
   67        -105.915     -33.951           6.108       4.530              67              -0
  230        -658.635     690.107           0.000       0.000             230              -0
  111         125.966    -349.391          -5.062       3.754             111               0
  178         416.082     191.662           0.000       0.000             178               0
  195         -32.339     -17.522           1.326      -1.202             195               0
   98          87.220     -98.973           0.000       0.000              98              -0
   64        -177.824     -49.710          -5.028      -0.746              64               0
   80        -212.812     152.404           0.000       0.000              80               0
   58          90.370     144.238           1.595       2.661              58              -0
  106         201.134    -292.458           0.000       0.000             106              -0
   97        -557.643     241.790           0.000       0.000              97               0
  142         302.999     -81.001           0.000       0.000             142               0
   41        -686.033    -667.850           0.973      -0.348              41               0
  173         201.678     189.071           0.000       0.000             173              -0
   53          11.353      -4.135          -2.791      -1.673              53               0
  203        -511.508     -57.283           0.000       0.000             203               0
  114         124.653      70.188           0.316       2.131             114              -0
    7         198.832    -480.985           0.000       0.000               7              -0
   70        -559.511    -589.246          -2.323      -0.345              70               0
  241         657.916     -40.326           0.000       0.000             241               0
   77        -654.402    -162.926           0.812       0.040              77              -0
   30         603.669    -129.654           0.000       0.000              30              -0
  184        -744.852    1056.545          -1.605      -2.164             184               0
  156        -209.377      30.357           0.000       0.000             156               0
  133         320.254    -213.117          -0.454       1.812             133              -0
  122         363.689     102.837           0.000       0.000             122              -0
   38         167.524     898.757           0.000       0.000              38               0
  236         374.000      -0.007           0.000       0.000             236               0
   15         167.559    -898.761           0.693       0.328              15              -0
   25         363.688    -102.818           0.000       0.000              25              -0
  139         320.230     213.127          -0.642      -2.563             139               0
   33        -209.392     -30.381           0.000       0.000              33               0
  240        -744.805   -1056.573          -1.135       1.530             240              -0
   98         603.665     129.696           0.000       0.000              98              -0
  190        -654.408     162.906          -1.343      -1.811             190               0
  250         657.914      40.362           0.000       0.000             250               0
   35        -559.539     589.226           0.569       0.627              35              -0
  154         198.816     480.983           0.000       0.000             154              -0
   55         124.650     -70.194           0.447      -3.014              55               0
   18        -511.511      57.255           0.000       0.000              18               0
   93          11.360       4.129          -1.973       1.183              93              -0
   67         201.684    -189.061           0.000       0.000              67              -0
  189        -686.056     667.817          -0.000       0.000             189               0
   10         303.003      80.997           0.000       0.000              10               0
  208        -557.624    -241.822           0.384       1.073             208              -0
   86         201.136     292.458           0.000       0.000              86              -0
  177          90.381    -144.246           2.255      -3.763             177               0
   34        -212.799    -152.419           0.000       0.000              34               0
  161        -177.812      49.698          -3.555       0.527             161              -0
  181          87.231      98.969           0.000       0.000             181              -0
  118         -32.323      17.510           0.729      -4.912             118               0
  231         416.102    -191.651           0.000       0.000             231               0
  200         125.952     349.383          -0.111       2.269             200              -0
  207        -658.595    -690.145           0.000       0.000             207              -0
  229        -105.893      33.946           8.638      -6.406             229               0
  144        -690.263       3.916           0.000       0.000             144               0
  180         -94.121    -371.378         -12.215      -3.060             180               0
  221         522.500    -411.049           0.000       0.000             221              -0
  107         692.693    -344.894           0.000       0.000             107               0
