SINAL     NFT                         FFT                         NFT INVERSA     FFT INVERSA
-----     -----------------------     -----------------------     -----------     -----------
  188        7568.000       0.000           0.000       0.000             188               0
  213        -787.380    -360.602           0.000      -0.000             213               0
  181         137.449    -136.222           0.000       0.000             181               0
  119         -34.411   -1031.582           0.000      -0.000             119               0
   11         297.479    -220.904           0.000       0.000              11               0
   59        1256.378     536.831           0.000      -0.000              59               0
  169        -345.335     587.764           0.000       0.000             169               0
    0         253.503    -882.392           0.000      -0.000              -0               0
  234         923.577    -581.020           0.000       0.000             234               0
   93         184.530    -344.304           0.000      -0.000              93               0
  198          37.010     -98.944           0.000       0.000             198               0
  218         224.967     -50.049           0.000      -0.000             218               0
   61          22.413     159.637           0.000       0.000              61               0
   64         445.799    -339.006           0.000      -0.000              64               0
   30        -229.887    -819.235           0.000       0.000              30               0
  186        -187.370     436.709           0.000      -0.000             186               0
  121         101.998     -34.000           0.000       0.000             121               0
   42        -245.196      43.841           0.000      -0.000              42               0
  128         403.325    -355.770           0.000       0.000             128               0
   35        -418.066     371.055           0.000      -0.000              35               0
  212         121.961    -225.029           0.000       0.000             212               0
   75         -69.207     461.840           0.000      -0.000              75               0
   85         611.806     288.481           0.000       0.000              85               0
  148          58.095     -28.992           0.000      -0.000             148               0
  211         530.413     416.979           0.000       0.000             211               0
  210          88.506      22.524           0.000      -0.000             210               0
  226          59.907    -742.679           0.000       0.000             226               0
   75        -845.664     234.240           0.000      -0.000              75               0
  188        -585.852      70.414           0.000       0.000             188               0
  253         117.390     268.666           0.000      -0.000             253               0
  190         -66.282     161.364           0.000       0.000             190               0
   11        -361.912      -7.228           0.000      -0.000              11               0
  208        1064.000       0.016           0.000       0.000             208               0
  104        -361.925       7.200           0.000       0.000             104               0
   57         -66.277    -161.379           0.000       0.000              57               0
  124         117.393    -268.668           0.000       0.000             124               0
  128        -585.856     -70.442           0.000       0.000             128               0
  147        -845.639    -234.272           0.000       0.000             147               0
  165          59.900     742.675           0.000       0.000             165               0
  165          88.526     -22.542           0.000       0.000             165               0
  239         530.443    -416.969           0.000       0.000             239               0
   25          58.101      28.986           0.000       0.000              25               0
  166         611.820    -288.465           0.000       0.000             166               0
    0         -69.191    -461.842           0.000       0.000              -0               0
    4         121.950     225.034           0.000       0.000               4               0
    9        -418.044    -371.071           0.000       0.000               9               0
  148         403.317     355.789           0.000       0.000             148               0
  170        -245.190     -43.856           0.000       0.000             170               0
  199         102.005      34.000           0.000       0.000             199               0
  213        -187.343    -436.709           0.000       0.000             213               0
  239        -229.901     819.231           0.000       0.000             239               0
  172         445.803     339.011           0.000       0.000             172               0
  104          22.433    -159.646           0.000       0.000             104               0
   41         224.980      50.056           0.000       0.000              41               0
   13          37.024      98.946           0.000       0.000              13               0
   27         184.541     344.312           0.000       0.000              27               0
   68         923.568     581.052           0.000       0.000              68               0
   20         253.470     882.374           0.000       0.000              20               0
  108        -345.287    -587.807           0.000       0.000             108               0
   21        1256.421    -536.781           0.000       0.000              21               0
   33         297.473     220.924           0.000       0.000              33               0
   75         -34.438    1031.569           0.000       0.000              75               0
    4         137.475     136.203           0.000       0.000               4               0
  138        -787.303     360.543           0.000       0.000             138               0
