SINAL     NFT                         FFT                         NFT INVERSA     FFT INVERSA
-----     -----------------------     -----------------------     -----------     -----------
  195        8915.000       0.000           0.000       0.000             195               0
  140        -782.806     362.186           0.000      -0.000             140               0
   28        -474.747     257.248           0.000       0.000              28               0
  224         172.339     116.646           0.000      -0.000             224               0
   20         591.511     -95.845           0.000       0.000              20               0
   65         460.954     560.215           0.000      -0.000              65               0
   40         626.637    -282.984           0.000       0.000              40               0
   42         450.281    -232.025           0.000      -0.000              42               0
   64        -623.869     -35.502           0.000       0.000              64               0
   68        -211.688     213.366           0.000      -0.000              68               0
  113         384.128     136.716           0.000       0.000             113               0
  236           3.502       4.164           0.000      -0.000             236               0
  136        -264.456      14.731           0.000       0.000             136               0
  255         401.135    -431.748           0.000      -0.000             255               0
   47          21.668     336.527           0.000       0.000              47               0
  120           1.539     517.929           0.000      -0.000             120               0
   93         478.000    -150.997           0.000       0.000              93               0
  122        -207.032     714.212           0.000      -0.000             122               0
  133         -74.584     -75.927           0.000       0.000             133               0
  205          58.175    -358.269           0.000      -0.000             205               0
  210         423.996      -3.900           0.000       0.000             210               0
  190         712.286    -286.142           0.000      -0.000             190               0
  217         306.390     347.137           0.000       0.000             217               0
    2        -350.186     778.689           0.000      -0.000               2               0
  193         443.878    -879.501           0.000       0.000             193               0
  233         226.382    -114.061           0.000      -0.000             233               0
   84         213.259    -176.651           0.000       0.000              84               0
  163        -362.541    -496.352           0.000      -0.000             163               0
   84        -579.056     273.503           0.000       0.000              84               0
  185         340.829    -414.501           0.000      -0.000             185               0
  131          61.220    -147.279           0.000       0.000             131               0
  106        -417.193    -367.297           0.000      -0.000             106               0
  164        -495.000      -0.006           0.000       0.000             164               0
  169        -417.198     367.282           0.000       0.000             169               0
  143          61.226     147.279           0.000       0.000             143               0
  197         340.811     414.506           0.000       0.000             197               0
  216        -579.044    -273.533           0.000       0.000             216               0
  150        -362.544     496.334           0.000       0.000             150               0
  196         213.272     176.649           0.000       0.000             196               0
   32         226.391     114.062           0.000       0.000              32               0
  214         443.846     879.494           0.000       0.000             214               0
  161        -350.144    -778.730           0.000       0.000             161               0
   21         306.424    -347.127           0.000       0.000              21               0
  137         712.282     286.168           0.000       0.000             137               0
  228         423.991       3.908           0.000       0.000             228               0
  206          58.154     358.257           0.000       0.000             206               0
  233         -74.587      75.898           0.000       0.000             233               0
  114        -206.992    -714.235           0.000       0.000             114               0
  133         478.001     151.008           0.000       0.000             133               0
  255           1.563    -517.938           0.000       0.000             255               0
   75          21.690    -336.522           0.000       0.000              75               0
  234         401.120     431.763           0.000       0.000             234               0
  211        -264.452     -14.753           0.000       0.000             211               0
   60           3.515      -4.175           0.000       0.000              60               0
  163         384.141    -136.710           0.000       0.000             163               0
  206        -211.674    -213.380           0.000       0.000             206               0
   71        -623.845      35.474           0.000       0.000              71               0
   39         450.306     232.037           0.000       0.000              39               0
  125         626.649     282.993           0.000       0.000             125               0
   93         460.995    -560.208           0.000       0.000              93               0
  112         591.520      95.865           0.000       0.000             112               0
  130         172.357    -116.649           0.000       0.000             130               0
  117        -474.700    -257.275           0.000       0.000             117               0
  166        -782.676    -362.218           0.000       0.000             166               0
