SINAL     NFT                         FFT                         NFT INVERSA     FFT INVERSA
-----     -----------------------     -----------------------     -----------     -----------
  169        8498.000       0.000           0.000       0.000             169               0
  205         131.027    -445.381           0.000      -0.000             205               0
  169         186.101    -871.332           0.000       0.000             169               0
  109          33.669      -1.594           0.000      -0.000             109               0
  160        -169.623       2.459           0.000       0.000             160               0
  122         389.209     304.030           0.000      -0.000             122               0
  239          77.245     -66.506           0.000       0.000             239               0
   86         181.908     203.334           0.000      -0.000              86               0
  206        -580.547    -305.137           0.000       0.000             206               0
  163         142.367      47.475           0.000      -0.000             163               0
  211         183.193    -500.003           0.000       0.000             211               0
  201        -103.814     193.981           0.000      -0.000             201               0
  136        -455.166    -311.979           0.000       0.000             136               0
  174         449.644    -943.227           0.000      -0.000             174               0
  180         711.509      40.748           0.000       0.000             180               0
  164         140.049    -407.264           0.000      -0.000             164               0
   80        -572.000    -138.005           0.000       0.000              80               0
   24         379.937    -246.278           0.000      -0.000              24               0
  232         848.001     -17.758           0.000       0.000             232               0
   79        -143.985      77.280           0.000      -0.000              79               0
  117         175.085     382.504           0.000       0.000             117               0
  146         224.441     490.104           0.000      -0.000             146               0
  154        -298.302     106.062           0.000       0.000             154               0
  105          37.981     -79.552           0.000      -0.000             105               0
   32        -153.453    -119.135           0.000       0.000              32               0
  149         790.419     369.848           0.000      -0.000             149               0
  198       -1028.964    -143.615           0.000       0.000             198               0
  113        -431.044     129.768           0.000      -0.000             113               0
  191        -294.308     396.922           0.000       0.000             191               0
   48        -488.584     120.643           0.000      -0.000              48               0
   92        -102.778    -637.010           0.000       0.000              92               0
  130         682.745     301.260           0.000      -0.000             130               0
   18         434.000       0.004           0.000       0.000              18               0
  169         682.744    -301.234           0.000       0.000             169               0
  127        -102.827     636.997           0.000       0.000             127               0
  238        -488.590    -120.684           0.000       0.000             238               0
  213        -294.296    -396.945           0.000       0.000             213               0
   75        -431.040    -129.789           0.000       0.000              75               0
  131       -1028.949     143.564           0.000       0.000             131               0
  208         790.454    -369.820           0.000       0.000             208               0
   99        -153.454     119.126           0.000       0.000              99               0
  216          37.985      79.544           0.000       0.000             216               0
   60        -298.285    -106.087           0.000       0.000              60               0
  177         224.477    -490.101           0.000       0.000             177               0
   35         175.111    -382.492           0.000       0.000              35               0
  242        -143.965     -77.278           0.000       0.000             242               0
  207         848.012      17.802           0.000       0.000             207               0
    2         379.919     246.299           0.000       0.000               2               0
   35        -572.001     137.985           0.000       0.000              35               0
   80         140.052     407.270           0.000       0.000              80               0
  205         711.520     -40.715           0.000       0.000             205               0
  172         449.597     943.242           0.000       0.000             172               0
   51        -455.182     311.940           0.000       0.000              51               0
   57        -103.795    -193.997           0.000       0.000              57               0
  195         183.183     499.999           0.000       0.000             195               0
    1         142.373     -47.484           0.000       0.000               1               0
  151        -580.544     305.097           0.000       0.000             151               0
   36         181.941    -203.342           0.000       0.000              36               0
  104          77.266      66.497           0.000       0.000             104               0
   35         389.243    -304.022           0.000       0.000              35               0
  254        -169.597      -2.468           0.000       0.000             254               0
  179          33.710       1.598           0.000       0.000             179               0
   15         186.123     871.332           0.000       0.000              15               0
  127         131.121     445.359           0.000       0.000             127               0
