SINAL     NFT                         FFT                         NFT INVERSA     FFT INVERSA
-----     -----------------------     -----------------------     -----------     -----------
  147        8625.000       0.000           0.000       0.000             147               1
  212         681.984    -100.948           6.669     -14.101             212               0
  158         -77.202     339.920           0.000       0.000             158              -0
  140        -301.092    -191.529         -17.275       4.327             140               0
   93         408.922     556.786           0.000       0.000              93               0
  216         449.439    -181.170           6.108       4.530             216              -0
   11          60.388    -247.755           0.000       0.000              11              -0
  119        -105.745      -7.969          -5.062       3.754             119               0
  203         369.627     351.527           0.000       0.000             203               0
  149         -53.155     -59.406           1.326      -1.202             149               0
   82         134.281     -59.830           0.000       0.000              82              -0
  151        -557.067      74.180          -5.028      -0.746             151               0
  159        -281.986      43.674           0.000       0.000             159               0
  233         -66.014    -498.183           1.595       2.661             233              -0
  156         -52.735    1010.808           0.000       0.000             156              -0
  252         -21.577    -792.811           0.000       0.000             252               0
   69        -131.001     -30.005           0.000       0.000              69               0
  212         401.327    -781.716           0.973      -0.348             212               0
   69        -597.063     -31.185           0.000       0.000              69              -0
   25        -213.956    -367.578          -2.791      -1.673              25               0
  144        -354.464   -1051.168           0.000       0.000             144               0
   71         219.304     630.858           0.316       2.131              71              -0
  126         150.494    -147.497           0.000       0.000             126              -0
  163         873.485     232.057          -2.323      -0.345             163               0
  108        -631.650     867.512           0.000       0.000             108               0
   61         -24.687    -225.016           0.812       0.040              61              -0
  225         552.489    -189.230           0.000       0.000             225              -0
  247         -46.585    -510.393          -1.605      -2.164             247               0
   41        -236.464     129.934           0.000       0.000              41               0
   28           6.426     -73.810          -0.454       1.812              28              -0
  220         261.340    -491.875           0.000       0.000             220              -0
  254        -202.079    -317.347           0.000       0.000             254               0
   82        -447.000      -0.003           0.000       0.000              82               0
   72        -202.082     317.347           0.693       0.328              72              -0
  116         261.326     491.883           0.000       0.000             116              -0
   47           6.422      73.802          -0.642      -2.563              47               0
  168        -236.454    -129.945           0.000       0.000             168               0
   17         -46.595     510.388          -1.135       1.530              17              -0
   11         552.484     189.240           0.000       0.000              11              -0
  248         -24.703     224.993          -1.343      -1.811             248               0
   61        -631.602    -867.549           0.000       0.000              61               0
   73         873.505    -232.013           0.569       0.627              73              -0
  137         150.481     147.506           0.000       0.000             137              -0
    5         219.320    -630.835           0.447      -3.014               5               0
  139        -354.516    1051.166           0.000       0.000             139               0
  252        -213.972     367.561          -1.973       1.183             252              -0
   76        -597.053      31.158           0.000       0.000              76              -0
  133         401.306     781.724          -0.000       0.000             133               0
  106        -130.998      29.985           0.000       0.000             106               0
  217         -21.604     792.785           0.384       1.073             217              -0
  186         -52.687   -1010.827           0.000       0.000             186              -0
   50         -66.029     498.176           2.255      -3.763              50               0
  206        -281.977     -43.700           0.000       0.000             206               0
  136        -557.044     -74.213          -3.555       0.527             136              -0
  109         134.304      59.826           0.000       0.000             109              -0
  235         -53.134      59.390           0.729      -4.912             235               0
  148         369.663    -351.520           0.000       0.000             148               0
  107        -105.725       7.962          -0.111       2.269             107              -0
  211          60.408     247.750           0.000       0.000             211              -0
   69         449.461     181.172           8.638      -6.406              69               0
  105         408.968    -556.779           0.000       0.000             105               0
  227        -301.064     191.511         -12.215      -3.060             227               0
  217         -77.118    -339.929           0.000       0.000             217              -0
  115         682.099     100.975           0.000       0.000             115               0
