SINAL     NFT                         FFT                         NFT INVERSA     FFT INVERSA
-----     -----------------------     -----------------------     -----------     -----------
  121        9080.000       0.000           0.000       0.000             121               0
  249        -749.502     -15.074           0.000      -0.000             249               0
   13        -106.424      61.776           0.000       0.000              13               0
  224         104.889    -694.391           0.000      -0.000             224               0
   97        -306.895     562.630           0.000       0.000              97               0
  160        -172.238     256.901           0.000      -0.000             160               0
  141         234.150    -691.423           0.000       0.000             141               0
    0         274.791    -685.329           0.000      -0.000               0               0
   59        -749.360    -684.722           0.000       0.000              59               0
  177         252.802    -652.884           0.000      -0.000             177               0
  254         324.154      90.060           0.000       0.000             254               0
  239         421.916     746.939           0.000      -0.000             239               0
  139         496.380     793.267           0.000       0.000             139               0
  150         100.166    -638.795           0.000      -0.000             150               0
   15         117.863     -38.273           0.000       0.000              15               0
  141           6.040    -390.888           0.000      -0.000             141               0
  140         207.996      30.002           0.000       0.000             140               0
   12        -340.215      79.822           0.000      -0.000              12               0
  163           4.677    -353.780           0.000       0.000             163               0
   38          -1.216      45.909           0.000      -0.000              38               0
  204         396.064      82.790           0.000       0.000             204               0
  225         314.902    -331.047           0.000      -0.000             225               0
  145         384.864     126.862           0.000       0.000             145               0
  249        -158.722    -434.715           0.000      -0.000             249               0
   42        -398.644     263.272           0.000       0.000              42               0
  233         567.872    -686.594           0.000      -0.000             233               0
  240        -194.537    -912.759           0.000       0.000             240               0
  163        -648.699     104.414           0.000      -0.000             163               0
  220          -5.563     -95.847           0.000       0.000             220               0
  187        -158.992    -387.982           0.000      -0.000             187               0
  125        -268.751     -23.871           0.000       0.000             125               0
  209        -197.801     148.402           0.000      -0.000             209               0
  145        -840.000      -0.016           0.000       0.000             145               0
   85        -197.785    -148.404           0.000       0.000              85               0
  112        -268.745      23.871           0.000       0.000             112               0
  180        -158.999     387.983           0.000       0.000             180               0
  203          -5.563      95.849           0.000       0.000             203               0
  181        -648.685    -104.429           0.000       0.000             181               0
   45        -194.552     912.758           0.000       0.000              45               0
  110         567.854     686.603           0.000       0.000             110               0
  134        -398.627    -263.300           0.000       0.000             134               0
  136        -158.720     434.702           0.000       0.000             136               0
  118         384.887    -126.854           0.000       0.000             118               0
  186         314.898     331.053           0.000       0.000             186               0
  243         396.070     -82.783           0.000       0.000             243               0
  219          -1.214     -45.912           0.000       0.000             219               0
  202           4.664     353.774           0.000       0.000             202               0
  220        -340.202     -79.845           0.000       0.000             220               0
   64         208.011     -29.995           0.000       0.000              64               0
  123           6.035     390.883           0.000       0.000             123               0
   92         117.874      38.270           0.000       0.000              92               0
  212         100.154     638.778           0.000       0.000             212               0
  187         496.426    -793.268           0.000       0.000             187               0
   58         421.951    -746.915           0.000       0.000              58               0
   25         324.158     -90.025           0.000       0.000              25               0
  103         252.768     652.909           0.000       0.000             103               0
   90        -749.382     684.690           0.000       0.000              90               0
  230         274.781     685.329           0.000       0.000             230               0
  223         234.130     691.406           0.000       0.000             223               0
  142        -172.216    -256.937           0.000       0.000             142               0
   76        -306.847    -562.649           0.000       0.000              76               0
   40         104.894     694.388           0.000       0.000              40               0
   43        -106.375     -61.799           0.000       0.000              43               0
   79        -749.386      15.028           0.000       0.000              79               0
