SINAL     NFT                         FFT                         NFT INVERSA     FFT INVERSA
-----     -----------------------     -----------------------     -----------     -----------
  173        8895.000       0.000           0.000       0.000             173               1
   99         -20.244     118.037           6.669     -14.101              99               0
  158         357.469     418.856           0.000       0.000             158              -0
  248        -462.476    -486.367         -17.275       4.327             248               0
   98         188.050    -177.728           0.000       0.000              98               0
   34          -4.453     413.419           6.108       4.530              34              -0
  162        -101.344      69.050           0.000       0.000             162              -0
  185        -718.664     216.241          -5.062       3.754             185               0
  193         186.021    -866.866           0.000       0.000             193               0
  211         972.320     584.592           1.326      -1.202             211               0
   84        -840.850    -699.079           0.000       0.000              84              -0
   30        -227.122   -1152.211          -5.028      -0.746              30               0
   27        -484.901      73.866           0.000       0.000              27               0
  254        -247.489     132.251           1.595       2.661             254              -0
  198         749.790     378.589           0.000       0.000             198              -0
  103         425.912     282.988           0.000       0.000             103               0
   17        -712.004     184.991           0.000       0.000              17               0
  105        -250.626     400.083           0.973      -0.348             105               0
  142        -124.843     -18.029           0.000       0.000             142              -0
   57         335.352     126.563          -2.791      -1.673              57               0
  218         668.548    -472.758           0.000       0.000             218               0
   23         196.471     -84.313           0.316       2.131              23              -0
  248         682.330      78.783           0.000       0.000             248              -0
  140         353.861     144.457          -2.323      -0.345             140               0
   91         -36.017    -200.869           0.000       0.000              91               0
  179        -124.337      27.621           0.812       0.040             179              -0
  160         823.207    -224.280           0.000       0.000             160              -0
  237        -395.911      -9.049          -1.605      -2.164             237               0
   65        -131.710     999.634           0.000       0.000              65               0
  214         138.526    -223.196          -0.454       1.812             214              -0
  156        -209.756    -416.948           0.000       0.000             156              -0
   90         108.859       5.878           0.000       0.000              90               0
  168         -11.000      -0.003           0.000       0.000             168               0
  179         108.858      -5.877           0.693       0.328             179              -0
  220        -209.772     416.929           0.000       0.000             220              -0
  236         138.520     223.177          -0.642      -2.563             236               0
  176        -131.666    -999.651           0.000       0.000             176               0
   99        -395.896       9.039          -1.135       1.530              99              -0
    7         823.208     224.312           0.000       0.000               7              -0
    4        -124.336     -27.632          -1.343      -1.811               4               0
   74         -36.014     200.860           0.000       0.000              74               0
  230         353.880    -144.451           0.569       0.627             230              -0
  237         682.336     -78.758           0.000       0.000             237              -0
  128         196.467      84.320           0.447      -3.014             128               0
   13         668.523     472.775           0.000       0.000              13               0
   19         335.341    -126.566          -1.973       1.183              19              -0
   54        -124.859      18.009           0.000       0.000              54              -0
  208        -250.618    -400.106          -0.000       0.000             208               0
  157        -711.987    -185.027           0.000       0.000             157               0
  253         425.941    -282.974           0.384       1.073             253              -0
  252         749.799    -378.555           0.000       0.000             252              -0
  148        -247.498    -132.251           2.255      -3.763             148               0
  171        -484.899     -73.868           0.000       0.000             171               0
    1        -227.164    1152.207          -3.555       0.527               1              -0
  211        -840.854     699.021           0.000       0.000             211              -0
  201         972.366    -584.564           0.729      -4.912             201               0
   97         185.981     866.863           0.000       0.000              97               0
   39        -718.645    -216.294          -0.111       2.269              39              -0
  202        -101.315     -69.069           0.000       0.000             202              -0
  225          -4.408    -413.426           8.638      -6.406             225               0
  127         188.070     177.735           0.000       0.000             127               0
  195        -462.454     486.333         -12.215      -3.060             195               0
   86         357.551    -418.858           0.000       0.000              86              -0
   79         -20.123    -118.043           0.000       0.000              79               0
