SINAL     NFT                         FFT                         NFT INVERSA     FFT INVERSA
-----     -----------------------     -----------------------     -----------     -----------
  201        8210.000       0.000           0.000       0.000             201               1
  235        -138.123    -246.936           6.669     -14.101             235               0
  128         279.938     452.188           0.000       0.000             128              -0
   15        -205.468      68.429         -17.275       4.327              15               0
  230         962.618       5.265           0.000       0.000             230               0
  167       -1247.521      -6.852           6.108       4.530             167              -0
    9          58.238    -314.913           0.000       0.000               9              -0
   77         387.209    -446.194          -5.062       3.754              77               0
  127         258.470    -289.920           0.000       0.000             127               0
  178           7.513    -298.154           1.326      -1.202             178               0
  176        -174.075    -824.497           0.000       0.000             176              -0
   40         641.313     -50.387          -5.028      -0.746              40               0
   38         147.711     917.177           0.000       0.000              38               0
  101         840.578     171.256           1.595       2.661             101              -0
  112          42.083     -68.338           0.000       0.000             112              -0
  199         523.502    -328.747           0.000       0.000             199               0
  116          66.999    -379.003           0.000       0.000             116               0
  206         164.562    -690.906           0.973      -0.348             206               0
  112          96.566     209.273           0.000       0.000             112              -0
  203        -217.407    -286.874          -2.791      -1.673             203               0
  200        -464.904    -346.400           0.000       0.000             200               0
  191        -382.225    -430.429           0.316       2.131             191              -0
   97        -238.145    -449.638           0.000       0.000              97              -0
   47        -154.753    -446.259          -2.323      -0.345              47               0
  145         463.528     246.093           0.000       0.000             145               0
   74         -19.232     425.146           0.812       0.040              74              -0
   91         128.337     518.207           0.000       0.000              91              -0
  112         153.967    -120.244          -1.605      -2.164             112               0
   90        -725.432       1.678           0.000       0.000              90               0
  224         312.344    -441.778          -0.454       1.812             224              -0
  189         719.049     164.069           0.000       0.000             189              -0
  249         165.755      27.628           0.000       0.000             249               0
  149        -252.000      -0.008           0.000       0.000             149               0
  139         165.765     -27.626           0.693       0.328             139              -0
  252         719.054    -164.038           0.000       0.000             252              -0
  220         312.307     441.788          -0.642      -2.563             220               0
  112        -725.438      -1.719           0.000       0.000             112               0
    6         153.969     120.237          -1.135       1.530               6              -0
   78         128.359    -518.212           0.000       0.000              78              -0
   30         -19.211    -425.142          -1.343      -1.811              30               0
  112         463.534    -246.058           0.000       0.000             112               0
   39        -154.782     446.266           0.569       0.627              39              -0
  118        -238.169     449.631           0.000       0.000             118              -0
   89        -382.241     430.409           0.447      -3.014              89               0
   26        -464.907     346.372           0.000       0.000              26               0
  199        -217.399     286.853          -1.973       1.183             199              -0
  185          96.595    -209.273           0.000       0.000             185              -0
  248         164.550     690.909          -0.000       0.000             248               0
  120          67.002     378.990           0.000       0.000             120               0
  140         523.503     328.748           0.384       1.073             140              -0
    1          42.096      68.316           0.000       0.000               1              -0
  102         840.595    -171.244           2.255      -3.763             102               0
   31         147.753    -917.174           0.000       0.000              31               0
  243         641.311      50.429          -3.555       0.527             243              -0
   77        -174.110     824.490           0.000       0.000              77              -0
   15           7.511     298.142           0.729      -4.912              15               0
  222         258.469     289.920           0.000       0.000             222               0
  113         387.195     446.195          -0.111       2.269             113              -0
  234          58.223     314.892           0.000       0.000             234              -0
  226       -1247.493       6.777           8.638      -6.406             226               0
  104         962.656      -5.246           0.000       0.000             104               0
   50        -205.434     -68.459         -12.215      -3.060              50               0
   97         280.009    -452.188           0.000       0.000              97              -0
   54        -138.028     246.921           0.000       0.000              54               0
