SINAL     NFT                         FFT                         NFT INVERSA     FFT INVERSA
-----     -----------------------     -----------------------     -----------     -----------
  189        7984.000       0.000           0.000       0.000             189               0
   73        -346.980     126.136           0.000      -0.000              73               0
  164        -169.973     416.137           0.000       0.000             164               0
  151         541.457     159.122           0.000      -0.000             151               0
  207         446.392     -73.233           0.000       0.000             207               0
   41         971.726    -381.713           0.000      -0.000              41               0
   26        -575.307      16.887           0.000       0.000              26               0
   14           0.972      14.737           0.000      -0.000              14               0
  133        -213.137    -210.778           0.000       0.000             133               0
   40        -407.290    -148.443           0.000      -0.000              40               0
   11         115.551    -137.786           0.000       0.000              11               0
   26         559.173    -128.267           0.000      -0.000              26               0
  202        -192.727     480.685           0.000       0.000             202               0
  212        -538.313     284.718           0.000      -0.000             212               0
   47         -32.567     541.419           0.000       0.000              47               0
  101         591.894     986.413           0.000      -0.000             101               0
  246          18.997      -5.008           0.000       0.000             246               0
  173         156.567    -363.330           0.000      -0.000             173               0
  167        -864.203      95.471           0.000       0.000             167               0
  111        -406.082    -333.069           0.000      -0.000             111               0
  140         811.992    -346.507           0.000       0.000             140               0
  101        -190.906      60.970           0.000      -0.000             101               0
   38          83.643     -16.324           0.000       0.000              38               0
  193        -207.234    -584.426           0.000      -0.000             193               0
  125         351.128     673.227           0.000       0.000             125               0
  162          88.918    -447.650           0.000      -0.000             162               0
  252         240.291      52.049           0.000       0.000             252               0
  133        -544.323      92.378           0.000      -0.000             133               0
  104         478.354    -360.426           0.000       0.000             104               0
  204         122.817     305.121           0.000      -0.000             204               0
   92         178.564    -164.104           0.000       0.000              92               0
   85         887.606     284.930           0.000      -0.000              85               0
  109         198.000      -0.003           0.000       0.000             109               0
   13         887.613    -284.900           0.000       0.000              13               0
  134         178.542     164.105           0.000       0.000             134               0
  165         122.822    -305.120           0.000       0.000             165               0
   32         478.325     360.442           0.000       0.000              32               0
  255        -544.327     -92.411           0.000       0.000             255               0
  100         240.295     -52.043           0.000       0.000             100               0
  229          88.898     447.642           0.000       0.000             229               0
   33         351.149    -673.218           0.000       0.000              33               0
  208        -207.265     584.416           0.000       0.000             208               0
  219          83.641      16.315           0.000       0.000             219               0
    9        -190.899     -60.984           0.000       0.000               9               0
   36         811.970     346.533           0.000       0.000              36               0
  167        -406.114     333.035           0.000       0.000             167               0
  160        -864.193     -95.525           0.000       0.000             160               0
  125         156.568     363.316           0.000       0.000             125               0
  180          19.009       4.976           0.000       0.000             180               0
   91         591.938    -986.410           0.000       0.000              91               0
   83         -32.552    -541.423           0.000       0.000              83               0
  239        -538.297    -284.741           0.000       0.000             239               0
  185        -192.688    -480.687           0.000       0.000             185               0
  123         559.180     128.298           0.000       0.000             123               0
  109         115.544     137.792           0.000       0.000             109               0
   98        -407.290     148.423           0.000       0.000              98               0
   47        -213.127     210.763           0.000       0.000              47               0
   33           0.992     -14.744           0.000       0.000              33               0
  209        -575.270     -16.915           0.000       0.000             209               0
  156         971.748     381.745           0.000       0.000             156               0
   87         446.412      73.235           0.000       0.000              87               0
   53         541.486    -159.115           0.000       0.000              53               0
  225        -169.918    -416.152           0.000       0.000             225               0
  109        -346.872    -126.150           0.000       0.000             109               0
