SINAL     NFT                         FFT                         NFT INVERSA     FFT INVERSA
-----     -----------------------     -----------------------     -----------     -----------
  173        7564.000       0.000           0.000       0.000             173               1
  175        -555.614    -203.911           6.669     -14.101             175               0
    2        -865.236    -190.158           0.000       0.000               2              -0
   36         -14.585    -113.088         -17.275       4.327              36               0
   33         163.482     108.666           0.000       0.000              33               0
  118         367.719     553.175           6.108       4.530             118              -0
   72        -443.299     208.217           0.000       0.000              72              -0
  169         216.736    -663.067          -5.062       3.754             169               0
  150         157.635    -119.779           0.000       0.000             150               0
   50         347.616     405.710           1.326      -1.202              50               0
   79         465.671      98.234           0.000       0.000              79              -0
  212         405.010    -774.982          -5.028      -0.746             212               0
  233         444.832    -331.213           0.000       0.000             233               0
  132        -128.061     184.649           1.595       2.661             132              -0
  124         562.032    -898.041           0.000       0.000             124              -0
  150        -167.380     332.011           0.000       0.000             150               0
  148         571.992     716.003           0.000       0.000             148               0
   20         850.217    -518.181           0.973      -0.348              20               0
  160        -362.107    -124.741           0.000       0.000             160              -0
  250         -82.647    -460.128          -2.791      -1.673             250               0
  223         357.919     218.153           0.000       0.000             223               0
   13        -338.864    -334.834           0.316       2.131              13              -0
   87         415.068     340.848           0.000       0.000              87              -0
  202         -14.725      79.844          -2.323      -0.345             202               0
  175        -167.646     442.213           0.000       0.000             175               0
   30        -163.554     -41.234           0.812       0.040              30              -0
  176        -458.784    -559.016           0.000       0.000             176              -0
   88         247.302      82.956          -1.605      -2.164              88               0
  232        -506.223    -765.982           0.000       0.000             232               0
  102         591.093    -156.835          -0.454       1.812             102              -0
   14        -521.334    -522.685           0.000       0.000              14              -0
  174         103.740    -147.000           0.000       0.000             174               0
   69         552.000       0.018           0.000       0.000              69               0
  116         103.722     147.016           0.693       0.328             116              -0
   32        -521.355     522.668           0.000       0.000              32              -0
  180         591.085     156.860          -0.642      -2.563             180               0
   23        -506.259     765.953           0.000       0.000              23               0
  220         247.305     -82.957          -1.135       1.530             220              -0
  250        -458.808     558.984           0.000       0.000             250              -0
   44        -163.547      41.205          -1.343      -1.811              44               0
  104        -167.616    -442.233           0.000       0.000             104               0
  118         -14.707     -79.850           0.569       0.627             118              -0
  212         415.089    -340.830           0.000       0.000             212              -0
   45        -338.870     334.820           0.447      -3.014              45               0
  104         357.939    -218.139           0.000       0.000             104               0
   59         -82.660     460.123          -1.973       1.183              59              -0
  137        -362.090     124.718           0.000       0.000             137              -0
  229         850.215     518.199          -0.000       0.000             229               0
  245         572.023    -715.992           0.000       0.000             245               0
  164        -167.362    -332.007           0.384       1.073             164              -0
  182         562.001     898.064           0.000       0.000             182              -0
   97        -128.046    -184.663           2.255      -3.763              97               0
  123         444.830     331.231           0.000       0.000             123               0
   46         404.984     774.982          -3.555       0.527              46              -0
   29         465.677     -98.240           0.000       0.000              29              -0
  133         347.631    -405.706           0.729      -4.912             133               0
   91         157.628     119.784           0.000       0.000              91               0
   25         216.705     663.060          -0.111       2.269              25              -0
  169        -443.283    -208.262           0.000       0.000             169              -0
   33         367.756    -553.171           8.638      -6.406              33               0
  189         163.494    -108.660           0.000       0.000             189               0
    7         -14.581     113.085         -12.215      -3.060               7               0
   18        -865.209     190.114           0.000       0.000              18              -0
   69        -555.519     203.875           0.000       0.000              69               0
