SINAL     NFT                         FFT                         NFT INVERSA     FFT INVERSA
-----     -----------------------     -----------------------     -----------     -----------
  155        8300.000       0.000           0.000       0.000             155               0
  176        -143.021     661.490           0.000      -0.000             176               0
  120        -442.953    -288.182           0.000       0.000             120               0
   24          47.118    -149.078           0.000      -0.000              24               0
  154         799.746    -216.079           0.000       0.000             154               0
   42        -565.020     100.152           0.000      -0.000              42               0
  198        -259.209     571.212           0.000       0.000             198               0
  115         416.581     -43.291           0.000      -0.000             115               0
  169          43.993     265.267           0.000       0.000             169               0
  185         359.041    -837.031           0.000      -0.000             185               0
   38         196.446      88.268           0.000       0.000              38               0
  121         346.422    -597.053           0.000      -0.000             121               0
    4        -197.415    -176.343           0.000       0.000               4               0
   51         673.991     395.044           0.000      -0.000              51               0
  224         359.362      -1.971           0.000       0.000             224               0
  106         110.353    -233.668           0.000      -0.000             106               0
   80        -310.003     -16.003           0.000       0.000              80               0
  181         288.534     388.949           0.000      -0.000             181               0
  197         -72.524    -133.172           0.000       0.000             197               0
  227         334.421    -298.079           0.000      -0.000             227               0
   98        -752.311     445.705           0.000       0.000              98               0
   29         244.854    -591.978           0.000      -0.000              29               0
  191         -63.882     526.400           0.000       0.000             191               0
   16         248.826     -78.808           0.000      -0.000              16               0
  142        -153.988    -768.733           0.000       0.000             142               0
   69        -317.110    -158.935           0.000      -0.000              69               0
    0        -334.471     789.746           0.000       0.000              -0               0
   54         -35.285     -27.562           0.000      -0.000              54               0
  121        -174.043     725.975           0.000       0.000             121               0
  180          78.580     565.149           0.000      -0.000             180               0
  191        -406.795    -278.993           0.000       0.000             191               0
  253         263.706    -145.619           0.000      -0.000             253               0
    8         452.000       0.005           0.000       0.000               8               0
   95         263.688     145.618           0.000       0.000              95               0
  199        -406.813     278.953           0.000       0.000             199               0
   90          78.603    -565.169           0.000       0.000              90               0
  119        -174.015    -725.986           0.000       0.000             119               0
  234         -35.288      27.559           0.000       0.000             234               0
  151        -334.438    -789.755           0.000       0.000             151               0
   85        -317.109     158.939           0.000       0.000              85               0
  121        -154.007     768.725           0.000       0.000             121               0
  149         248.832      78.802           0.000       0.000             149               0
   14         -63.855    -526.405           0.000       0.000              14               0
  204         244.830     591.984           0.000       0.000             204               0
  238        -752.283    -445.744           0.000       0.000             238               0
  134         334.425     298.091           0.000       0.000             134               0
  252         -72.518     133.157           0.000       0.000             252               0
  142         288.559    -388.944           0.000       0.000             142               0
  211        -309.992      15.991           0.000       0.000             211               0
  186         110.364     233.668           0.000       0.000             186               0
  218         359.380       1.977           0.000       0.000             218               0
  111         674.013    -395.016           0.000       0.000             111               0
  191        -197.416     176.342           0.000       0.000             191               0
   97         346.409     597.063           0.000       0.000              97               0
  174         196.459     -88.266           0.000       0.000             174               0
   51         359.013     837.032           0.000       0.000              51               0
  103          44.011    -265.288           0.000       0.000             103               0
   68         416.584      43.291           0.000       0.000              68               0
  127        -259.180    -571.233           0.000       0.000             127               0
  200        -564.987    -100.174           0.000       0.000             200               0
  119         799.767     216.110           0.000       0.000             119               0
   94          47.133     149.072           0.000       0.000              94               0
   49        -442.917     288.146           0.000       0.000              49               0
  155        -142.882    -661.505           0.000       0.000             155               0
