SINAL     NFT                         FFT                         NFT INVERSA     FFT INVERSA
-----     -----------------------     -----------------------     -----------     -----------
   58        8903.000       0.000           0.000       0.000              58               0
  125        -732.753     287.665           0.000      -0.000             125               0
  134        -119.488    -163.877           0.000       0.000             134               0
  201         -99.450    -370.854           0.000      -0.000             201               0
   23         249.180    -333.172           0.000       0.000              23               0
  157         276.984    -109.120           0.000      -0.000             157               0
  134         500.425     430.012           0.000       0.000             134               0
  126        -511.184     -37.977           0.000      -0.000             126               0
  207        -207.281     449.803           0.000       0.000             207               0
   49         589.061     213.807           0.000      -0.000              49               0
  111        -400.531     178.173           0.000       0.000             111               0
   33         167.762    -579.729           0.000      -0.000              33               0
  153        -826.277      45.366           0.000       0.000             153               0
  244        -508.148      16.181           0.000      -0.000             244               0
  155         -11.308    -107.230           0.000       0.000             155               0
   70        -346.517     366.233           0.000      -0.000              70               0
   50         646.006    -676.993           0.000       0.000              50               0
  216        -529.775      86.918           0.000      -0.000             216               0
   45        -559.284     883.246           0.000       0.000              45               0
   92         537.968    -307.092           0.000      -0.000              92               0
  215        -393.456      14.967           0.000       0.000             215               0
  239        -286.931      89.933           0.000      -0.000             239               0
   12         254.042     325.562           0.000       0.000              12               0
  219         -74.333    -272.601           0.000      -0.000             219               0
  228         385.275     207.809           0.000       0.000             228               0
   95         268.429      84.596           0.000      -0.000              95               0
   25         134.816    -311.256           0.000       0.000              25               0
   79        -298.550    -165.374           0.000      -0.000              79               0
  247        -289.440    -899.575           0.000       0.000             247               0
  190        -423.314     242.180           0.000      -0.000             190               0
  209        -246.692     153.954           0.000       0.000             209               0
  169         -77.240    -920.452           0.000      -0.000             169               0
  186         673.000       0.026           0.000       0.000             186               0
   99         -77.291     920.454           0.000       0.000              99               0
  163        -246.693    -153.970           0.000       0.000             163               0
  172        -423.305    -242.187           0.000       0.000             172               0
  140        -289.471     899.567           0.000       0.000             140               0
  238        -298.544     165.351           0.000       0.000             238               0
  111         134.817     311.249           0.000       0.000             111               0
   17         268.441     -84.599           0.000       0.000              17               0
  236         385.282    -207.798           0.000       0.000             236               0
  226         -74.348     272.590           0.000       0.000             226               0
  237         254.050    -325.560           0.000       0.000             237               0
   69        -286.934     -89.947           0.000       0.000              69               0
  203        -393.449     -14.985           0.000       0.000             203               0
   80         537.953     307.102           0.000       0.000              80               0
  164        -559.253    -883.274           0.000       0.000             164               0
   54        -529.758     -86.926           0.000       0.000              54               0
  250         645.983     677.020           0.000       0.000             250               0
  142        -346.506    -366.255           0.000       0.000             142               0
  197         -11.314     107.230           0.000       0.000             197               0
  180        -508.148     -16.204           0.000       0.000             180               0
  212        -826.258     -45.398           0.000       0.000             212               0
  145         167.759     579.729           0.000       0.000             145               0
  134        -400.501    -178.205           0.000       0.000             134               0
   84         589.087    -213.792           0.000       0.000              84               0
  188        -207.254    -449.813           0.000       0.000             188               0
   25        -511.160      37.957           0.000       0.000              25               0
   63         500.473    -429.986           0.000       0.000              63               0
   22         277.000     109.143           0.000       0.000              22               0
  121         249.185     333.187           0.000       0.000             121               0
  126         -99.439     370.845           0.000       0.000             126               0
  177        -119.450     163.861           0.000       0.000             177               0
  132        -732.627    -287.703           0.000       0.000             132               0
