SINAL     NFT                         FFT                         NFT INVERSA     FFT INVERSA
-----     -----------------------     -----------------------     -----------     -----------
  235        7877.000       0.000           0.000       0.000             235               1
  231         123.530     223.304           6.669     -14.101             231               0
  170        1017.949    -442.287           0.000       0.000             170              -0
   96         507.668     -65.664         -17.275       4.327              96               0
  184         611.238    -152.538           0.000       0.000             184               0
  211        -344.768     509.455           6.108       4.530             211              -0
   29         733.208    -357.988           0.000       0.000              29              -0
  177         -20.383     406.938          -5.062       3.754             177               0
  135        -570.982     130.024           0.000       0.000             135               0
   41         253.870    -332.981           1.326      -1.202              41               0
  187         355.306    -443.816           0.000       0.000             187              -0
   22          12.516     774.842          -5.028      -0.746              22               0
  173         412.722     175.818           0.000       0.000             173               0
   76        -684.622    -520.046           1.595       2.661              76              -0
   29        -292.533     264.602           0.000       0.000              29              -0
  151         667.899    -744.015           0.000       0.000             151               0
    3          32.003    -469.001           0.000       0.000               3               0
  161         636.718     -22.610           0.973      -0.348             161               0
   54         229.732    -109.028           0.000       0.000              54              -0
   18        -310.542    -237.615          -2.791      -1.673              18               0
   79          21.770    -555.230           0.000       0.000              79               0
  249         103.835     225.768           0.316       2.131             249              -0
  218        -212.668      48.623           0.000       0.000             218              -0
  103        -483.075    -116.463          -2.323      -0.345             103               0
    0        -595.026     652.018           0.000       0.000              -0               0
    1         376.557      88.990           0.812       0.040               1              -0
  236         484.723    -112.426           0.000       0.000             236              -0
   79         933.138    -401.575          -1.605      -2.164              79               0
   76        -473.736    -227.599           0.000       0.000              76               0
   66          -3.452     100.122          -0.454       1.812              66              -0
  115         292.265     449.193           0.000       0.000             115              -0
  183        -424.901    -208.456           0.000       0.000             183               0
  151         383.000       0.005           0.000       0.000             151               0
  200        -424.909     208.425           0.693       0.328             200              -0
  230         292.289    -449.190           0.000       0.000             230              -0
  149          -3.448    -100.120          -0.642      -2.563             149               0
  230        -473.730     227.579           0.000       0.000             230               0
   61         933.134     401.604          -1.135       1.530              61              -0
  155         484.710     112.429           0.000       0.000             155              -0
   75         376.542     -88.994          -1.343      -1.811              75               0
  111        -595.013    -652.049           0.000       0.000             111               0
   15        -483.076     116.444           0.569       0.627              15              -0
  192        -212.653     -48.636           0.000       0.000             192              -0
  117         103.856    -225.759           0.447      -3.014             117               0
  169          21.755     555.233           0.000       0.000             169               0
  235        -310.536     237.593          -1.973       1.183             235              -0
  167         229.749     109.029           0.000       0.000             167              -0
   87         636.727      22.633          -0.000       0.000              87               0
   57          31.990     468.998           0.000       0.000              57               0
   74         667.866     744.023           0.384       1.073              74              -0
   26        -292.529    -264.635           0.000       0.000              26              -0
  108        -684.628     519.998           2.255      -3.763             108               0
  255         412.751    -175.828           0.000       0.000             255               0
   92          12.564    -774.849          -3.555       0.527              92              -0
    0         355.302     443.829           0.000       0.000               0              -0
   44         253.862     332.974           0.729      -4.912              44               0
   57        -570.959    -130.069           0.000       0.000              57               0
  197         -20.330    -406.949          -0.111       2.269             197              -0
   60         733.220     358.006           0.000       0.000              60              -0
   88        -344.715    -509.481           8.638      -6.406              88               0
  166         611.277     152.561           0.000       0.000             166               0
  198         507.711      65.678         -12.215      -3.060             198               0
  181        1017.980     442.314           0.000       0.000             181              -0
  142         123.632    -223.317           0.000       0.000             142               0
