SINAL     NFT                         FFT                         NFT INVERSA     FFT INVERSA
-----     -----------------------     -----------------------     -----------     -----------
   65        8479.000       0.000           0.000       0.000              65               0
  171         367.311     432.743           0.000      -0.000             171               0
  207        -294.560    -557.787           0.000       0.000             207               0
  110          64.430     -46.882           0.000      -0.000             110               0
  209         392.149    -567.895           0.000       0.000             209               0
  236         520.257    -321.750           0.000      -0.000             236               0
  176        -379.211     444.474           0.000       0.000             176               0
   56         324.517    -211.241           0.000      -0.000              56               0
    8        -434.785     -52.404           0.000       0.000               8               0
   93        -631.086    -148.592           0.000      -0.000              93               0
  254        -505.356     826.776           0.000       0.000             254               0
  254          46.251     544.265           0.000      -0.000             254               0
   63         686.796    -401.662           0.000       0.000              63               0
   24         370.915     623.104           0.000      -0.000              24               0
  101        -325.398    -638.688           0.000       0.000             101               0
  229        -779.070    -705.387           0.000      -0.000             229               0
   32        -275.001       3.999           0.000       0.000              32               0
  254        -677.658     397.032           0.000      -0.000             254               0
  220         222.097    -592.037           0.000       0.000             220               0
  101         217.508    -240.477           0.000      -0.000             101               0
  109        -620.359     -62.446           0.000       0.000             109               0
   45        -306.032     249.134           0.000      -0.000              45               0
   76          79.264     -46.476           0.000       0.000              76               0
  118         -96.430    -251.885           0.000      -0.000             118               0
   86        -279.219     131.595           0.000       0.000              86               0
   87        -132.553     181.443           0.000      -0.000              87               0
    3         549.124     170.805           0.000       0.000               3               0
  155        -623.772    -285.462           0.000      -0.000             155               0
  130         -14.590     371.327           0.000       0.000             130               0
  183        -303.027     -11.740           0.000      -0.000             183               0
   92         334.045    -239.563           0.000       0.000              92               0
   18         310.440    -425.541           0.000      -0.000              18               0
  148          67.000       0.007           0.000       0.000             148               0
   77         310.421     425.557           0.000       0.000              77               0
  124         334.023     239.570           0.000       0.000             124               0
   41        -303.038      11.717           0.000       0.000              41               0
  170         -14.581    -371.330           0.000       0.000             170               0
  227        -623.781     285.435           0.000       0.000             227               0
  157         549.134    -170.789           0.000       0.000             157               0
  247        -132.555    -181.449           0.000       0.000             247               0
  149        -279.216    -131.602           0.000       0.000             149               0
   84         -96.439     251.883           0.000       0.000              84               0
   51          79.259      46.476           0.000       0.000              51               0
  203        -306.028    -249.146           0.000       0.000             203               0
  224        -620.354      62.427           0.000       0.000             224               0
   66         217.508     240.491           0.000       0.000              66               0
   49         222.066     592.039           0.000       0.000              49               0
  191        -677.645    -397.068           0.000       0.000             191               0
  221        -274.996      -4.003           0.000       0.000             221               0
  175        -779.085     705.354           0.000       0.000             175               0
  181        -325.395     638.652           0.000       0.000             181               0
  150         370.968    -623.105           0.000       0.000             150               0
  176         686.786     401.677           0.000       0.000             176               0
  170          46.268    -544.281           0.000       0.000             170               0
  222        -505.321    -826.793           0.000       0.000             222               0
   52        -631.077     148.577           0.000       0.000              52               0
  112        -434.756      52.389           0.000       0.000             112               0
   68         324.537     211.252           0.000       0.000              68               0
  143        -379.161    -444.486           0.000       0.000             143               0
   52         520.280     321.783           0.000       0.000              52               0
   97         392.153     567.909           0.000       0.000              97               0
  141          64.460      46.878           0.000       0.000             141               0
  218        -294.523     557.761           0.000       0.000             218               0
  128         367.446    -432.742           0.000       0.000             128               0
