SINAL     NFT                         FFT                         NFT INVERSA     FFT INVERSA
-----     -----------------------     -----------------------     -----------     -----------
  145        7940.000       0.000           0.000       0.000             145               0
   40        -143.740    -203.706           0.000      -0.000              40               0
  237        -431.755      29.624           0.000       0.000             237               0
    9          42.152    -862.641           0.000      -0.000               9               0
   34         720.375     790.496           0.000       0.000              34               0
  194        -457.480    -177.065           0.000      -0.000             194               0
  123          -5.212     229.968           0.000       0.000             123               0
  159         301.317    -317.936           0.000      -0.000             159               0
  174         341.234      -8.610           0.000       0.000             174               0
   53         726.271     762.660           0.000      -0.000              53               0
  173          13.496    -462.786           0.000       0.000             173               0
  109         646.548    -150.643           0.000      -0.000             109               0
  119         380.501     488.106           0.000       0.000             119               0
  137        -183.750     211.151           0.000      -0.000             137               0
  184         178.797      16.538           0.000       0.000             184               0
  178        -379.268     375.808           0.000      -0.000             178               0
    7        -506.000    -242.005           0.000       0.000               7               0
  245         222.057     451.282           0.000      -0.000             245               0
   40        -650.637     722.081           0.000       0.000              40               0
  197        -161.260    -168.095           0.000      -0.000             197               0
  113        -652.487    -203.179           0.000       0.000             113               0
  219        -267.850     541.494           0.000      -0.000             219               0
   20        -250.546     474.093           0.000       0.000              20               0
  154         342.711     360.921           0.000      -0.000             154               0
   37        -541.239     523.372           0.000       0.000              37               0
   96         517.422     121.729           0.000      -0.000              96               0
  129         151.559     377.778           0.000       0.000             129               0
  217         736.256    -242.614           0.000      -0.000             217               0
  204        -200.401    -124.787           0.000       0.000             204               0
  204        -140.698     311.635           0.000      -0.000             204               0
  140         394.257     834.108           0.000       0.000             140               0
  223         471.273    -319.618           0.000      -0.000             223               0
    3       -1088.000      -0.032           0.000       0.000               3               0
  202         471.275     319.609           0.000       0.000             202               0
  139         394.289    -834.115           0.000       0.000             139               0
   12        -140.689    -311.646           0.000       0.000              12               0
   98        -200.397     124.771           0.000       0.000              98               0
   43         736.250     242.625           0.000       0.000              43               0
   33         151.568    -377.793           0.000       0.000              33               0
    5         517.413    -121.726           0.000       0.000               5               0
   36        -541.227    -523.411           0.000       0.000              36               0
  244         342.720    -360.917           0.000       0.000             244               0
  215        -250.539    -474.111           0.000       0.000             215               0
   61        -267.836    -541.502           0.000       0.000              61               0
   78        -652.495     203.153           0.000       0.000              78               0
  195        -161.261     168.074           0.000       0.000             195               0
  199        -650.594    -722.120           0.000       0.000             199               0
  223         222.088    -451.268           0.000       0.000             223               0
  216        -506.000     241.984           0.000       0.000             216               0
  231        -379.229    -375.828           0.000       0.000             231               0
   70         178.821     -16.532           0.000       0.000              70               0
   54        -183.717    -211.163           0.000       0.000              54               0
  117         380.549    -488.086           0.000       0.000             117               0
  118         646.557     150.678           0.000       0.000             118               0
   37          13.492     462.778           0.000       0.000              37               0
  119         726.317    -762.635           0.000       0.000             119               0
   62         341.239       8.634           0.000       0.000              62               0
  143         301.307     317.948           0.000       0.000             143               0
  113          -5.198    -229.971           0.000       0.000             113               0
  162        -457.465     177.041           0.000       0.000             162               0
   17         720.434    -790.457           0.000       0.000              17               0
   14          42.135     862.651           0.000       0.000              14               0
  114        -431.708     -29.650           0.000       0.000             114               0
  254        -143.642     203.694           0.000       0.000             254               0
