SINAL     NFT                         FFT                         NFT INVERSA     FFT INVERSA
-----     -----------------------     -----------------------     -----------     -----------
   56       16900.000       0.000           0.000       0.000              56               1
  117         146.359    1116.222         -10.698      10.423             117               0
   53        -182.796     729.391           0.000       0.000              53              -0
   29       -1505.940     -72.911         -33.729      11.142              29               0
   59        -771.333     992.072           0.000       0.000              59               0
  128        -562.402    -275.357          30.781      20.528             128              -0
  123         262.297      88.413           0.000       0.000             123              -0
  171        -188.942     567.775          -8.563       8.994             171               0
   43        -234.859      11.731           0.000       0.000              43               0
   31         168.144    -210.429          -1.403       0.911              31               0
  160          56.538     361.612           0.000       0.000             160              -0
   96        -492.388    -232.222          -9.724       1.199              96               0
  103        -223.678      55.340           0.000       0.000             103               0
  206        -847.755     243.626          10.218      10.200             206              -0
  135        -211.766     258.617           0.000       0.000             135              -0
   14        1049.656     -81.507          -3.469       4.445              14               0
  223         299.148     538.117           0.000       0.000             223               0
  189        -879.134    -479.082          -0.840       0.335             189               0
  219        -386.153     293.807           0.000       0.000             219              -0
  218         275.983    1087.207          -5.796      -0.428             218               0
   10        -686.089     -29.075           0.000       0.000              10               0
   29          64.515    -548.500           5.111       7.635              29              -0
  139         774.969    -529.609           0.000       0.000             139              -0
  229        1639.842    -204.724          -3.628       1.608             229               0
   73        -954.535    -317.202           0.000       0.000              73               0
  211        -139.222   -1592.033          -0.626       0.116             211               0
  105         259.353     594.594           0.000       0.000             105              -0
  180         176.424     455.295          -4.094      -1.133             180               0
  209         413.601     394.153           0.000       0.000             209               0
   17          87.995    -491.960           2.659       6.404              17              -0
    9        -363.248    -364.315           0.000       0.000               9              -0
  164        -423.735    -243.882          -2.295       1.791             164               0
   90        -112.998    -144.998           0.000       0.000              90               0
  136        -131.864     273.556          -0.506      -0.007             136               0
  216           0.732     222.126           0.000       0.000             216              -0
   77        -233.287    -450.773          -3.083      -1.552              77               0
    0        -163.582     669.860           0.000       0.000              -0               0
  152         -13.398     303.812           1.126       5.633             152              -0
   44        -353.587     207.369           0.000       0.000              44              -0
   57        -332.426    -896.095          -2.596       0.064              57               0
  187         298.255    -392.851           0.000       0.000             187               0
   51         682.847     -86.553          -0.424      -0.090              51               0
  117        -156.997   -1375.290           0.000       0.000             117              -0
   69        -889.083   -1217.202          -2.368      -1.848              69               0
   83        -454.430     133.493           0.000       0.000              83               0
  123         528.446     843.080           0.004       5.070             123              -0
  159        1071.544    -609.693           0.000       0.000             159              -0
   64        -704.771    1266.247          -2.203       0.272              64               0
  133         724.850    -335.865           0.000       0.000             133               0
  168        -129.943     134.534          -0.361      -0.155             168              -0
   32         615.806     779.668           0.000       0.000              32              -0
  222        -812.228    -522.452          -1.798      -2.084             222               0
   53         486.106    -110.750           0.000       0.000              53               0
  231         114.384    -159.888          -0.913       4.610             231              -0
  161         -73.345     736.043           0.000       0.000             161              -0
   58         959.997     583.908          -2.030      -0.783              58               0
  254         -84.887     192.045           0.000       0.000             254               0
   89        -702.916     261.474          -0.307      -0.211              89              -0
   91         -60.960    -332.799           0.000       0.000              91              -0
  205       -1392.236     -82.777          -1.298      -2.291             205               0
  107         -96.602      35.129           0.000       0.000             107               0
  188        -385.901      67.204          -1.734       4.197             188              -0
  245         107.610    -881.694           0.000       0.000             245              -0
  127         520.921     -12.185           0.000       0.000             127               0
  192        -626.000      -0.018           0.000       0.000             192               0
   46         520.926      12.251          -0.256      -0.263              46              -0
  123         107.509     881.699           0.000       0.000             123              -0
  225        -385.918     -67.263          -0.822      -2.488             225               0
  114         -96.627     -35.150           0.000       0.000             114               0
  101       -1392.238      82.651          -2.532       3.796             101              -0
   78         -60.954     332.768           0.000       0.000              78              -0
  115        -702.855    -261.566          -1.561      -1.486             115               0
  133         -84.806    -192.078           0.000       0.000             133               0
  218         960.075    -583.843          -0.205      -0.315             218              -0
   56         -73.281    -736.029           0.000       0.000              56              -0
   83         114.386     159.926          -0.332      -2.691              83               0
   27         486.089     110.803           0.000       0.000              27               0
  189        -812.260     522.366          -3.370       3.376             189              -0
  135         615.897    -779.630           0.000       0.000             135              -0
  158        -129.919    -134.527          -1.715      -1.338             158               0
    2         724.820     335.915           0.000       0.000               2               0
  134        -704.654   -1266.288          -0.149      -0.372             134              -0
   40        1071.508     609.814           0.000       0.000              40              -0
  159         528.474    -843.008           0.215      -2.918             159               0
  213        -454.463    -133.451           0.000       0.000             213               0
  105        -889.181    1217.187          -4.325       2.896             105              -0
  206        -157.073    1375.266           0.000       0.000             206              -0
  242         682.855      86.582          -1.018      -2.297             242               0
  162         298.199     392.866           0.000       0.000             162               0
  225        -332.521     896.027          -0.082      -0.441             225              -0
   16        -353.568    -207.454           0.000       0.000              16              -0
   23         -13.366    -303.845           0.884      -3.195              23               0
  117        -163.524    -669.871           0.000       0.000             117               0
  242        -233.315     450.757          -5.524       2.294             242              -0
  226           0.760    -222.139           0.000       0.000             226              -0
   97        -131.835    -273.558          -1.705      -2.185              97               0
   73        -113.005     145.005           0.000       0.000              73               0
   67        -423.741     243.854           0.007      -0.532              67              -0
   41        -363.242     364.281           0.000       0.000              41              -0
  247          87.998     491.939           1.799      -3.573             247               0
  223         413.661    -394.149           0.000       0.000             223               0
   70         176.475    -455.278          -7.219       1.442              70              -0
  168         259.406    -594.521           0.000       0.000             168              -0
  173        -139.355    1592.046          -0.090      -3.686             173               0
  207        -954.503     317.092           0.000       0.000             207               0
  206        1639.873     204.843           0.142      -0.670             206              -0
  177         774.895     529.649           0.000       0.000             177              -0
  130          64.425     548.453           3.262      -4.179             130               0
  128        -686.102      28.945           0.000       0.000             128               0
  218         276.073   -1087.220         -10.073       0.009             218              -0
  166        -386.140    -293.830           0.000       0.000             166              -0
  216        -879.142     478.993          -0.613      -4.970             216               0
  240         299.248    -538.113           0.000       0.000             240               0
  196        1049.649      81.585           0.402      -0.936             196              -0
  237        -211.780    -258.650           0.000       0.000             237              -0
    0        -847.732    -243.700           6.308      -5.441               0               0
  235        -223.645     -55.356           0.000       0.000             235               0
  158        -492.368     232.168         -16.657      -3.298             158               0
  201          56.616    -361.618           0.000       0.000             201              -0
  162         168.158     210.435           3.488      -9.041             162               0
  194        -234.827     -11.777           0.000       0.000             194               0
   32        -188.846    -567.804           1.214      -1.767              32              -0
  161         262.342     -88.388           0.000       0.000             161              -0
  231        -562.386     275.286          18.574     -10.522             231               0
   69        -771.173    -992.148           0.000       0.000              69               0
  181       -1505.782      72.788         -56.898     -23.510             181               0
   86        -182.464    -729.409           0.000       0.000              86              -0
   68         146.922   -1116.160           0.000       0.000              68               0
