SINAL     NFT                         FFT                         NFT INVERSA     FFT INVERSA
-----     -----------------------     -----------------------     -----------     -----------
  171       16973.000       0.000           0.000       0.000             171               1
   54        -182.304     281.204         -10.698      10.423              54               0
  188         520.820     480.844           0.000       0.000             188              -0
  122        -470.887    -689.173         -33.729      11.142             122               0
  104         650.635     133.303           0.000       0.000             104               0
  129         -36.142     314.523          30.781      20.528             129              -0
   61         811.298     361.228           0.000       0.000              61              -0
  150          45.782     570.690          -8.563       8.994             150               0
  175         452.147     270.527           0.000       0.000             175               0
   30        -501.899     334.000          -1.403       0.911              30               0
  235        -658.338     102.887           0.000       0.000             235              -0
  213        -372.814    -147.856          -9.724       1.199             213               0
   28        -206.399    1266.736           0.000       0.000              28               0
   14         532.284     230.832          10.218      10.200              14              -0
  211         195.783     148.191           0.000       0.000             211              -0
   58         304.151   -1286.288          -3.469       4.445              58               0
   53       -1036.354    -394.681           0.000       0.000              53               0
  199        -561.753    -364.867          -0.840       0.335             199               0
  238         533.091     160.613           0.000       0.000             238              -0
  124          70.067    -323.321          -5.796      -0.428             124               0
  208         882.596     -81.256           0.000       0.000             208               0
  251        -683.643    -380.820           5.111       7.635             251              -0
   27         -54.708    1171.198           0.000       0.000              27              -0
   46         912.073     618.757          -3.628       1.608              46               0
    6        -323.068    -404.413           0.000       0.000               6               0
  135        -787.335    1092.013          -0.626       0.116             135               0
   33         164.552     515.668           0.000       0.000              33              -0
  217        -854.841   -1237.277          -4.094      -1.133             217               0
  189         357.514    -347.475           0.000       0.000             189               0
  202        -651.374     976.047           2.659       6.404             202              -0
   39        -340.687    -906.775           0.000       0.000              39              -0
   69        -231.579      21.175          -2.295       1.791              69               0
   17        -331.995       8.992           0.000       0.000              17               0
  183          22.913    -285.282          -0.506      -0.007             183               0
  142        -294.000     837.361           0.000       0.000             142              -0
  154        -231.223     540.774          -3.083      -1.552             154               0
   76        1606.969    -255.602           0.000       0.000              76               0
   48        1036.297     379.293           1.126       5.633              48              -0
  115        -558.638    -641.292           0.000       0.000             115              -0
  255          29.770    -546.361          -2.596       0.064             255               0
  158       -1102.352   -1337.369           0.000       0.000             158               0
   10        -171.223     652.245          -0.424      -0.090              10               0
   19        -310.563      32.309           0.000       0.000              19              -0
  225        -444.817     342.291          -2.368      -1.848             225               0
  134         599.764    -293.301           0.000       0.000             134               0
  252         -59.011     442.659           0.004       5.070             252              -0
    8        1226.730     122.597           0.000       0.000               8              -0
  141          26.903     181.348          -2.203       0.272             141               0
   25         526.336     639.341           0.000       0.000              25               0
  205         303.989     206.944          -0.361      -0.155             205              -0
  239          37.953      35.915           0.000       0.000             239              -0
  135        1204.241      32.899          -1.798      -2.084             135               0
  176          50.526     271.645           0.000       0.000             176               0
  141         -18.330    -113.716          -0.913       4.610             141              -0
   44         712.377     564.228           0.000       0.000              44              -0
  142         106.546    -125.986          -2.030      -0.783             142               0
  207         201.258     657.580           0.000       0.000             207               0
    6         346.230     449.149          -0.307      -0.211               6              -0
  181        -814.798    -701.736           0.000       0.000             181              -0
  191        -857.816     159.726          -1.298      -2.291             191               0
  131         442.454    -869.857           0.000       0.000             131               0
  233         926.419    1156.166          -1.734       4.197             233              -0
  214         749.021    1156.581           0.000       0.000             214              -0
  164         -30.865     -37.125           0.000       0.000             164               0
  211       -1905.000      -0.111           0.000       0.000             211               0
  214         -30.797      37.047          -0.256      -0.263             214              -0
   54         749.160   -1156.573           0.000       0.000              54              -0
   83         926.509   -1156.068          -0.822      -2.488              83               0
  170         442.332     869.907           0.000       0.000             170               0
  242        -857.834    -159.817          -2.532       3.796             242              -0
  154        -814.825     701.629           0.000       0.000             154              -0
  183         346.311    -449.177          -1.561      -1.486             183               0
   67         201.337    -657.584           0.000       0.000              67               0
  141         106.564     125.977          -0.205      -0.315             141              -0
   12         712.437    -564.185           0.000       0.000              12              -0
  151         -18.336     113.703          -0.332      -2.691             151               0
   25          50.581    -271.658           0.000       0.000              25               0
   75        1204.250     -32.812          -3.370       3.376              75              -0
  243          37.940     -35.936           0.000       0.000             243              -0
   93         304.008    -206.948          -1.715      -1.338              93               0
   11         526.382    -639.310           0.000       0.000              11               0
   86          26.920    -181.343          -0.149      -0.372              86              -0
  223        1226.719    -122.498           0.000       0.000             223              -0
  182         -59.016    -442.656           0.215      -2.918             182               0
   38         599.693     293.355           0.000       0.000              38               0
  109        -444.839    -342.332          -4.325       2.896             109              -0
  187        -310.584     -32.329           0.000       0.000             187              -0
  140        -171.194    -652.220          -1.018      -2.297             140               0
  108       -1102.457    1337.304           0.000       0.000             108               0
   30          29.758     546.337          -0.082      -0.441              30              -0
  173        -558.639     641.195           0.000       0.000             173              -0
  101        1036.384    -379.253           0.884      -3.195             101               0
  166        1606.917     255.695           0.000       0.000             166               0
  178        -231.240    -540.837          -5.524       2.294             178              -0
  121        -293.957    -837.384           0.000       0.000             121              -0
  112          22.868     285.296          -1.705      -2.185             112               0
  245        -332.014      -9.025           0.000       0.000             245               0
  176        -231.587     -21.191           0.007      -0.532             176              -0
   59        -340.771     906.715           0.000       0.000              59              -0
  100        -651.276    -976.125           1.799      -3.573             100               0
  208         357.492     347.522           0.000       0.000             208               0
  173        -854.935    1237.158          -7.219       1.442             173              -0
   31         164.615    -515.734           0.000       0.000              31              -0
  223        -787.218   -1092.098          -0.090      -3.686             223               0
   47        -323.037     404.372           0.000       0.000              47               0
  245         912.161    -618.716           0.142      -0.670             245              -0
  125         -54.609   -1171.183           0.000       0.000             125              -0
  250        -683.634     380.798           3.262      -4.179             250               0
   53         882.629      81.340           0.000       0.000              53               0
  249          70.049     323.325         -10.073       0.009             249              -0
   79         533.097    -160.567           0.000       0.000              79              -0
  213        -561.797     364.828          -0.613      -4.970             213               0
    7       -1036.343     394.595           0.000       0.000               7               0
  125         304.108    1286.267           0.402      -0.936             125              -0
  105         195.840    -148.254           0.000       0.000             105              -0
  129         532.325    -230.855           6.308      -5.441             129               0
  149        -206.283   -1266.776           0.000       0.000             149               0
  133        -372.800     147.826         -16.657      -3.298             133               0
    3        -658.274    -102.965           0.000       0.000               3              -0
   16        -501.776    -334.064           3.488      -9.041              16               0
  165         452.266    -270.507           0.000       0.000             165               0
  199          45.924    -570.694           1.214      -1.767             199              -0
  199         811.413    -361.153           0.000       0.000             199              -0
  218         -36.028    -314.509          18.574     -10.522             218               0
   73         650.747    -133.222           0.000       0.000              73               0
  248        -470.801     689.130         -56.898     -23.510             248               0
  171         521.085    -480.817           0.000       0.000             171              -0
  124        -181.840    -281.207           0.000       0.000             124               0
