SINAL     NFT                         FFT                         NFT INVERSA     FFT INVERSA
-----     -----------------------     -----------------------     -----------     -----------
   77       15877.000       0.000           0.000       0.000              77               1
   79         473.150    -653.292         -10.698      10.423              79               0
   86        -393.245    -512.253           0.000       0.000              86              -0
  226        -443.142    -247.986         -33.729      11.142             226               0
  210        -246.857     144.687           0.000       0.000             210               0
  114         262.696     191.468          30.781      20.528             114              -0
  147        -530.550     661.569           0.000       0.000             147              -0
  204         579.514     379.649          -8.563       8.994             204               0
   59        -682.648    -783.359           0.000       0.000              59               0
   86          -9.139    -992.048          -1.403       0.911              86               0
    1        -280.256    -338.569           0.000       0.000               1              -0
  196        -355.854    -296.174          -9.724       1.199             196               0
  123        -659.573     183.542           0.000       0.000             123               0
   62        -669.787    -744.805          10.218      10.200              62              -0
  243       -1211.206     328.186           0.000       0.000             243              -0
  207        -641.032    -855.279          -3.469       4.445             207               0
  219         -49.211     348.694           0.000       0.000             219               0
  197         826.715    -156.736          -0.840       0.335             197               0
   94         203.004    -445.464           0.000       0.000              94              -0
  186        -544.934    -428.121          -5.796      -0.428             186               0
  244         527.701    1169.840           0.000       0.000             244               0
   55        -438.602    -342.167           5.111       7.635              55              -0
  194         216.850    -100.575           0.000       0.000             194              -0
  173         -23.833     377.851          -3.628       1.608             173               0
  224        -279.624     -62.374           0.000       0.000             224               0
  108        -366.008     133.011          -0.626       0.116             108               0
   16           5.051    -144.613           0.000       0.000              16              -0
   78         214.487    -705.982          -4.094      -1.133              78               0
  186         270.253     349.893           0.000       0.000             186               0
   52        -352.700    -370.144           2.659       6.404              52              -0
  246        -251.741     733.433           0.000       0.000             246              -0
  102        -509.687     971.430          -2.295       1.791             102               0
  244         771.980    1225.004           0.000       0.000             244               0
  123         -81.972    -188.756          -0.506      -0.007             123               0
   18         298.948    -575.098           0.000       0.000              18              -0
  184         260.527     576.246          -3.083      -1.552             184               0
  192         391.487     455.042           0.000       0.000             192               0
  106        -753.000    -131.880           1.126       5.633             106              -0
  184         123.379    -684.166           0.000       0.000             184              -0
  144         699.629    -653.597          -2.596       0.064             144               0
   81         314.102     772.851           0.000       0.000              81               0
  101        -855.002    -280.182          -0.424      -0.090             101               0
    2        -970.422    -536.667           0.000       0.000               2              -0
  203         789.622      80.665          -2.368      -1.848             203               0
  109        -604.687    -351.316           0.000       0.000             109               0
  180         153.253   -1049.381           0.004       5.070             180              -0
    5        1226.026     279.475           0.000       0.000               5              -0
   91         182.808   -1113.066          -2.203       0.272              91               0
   79         809.228    -907.268           0.000       0.000              79               0
   55        -695.226    -568.490          -0.361      -0.155              55              -0
  200        -586.507    1175.530           0.000       0.000             200              -0
  196        1102.260    -195.222          -1.798      -2.084             196               0
   71        -722.122     572.600           0.000       0.000              71               0
  210         471.046    -215.153          -0.913       4.610             210              -0
  160          86.983     608.701           0.000       0.000             160              -0
   63         252.364     503.787          -2.030      -0.783              63               0
  220        -419.870      55.832           0.000       0.000             220               0
   18         419.025    -316.322          -0.307      -0.211              18              -0
  210        -250.927    -422.504           0.000       0.000             210              -0
   41         344.739     556.289          -1.298      -2.291              41               0
  173         643.772   -1303.934           0.000       0.000             173               0
  122        -570.042      58.915          -1.734       4.197             122              -0
   39        -421.403     421.802           0.000       0.000              39              -0
  225        -169.814     191.684           0.000       0.000             225               0
   91         219.000       0.003           0.000       0.000              91               0
    3        -169.809    -191.705          -0.256      -0.263               3              -0
   13        -421.366    -421.823           0.000       0.000              13              -0
   25        -570.001     -58.922          -0.822      -2.488              25               0
  150         643.696    1303.984           0.000       0.000             150               0
  166         344.781    -556.282          -2.532       3.796             166              -0
  119        -250.960     422.484           0.000       0.000             119              -0
  209         418.998     316.331          -1.561      -1.486             209               0
  180        -419.862     -55.903           0.000       0.000             180               0
   89         252.422    -503.789          -0.205      -0.315              89              -0
   40          87.042    -608.684           0.000       0.000              40              -0
  174         471.018     215.200          -0.332      -2.691             174               0
  126        -722.063    -572.652           0.000       0.000             126               0
  170        1102.244     195.323          -3.370       3.376             170              -0
   90        -586.433   -1175.537           0.000       0.000              90              -0
    3        -695.237     568.508          -1.715      -1.338               3               0
  186         809.190     907.373           0.000       0.000             186               0
  110         182.732    1113.068          -0.149      -0.372             110              -0
   84        1226.036    -279.380           0.000       0.000              84              -0
  206         153.113    1049.390           0.215      -2.918             206               0
   16        -604.733     351.228           0.000       0.000              16               0
   59         789.601     -80.620          -4.325       2.896              59              -0
  185        -970.503     536.565           0.000       0.000             185              -0
   49        -854.995     280.065          -1.018      -2.297              49               0
  211         314.212    -772.837           0.000       0.000             211               0
  171         699.579     653.661          -0.082      -0.441             171              -0
  104         123.296     684.139           0.000       0.000             104              -0
   74        -753.004     131.756           0.884      -3.195              74               0
  174         391.551    -455.057           0.000       0.000             174               0
    8         260.580    -576.233          -5.524       2.294               8              -0
   75         298.894     575.105           0.000       0.000              75              -0
  236         -81.988     188.682          -1.705      -2.185             236               0
   95         772.061   -1224.989           0.000       0.000              95               0
   24        -509.637    -971.467           0.007      -0.532              24              -0
  139        -251.683    -733.413           0.000       0.000             139              -0
  194        -352.718     370.147           1.799      -3.573             194               0
   79         270.296    -349.845           0.000       0.000              79               0
  117         214.422     706.015          -7.219       1.442             117              -0
  226           5.023     144.598           0.000       0.000             226              -0
   97        -366.004    -133.051          -0.090      -3.686              97               0
  129        -279.618      62.341           0.000       0.000             129               0
  215         -23.785    -377.853           0.142      -0.670             215              -0
  190         216.844     100.603           0.000       0.000             190              -0
   69        -438.619     342.111           3.262      -4.179              69               0
   50         527.804   -1169.785           0.000       0.000              50               0
  121        -544.965     428.118         -10.073       0.009             121              -0
   20         202.993     445.489           0.000       0.000              20              -0
  106         826.688     156.798          -0.613      -4.970             106               0
   73         -49.232    -348.683           0.000       0.000              73               0
  102        -641.144     855.231           0.402      -0.936             102              -0
  166       -1211.178    -328.288           0.000       0.000             166              -0
  214        -669.815     744.749           6.308      -5.441             214               0
   46        -659.510    -183.605           0.000       0.000              46               0
   87        -355.821     296.153         -16.657      -3.298              87               0
  100        -280.224     338.553           0.000       0.000             100              -0
   79          -9.168     992.032           3.488      -9.041              79               0
  227        -682.640     783.237           0.000       0.000             227               0
  117         579.619    -379.669           1.214      -1.767             117              -0
  142        -530.425    -661.640           0.000       0.000             142              -0
  248         262.800    -191.448          18.574     -10.522             248               0
   66        -246.750    -144.702           0.000       0.000              66               0
   75        -443.018     247.957         -56.898     -23.510              75               0
  100        -393.048     512.211           0.000       0.000             100              -0
   25         473.536     653.289           0.000       0.000              25               0
