SINAL     NFT                         FFT                         NFT INVERSA     FFT INVERSA
-----     -----------------------     -----------------------     -----------     -----------
   99       16207.000       0.000           0.000       0.000              99               1
   33        1437.418    -528.545         -10.698      10.423              33               0
  248        -348.645    1214.253           0.000       0.000             248              -0
  187        -846.968     205.528         -33.729      11.142             187               0
  236         279.144    -629.242           0.000       0.000             236               0
  153        -285.895   -1005.240          30.781      20.528             153              -0
  124        -545.850    -532.281           0.000       0.000             124              -0
  200        -286.062   -1358.352          -8.563       8.994             200               0
  117        -479.930    -111.522           0.000       0.000             117               0
  104         619.497    -320.167          -1.403       0.911             104               0
  206         247.868     -70.469           0.000       0.000             206              -0
  235         653.744    -602.047          -9.724       1.199             235               0
   19        -466.548    -484.448           0.000       0.000              19               0
  138        -527.234      25.415          10.218      10.200             138              -0
  219         661.174    -109.153           0.000       0.000             219              -0
   58         140.211    -216.905          -3.469       4.445              58               0
   47           0.829    -309.383           0.000       0.000              47               0
  149        -309.762     170.671          -0.840       0.335             149               0
  169        -342.468    -867.365           0.000       0.000             169              -0
   58          80.553    1140.846          -5.796      -0.428              58               0
   19         457.766    -511.804           0.000       0.000              19               0
  141         150.928     603.477           5.111       7.635             141              -0
   77        -465.872    1396.599           0.000       0.000              77              -0
  194        -772.026    -188.733          -3.628       1.608             194               0
   61        -357.558    -662.786           0.000       0.000              61               0
  254         618.294     -31.008          -0.626       0.116             254               0
  252        -186.871     401.162           0.000       0.000             252              -0
  135         122.495     493.970          -4.094      -1.133             135               0
  189        -481.750    -390.757           0.000       0.000             189               0
  178        1234.854     205.709           2.659       6.404             178              -0
   25         354.048     -35.874           0.000       0.000              25              -0
  160        -925.358     347.456          -2.295       1.791             160               0
  108         172.000      33.014           0.000       0.000             108               0
  225         101.472     758.189          -0.506      -0.007             225               0
   41        -273.611    1674.940           0.000       0.000              41              -0
  218        -532.801    1281.208          -3.083      -1.552             218               0
  212        1550.467     327.078           0.000       0.000             212               0
   71         104.042    -828.743           1.126       5.633              71              -0
  164        -121.268    1258.280           0.000       0.000             164              -0
  242        -215.467     -66.409          -2.596       0.064             242               0
  156        -662.247    -197.507           0.000       0.000             156               0
   61        -697.480    -463.862          -0.424      -0.090              61               0
   32       -1014.465    -516.616           0.000       0.000              32              -0
  213         434.156     522.263          -2.368      -1.848             213               0
  103        -477.411     436.085           0.000       0.000             103               0
  161         303.263     477.769           0.004       5.070             161              -0
  187        -186.662     -96.666           0.000       0.000             187              -0
  135         405.307     107.122          -2.203       0.272             135               0
   67        -144.853     610.608           0.000       0.000              67               0
   23        -143.573     482.255          -0.361      -0.155              23              -0
   71         434.938     311.374           0.000       0.000              71              -0
  104         720.661    -488.081          -1.798      -2.084             104               0
   86        -988.574     512.978           0.000       0.000              86               0
  227        -224.406     992.334          -0.913       4.610             227              -0
   21         299.765     353.357           0.000       0.000              21              -0
   20          58.319     570.636          -2.030      -0.783              20               0
  196          59.748    -158.233           0.000       0.000             196               0
  247         263.868     764.239          -0.307      -0.211             247              -0
  101        -539.575    -396.878           0.000       0.000             101              -0
  144         474.225    -145.067          -1.298      -2.291             144               0
  216        -209.134     186.095           0.000       0.000             216               0
  127         740.493     464.371          -1.734       4.197             127              -0
   34         203.354     316.170           0.000       0.000              34              -0
  159         270.947     259.369           0.000       0.000             159               0
    0       -2727.000      -0.146           0.000       0.000              -0               0
  200         271.046    -259.404          -0.256      -0.263             200              -0
   75         203.421    -316.200           0.000       0.000              75              -0
  160         740.539    -464.340          -0.822      -2.488             160               0
   17        -209.121    -186.129           0.000       0.000              17               0
   57         474.205     145.084          -2.532       3.796              57              -0
   12        -539.611     396.779           0.000       0.000              12              -0
  211         263.944    -764.265          -1.561      -1.486             211               0
   86          59.735     158.198           0.000       0.000              86               0
  138          58.368    -570.679          -0.205      -0.315             138              -0
  165         299.782    -353.372           0.000       0.000             165              -0
   65        -224.345    -992.372          -0.332      -2.691              65               0
   64        -988.506    -513.045           0.000       0.000              64               0
   47         720.657     488.133          -3.370       3.376              47              -0
   63         434.954    -311.374           0.000       0.000              63              -0
   79        -143.546    -482.291          -1.715      -1.338              79               0
  155        -144.797    -610.623           0.000       0.000             155               0
  111         405.311    -107.083          -0.149      -0.372             111              -0
   10        -186.681      96.635           0.000       0.000              10              -0
   86         303.286    -477.763           0.215      -2.918              86               0
   14        -477.389    -436.127           0.000       0.000              14               0
  158         434.173    -522.203          -4.325       2.896             158              -0
   64       -1014.536     516.550           0.000       0.000              64              -0
   99        -697.505     463.784          -1.018      -2.297              99               0
   14        -662.227     197.412           0.000       0.000              14               0
   98        -215.424      66.331          -0.082      -0.441              98              -0
   64        -121.112   -1258.310           0.000       0.000              64              -0
   51         104.034     828.730           0.884      -3.195              51               0
  137        1550.498    -327.026           0.000       0.000             137               0
  248        -532.721   -1281.308          -5.524       2.294             248              -0
   37        -273.456   -1674.954           0.000       0.000              37              -0
   34         101.554    -758.127          -1.705      -2.185              34               0
  105         172.001     -32.959           0.000       0.000             105               0
  234        -925.300    -347.504           0.007      -0.532             234              -0
  206         354.106      35.929           0.000       0.000             206              -0
   17        1234.873    -205.584           1.799      -3.573              17               0
   66        -481.799     390.721           0.000       0.000              66               0
  252         122.545    -493.964          -7.219       1.442             252              -0
  146        -186.824    -401.153           0.000       0.000             146              -0
  232         618.287      31.092          -0.090      -3.686             232               0
  157        -357.637     662.758           0.000       0.000             157               0
  117        -772.031     188.624           0.142      -0.670             117              -0
    3        -465.709   -1396.650           0.000       0.000               3              -0
  226         151.029    -603.415           3.262      -4.179             226               0
  178         457.748     511.866           0.000       0.000             178               0
  204          80.653   -1140.800         -10.073       0.009             204              -0
  133        -342.526     867.386           0.000       0.000             133              -0
  209        -309.711    -170.676          -0.613      -4.970             209               0
   85           0.850     309.411           0.000       0.000              85               0
  255         140.238     216.933           0.402      -0.936             255              -0
  206         661.182     109.224           0.000       0.000             206              -0
  247        -527.218     -25.431           6.308      -5.441             247               0
  168        -466.527     484.438           0.000       0.000             168               0
  185         653.754     602.107         -16.657      -3.298             185               0
   82         247.899      70.492           0.000       0.000              82              -0
  189         619.486     320.231           3.488      -9.041             189               0
  239        -479.922     111.510           0.000       0.000             239               0
   82        -286.130    1358.335           1.214      -1.767              82              -0
   23        -545.822     532.210           0.000       0.000              23              -0
  150        -285.873    1005.175          18.574     -10.522             150               0
   40         279.202     629.188           0.000       0.000              40               0
   39        -846.793    -205.683         -56.898     -23.510              39               0
   24        -348.260   -1214.306           0.000       0.000              24              -0
  233        1437.837     528.662           0.000       0.000             233               0
