SINAL     NFT                         FFT                         NFT INVERSA     FFT INVERSA
-----     -----------------------     -----------------------     -----------     -----------
  157       17791.000       0.000           0.000       0.000             157               1
  167         994.416     102.801         -10.698      10.423             167               0
   91        -115.493    -400.192           0.000       0.000              91              -0
  119        -765.779     -21.678         -33.729      11.142             119               0
  157        -735.459    -380.172           0.000       0.000             157               0
   21        -341.474    -130.015          30.781      20.528              21              -0
  198        -128.706     -66.773           0.000       0.000             198              -0
  216         -11.363    -421.381          -8.563       8.994             216               0
  234         -42.371      18.006           0.000       0.000             234               0
  153        -760.936     425.427          -1.403       0.911             153               0
  174          35.847    -757.781           0.000       0.000             174              -0
   86         555.037    -209.136          -9.724       1.199              86               0
  251         828.790    -404.689           0.000       0.000             251               0
  190        -144.176     250.993          10.218      10.200             190              -0
   59         669.836     344.039           0.000       0.000              59              -0
  221         340.561     838.801          -3.469       4.445             221               0
  213         971.122     -42.272           0.000       0.000             213               0
  188         125.373      93.877          -0.840       0.335             188               0
  200         100.232    -977.908           0.000       0.000             200              -0
    2         264.682     321.064          -5.796      -0.428               2               0
  253         245.595    -291.947           0.000       0.000             253               0
  126        1525.212     309.822           5.111       7.635             126              -0
  148        -637.895    -381.803           0.000       0.000             148              -0
  174         -44.166     224.506          -3.628       1.608             174               0
  210         851.410     519.263           0.000       0.000             210               0
  239        -319.024    -401.310          -0.626       0.116             239               0
   87        -684.067    -916.946           0.000       0.000              87              -0
  220         677.308     727.901          -4.094      -1.133             220               0
   19        -239.994     926.836           0.000       0.000              19               0
   47         371.673     207.627           2.659       6.404              47              -0
  158       -1286.757    1702.043           0.000       0.000             158              -0
   99        1298.130     354.989          -2.295       1.791              99               0
  237        -540.994    -742.022           0.000       0.000             237               0
  125         100.294    1020.189          -0.506      -0.007             125               0
  102        -421.046   -1579.656           0.000       0.000             102              -0
    1         154.720    -250.827          -3.083      -1.552               1               0
  232         420.009     424.198           0.000       0.000             232               0
  163        -129.629     253.411           1.126       5.633             163              -0
  207         501.716    -217.683           0.000       0.000             207              -0
   34         176.992     205.494          -2.596       0.064              34               0
   43         560.703    -896.875           0.000       0.000              43               0
  178         218.749     442.439          -0.424      -0.090             178               0
  216         884.331     914.178           0.000       0.000             216              -0
  132         180.871    -513.152          -2.368      -1.848             132               0
   36         347.089    -123.808           0.000       0.000              36               0
  123        -107.782    -220.195           0.004       5.070             123              -0
  227        -794.405     218.823           0.000       0.000             227              -0
   12          77.681     529.597          -2.203       0.272              12               0
   62        -805.154     265.691           0.000       0.000              62               0
  247       -1362.779     631.184          -0.361      -0.155             247              -0
   59         -92.112    -147.756           0.000       0.000              59              -0
  108         978.513    -226.083          -1.798      -2.084             108               0
   21        -236.409     888.119           0.000       0.000              21               0
  168        -399.866   -1210.803          -0.913       4.610             168              -0
  253       -1342.223    -673.692           0.000       0.000             253              -0
   95         -38.192      74.186          -2.030      -0.783              95               0
   30         238.204    1405.872           0.000       0.000              30               0
  159        -370.590     362.573          -0.307      -0.211             159              -0
  233         -36.944    -847.770           0.000       0.000             233              -0
   18        -666.275     512.781          -1.298      -2.291              18               0
   26         162.263     441.883           0.000       0.000              26               0
  192        -254.282     379.733          -1.734       4.197             192              -0
  119        -588.256    -406.861           0.000       0.000             119              -0
   79         907.828     850.934           0.000       0.000              79               0
   56        -337.000      -0.049           0.000       0.000              56               0
  230         907.883    -850.892          -0.256      -0.263             230              -0
  253        -588.323     406.786           0.000       0.000             253              -0
  173        -254.251    -379.798          -0.822      -2.488             173               0
   84         162.287    -441.893           0.000       0.000              84               0
   40        -666.240    -512.832          -2.532       3.796              40              -0
   73         -37.010     847.745           0.000       0.000              73              -0
  180        -370.552    -362.665          -1.561      -1.486             180               0
   62         238.322   -1405.854           0.000       0.000              62               0
  244         -38.218     -74.143          -0.205      -0.315             244              -0
   78       -1342.280     673.603           0.000       0.000              78              -0
  233        -399.924    1210.722          -0.332      -2.691             233               0
   31        -236.284    -888.187           0.000       0.000              31               0
  129         978.505     226.148          -3.370       3.376             129              -0
  110         -92.166     147.705           0.000       0.000             110              -0
  189       -1362.732    -631.334          -1.715      -1.338             189               0
  237        -805.079    -265.775           0.000       0.000             237               0
  200          77.770    -529.595          -0.149      -0.372             200              -0
   42        -794.336    -218.877           0.000       0.000              42              -0
   57        -107.722     220.191           0.215      -2.918              57               0
  192         347.144     123.829           0.000       0.000             192               0
  238         180.888     513.130          -4.325       2.896             238              -0
   19         884.447    -914.133           0.000       0.000              19              -0
   67         218.807    -442.395          -1.018      -2.297              67               0
  123         560.645     896.923           0.000       0.000             123               0
   78         177.020    -205.505          -0.082      -0.441              78              -0
  118         501.701     217.704           0.000       0.000             118              -0
  220        -129.602    -253.446           0.884      -3.195             220               0
   54         420.052    -424.159           0.000       0.000              54               0
  220         154.689     250.861          -5.524       2.294             220              -0
   52        -421.173    1579.573           0.000       0.000              52              -0
  252         100.396   -1020.239          -1.705      -2.185             252               0
  222        -541.018     741.933           0.000       0.000             222               0
   48        1298.164    -354.967           0.007      -0.532              48              -0
  146       -1286.612   -1702.181           0.000       0.000             146              -0
   37         371.733    -207.591           1.799      -3.573              37               0
  242        -239.882    -926.848           0.000       0.000             242               0
   39         677.386    -727.790          -7.219       1.442              39              -0
  100        -684.127     916.924           0.000       0.000             100              -0
  215        -318.993     401.261          -0.090      -3.686             215               0
   95         851.499    -519.207           0.000       0.000              95               0
  193         -44.128    -224.496           0.142      -0.670             193              -0
  187        -637.856     381.752           0.000       0.000             187              -0
  146        1525.295    -309.696           3.262      -4.179             146               0
  186         245.581     291.969           0.000       0.000             186               0
  244         264.731    -321.032         -10.073       0.009             244              -0
  247         100.180     977.908           0.000       0.000             247              -0
  122         125.431     -93.906          -0.613      -4.970             122               0
   61         971.154      42.315           0.000       0.000              61               0
  115         340.647    -838.791           0.402      -0.936             115              -0
  194         669.874    -343.969           0.000       0.000             194              -0
  137        -144.135    -250.977           6.308      -5.441             137               0
  172         828.780     404.780           0.000       0.000             172               0
  158         555.010     209.190         -16.657      -3.298             158               0
  227          35.765     757.764           0.000       0.000             227              -0
  230        -760.883    -425.514           3.488      -9.041             230               0
   46         -42.320     -18.004           0.000       0.000              46               0
  162         -11.351     421.375           1.214      -1.767             162              -0
  214        -128.660      66.748           0.000       0.000             214              -0
   38        -341.416     129.978          18.574     -10.522              38               0
   49        -735.379     380.093           0.000       0.000              49               0
   79        -765.591      21.593         -56.898     -23.510              79               0
   43        -115.232     400.155           0.000       0.000              43              -0
  249         994.921    -102.752           0.000       0.000             249               0
