SINAL     NFT                         FFT                         NFT INVERSA     FFT INVERSA
-----     -----------------------     -----------------------     -----------     -----------
  235       16877.000       0.000           0.000       0.000             235               0
  128         407.675    -163.308           0.000      -0.000             128               0
  141           1.143    -857.875           0.000       0.000             141               0
   44        -224.270     314.623           0.000      -0.000              44               0
   93         951.635     522.549           0.000       0.000              93               0
  233        -497.032    -585.285           0.000      -0.000             233               0
  232         101.973    -631.833           0.000       0.000             232               0
   16        -485.709     542.243           0.000      -0.000              16               0
  242       -1140.332     433.134           0.000       0.000             242               0
  122         -42.072     267.796           0.000      -0.000             122               0
  231        -289.103     157.965           0.000       0.000             231               0
  135         123.505     479.755           0.000      -0.000             135               0
  209         770.811    -427.908           0.000       0.000             209               0
  220        -126.154    -234.061           0.000      -0.000             220               0
   28        -304.290     578.906           0.000       0.000              28               0
  151        -770.916    -416.161           0.000      -0.000             151               0
   34         227.005    -479.163           0.000       0.000              34               0
   91          -7.187     545.654           0.000      -0.000              91               0
   56        -702.866    -445.050           0.000       0.000              56               0
  189         204.169     537.163           0.000      -0.000             189               0
   84         748.977     108.364           0.000       0.000              84               0
  145        -594.300    -588.015           0.000      -0.000             145               0
  235         544.978    -735.692           0.000       0.000             235               0
   53         567.017    -107.584           0.000      -0.000              53               0
  240         -26.569      13.730           0.000       0.000             240               0
  183        1242.982    -635.333           0.000      -0.000             183               0
  236        -157.573      29.946           0.000       0.000             236               0
   93         788.425      35.519           0.000      -0.000              93               0
  181         -73.109       8.281           0.000       0.000             181               0
  148        -270.747    -132.355           0.000      -0.000             148               0
  105         -13.518   -1057.779           0.000       0.000             105               0
  223         555.426    -327.816           0.000      -0.000             223               0
  221         301.996    -311.001           0.000       0.000             221               0
  138       -1085.229   -1238.948           0.000      -0.000             138               0
  230         878.139     -58.001           0.000       0.000             230               0
    0        -818.536    -823.809           0.000      -0.000              -0               0
  151        1007.635    -186.551           0.000       0.000             151               0
  176        -805.668    -893.816           0.000      -0.000             176               0
   23         313.411     215.130           0.000       0.000              23               0
  138         824.088     681.087           0.000      -0.000             138               0
  110        -731.477     814.626           0.000       0.000             110               0
  129         701.150     847.034           0.000      -0.000             129               0
   22         159.545    -178.705           0.000       0.000              22               0
  253        -584.332   -1099.104           0.000      -0.000             253               0
   10        -291.833     621.016           0.000       0.000              10               0
  191         802.966   -1028.633           0.000      -0.000             191               0
  144        1270.197     802.374           0.000       0.000             144               0
   77        -376.427      20.677           0.000      -0.000              77               0
    8        1042.998     426.865           0.000       0.000               8               0
   42        1285.472    -130.997           0.000      -0.000              42               0
   68         293.324     340.441           0.000       0.000              68               0
   20         280.190      51.806           0.000      -0.000              20               0
  232         -94.115     470.293           0.000       0.000             232               0
  208         664.682    -201.883           0.000      -0.000             208               0
    3         604.645   -1116.945           0.000       0.000               3               0
   58        -881.948    -138.893           0.000      -0.000              58               0
  222        -129.662     410.061           0.000       0.000             222               0
  161         -81.286     504.714           0.000      -0.000             161               0
  150        -307.277    1177.176           0.000       0.000             150               0
   11         -96.866    1625.667           0.000      -0.000              11               0
  239         627.995    -702.780           0.000       0.000             239               0
  104        -601.532    -393.882           0.000      -0.000             104               0
   74        1415.201     415.895           0.000       0.000              74               0
  159         -33.603    1347.429           0.000      -0.000             159               0
  233        -925.000      -0.095           0.000       0.000             233               0
   44         -33.441   -1347.493           0.000       0.000              44               0
  236        1415.233    -415.780           0.000       0.000             236               0
  172        -601.583     393.813           0.000       0.000             172               0
  133         627.932     702.748           0.000       0.000             133               0
  112         -96.754   -1625.750           0.000       0.000             112               0
   60        -307.183   -1177.199           0.000       0.000              60               0
  229         -81.238    -504.695           0.000       0.000             229               0
  232        -129.624    -410.037           0.000       0.000             232               0
   52        -881.917     138.861           0.000       0.000              52               0
   86         604.612    1116.993           0.000       0.000              86               0
  231         664.683     201.890           0.000       0.000             231               0
   10         -94.057    -470.333           0.000       0.000              10               0
   58         280.230     -51.800           0.000       0.000              58               0
  174         293.399    -340.428           0.000       0.000             174               0
   53        1285.486     131.091           0.000       0.000              53               0
   34        1043.005    -426.790           0.000       0.000              34               0
  201        -376.432     -20.716           0.000       0.000             201               0
  155        1270.265    -802.246           0.000       0.000             155               0
  216         802.824    1028.708           0.000       0.000             216               0
    9        -291.836    -621.042           0.000       0.000               9               0
   80        -584.431    1099.048           0.000       0.000              80               0
  169         159.547     178.655           0.000       0.000             169               0
  213         701.206    -847.019           0.000       0.000             213               0
  240        -731.410    -814.686           0.000       0.000             240               0
  251         824.155    -680.982           0.000       0.000             251               0
  117         313.397    -215.040           0.000       0.000             117               0
  205        -805.739     893.790           0.000       0.000             205               0
   51        1007.617     186.655           0.000       0.000              51               0
   61        -818.609     823.749           0.000       0.000              61               0
  139         878.129      58.084           0.000       0.000             139               0
  244       -1085.332    1238.853           0.000       0.000             244               0
    9         302.011     310.996           0.000       0.000               9               0
  184         555.407     327.849           0.000       0.000             184               0
   31         -13.611    1057.741           0.000       0.000              31               0
  231        -270.743     132.274           0.000       0.000             231               0
   42         -73.067      -8.330           0.000       0.000              42               0
   99         788.452     -35.481           0.000       0.000              99               0
   52        -157.544     -29.972           0.000       0.000              52               0
  169        1242.940     635.414           0.000       0.000             169               0
   51         -26.578     -13.765           0.000       0.000              51               0
  240         567.008     107.617           0.000       0.000             240               0
   67         544.888     735.711           0.000       0.000              67               0
  195        -594.355     587.904           0.000       0.000             195               0
  171         748.988    -108.370           0.000       0.000             171               0
  110         204.179    -537.180           0.000       0.000             110               0
   25        -702.914     444.959           0.000       0.000              25               0
  130          -7.125    -545.682           0.000       0.000             130               0
  166         226.960     479.165           0.000       0.000             166               0
   37        -770.944     416.044           0.000       0.000              37               0
  179        -304.200    -578.971           0.000       0.000             179               0
   91        -126.118     234.030           0.000       0.000              91               0
   29         770.808     427.921           0.000       0.000              29               0
  238         123.547    -479.796           0.000       0.000             238               0
  186        -289.077    -158.023           0.000       0.000             186               0
   68         -42.036    -267.832           0.000       0.000              68               0
  110       -1140.252    -433.250           0.000       0.000             110               0
  165        -485.567    -542.273           0.000       0.000             165               0
  140         102.020     631.848           0.000       0.000             140               0
  215        -496.954     585.202           0.000       0.000             215               0
  108         951.811    -522.508           0.000       0.000             108               0
  255        -224.100    -314.639           0.000       0.000             255               0
   43           1.311     857.861           0.000       0.000              43               0
   13         408.116     163.294           0.000       0.000              13               0
