SINAL     NFT                         FFT                         NFT INVERSA     FFT INVERSA
-----     -----------------------     -----------------------     -----------     -----------
  194       16828.000       0.000           0.000       0.000             194               0
  104        -328.996    -604.053           0.000      -0.000             104               0
   20          72.125     760.143           0.000       0.000              20               0
  246         137.301    -354.330           0.000      -0.000             246               0
  108         723.558   -1330.369           0.000       0.000             108               0
  202         288.053     540.717           0.000      -0.000             202               0
  112         778.105     597.998           0.000       0.000             112               0
  140        -754.419    -698.893           0.000      -0.000             140               0
  213        -450.240    -263.128           0.000       0.000             213               0
  148       -1319.944      77.953           0.000      -0.000             148               0
  140        -188.183     183.308           0.000       0.000             140               0
  249         714.481     171.032           0.000      -0.000             249               0
   30         -12.117     -59.201           0.000       0.000              30               0
  115          88.940     544.402           0.000      -0.000             115               0
   40         861.265      60.405           0.000       0.000              40               0
   54         190.032    -742.685           0.000      -0.000              54               0
   40          -9.095    -231.031           0.000       0.000              40               0
   69        -428.049     -58.126           0.000      -0.000              69               0
  188          31.951     896.481           0.000       0.000             188               0
  140        -320.165     857.013           0.000      -0.000             140               0
  210          36.048     192.143           0.000       0.000             210               0
  192        -293.976    -525.857           0.000      -0.000             192               0
   46        -197.729    -311.483           0.000       0.000              46               0
  106        -473.195       2.846           0.000      -0.000             106               0
  146         295.435     484.653           0.000       0.000             146               0
   88         761.105    -456.652           0.000      -0.000              88               0
  251         476.581    -353.619           0.000       0.000             251               0
  179         290.474     116.338           0.000      -0.000             179               0
   35         453.885    1032.781           0.000       0.000              35               0
   12         757.494     391.819           0.000      -0.000              12               0
   61        -552.895      47.450           0.000       0.000              61               0
   88        -467.820     198.710           0.000      -0.000              88               0
  189         409.005     103.001           0.000       0.000             189               0
   39         617.325    -244.161           0.000      -0.000              39               0
   94         518.743       9.729           0.000       0.000              94               0
  249         401.993     375.402           0.000      -0.000             249               0
  241         239.916     409.921           0.000       0.000             241               0
  172         145.502    -369.102           0.000      -0.000             172               0
  194         338.823     -39.395           0.000       0.000             194               0
  125         711.322    -822.108           0.000      -0.000             125               0
  207        -321.841     342.095           0.000       0.000             207               0
  178        1066.166    -246.291           0.000      -0.000             178               0
   99        -768.905     917.641           0.000       0.000              99               0
  188         732.356    1158.410           0.000      -0.000             188               0
  191         693.729    -358.191           0.000       0.000             191               0
  209         -82.130     841.390           0.000      -0.000             209               0
  173        -304.027    -339.331           0.000       0.000             173               0
  185         -80.296     660.856           0.000      -0.000             185               0
  244        1183.083     124.980           0.000       0.000             244               0
    5         390.061    -349.960           0.000      -0.000               5               0
  239        -310.996     114.207           0.000       0.000             239               0
   52         324.027   -1549.583           0.000      -0.000              52               0
   38         778.270    -463.357           0.000       0.000              38               0
  228        -599.000     876.648           0.000      -0.000             228               0
   73         265.013    -505.541           0.000       0.000              73               0
   44        -685.554     412.284           0.000      -0.000              44               0
  177         740.601     326.340           0.000       0.000             177               0
  191        -620.641     527.700           0.000      -0.000             191               0
   35        -514.746    -394.912           0.000       0.000              35               0
  222         771.345     202.591           0.000      -0.000             222               0
   87        -945.357    -159.116           0.000       0.000              87               0
   91         443.193      44.078           0.000      -0.000              91               0
  212       -2073.227     382.798           0.000       0.000             212               0
  228        -841.190    -917.397           0.000      -0.000             228               0
  146         438.000       0.026           0.000       0.000             146               0
  182        -841.303     917.303           0.000       0.000             182               0
  130       -2073.153    -383.013           0.000       0.000             130               0
  191         443.258     -44.059           0.000       0.000             191               0
   56        -945.320     159.010           0.000       0.000              56               0
  233         771.403    -202.550           0.000       0.000             233               0
   64        -514.768     394.833           0.000       0.000              64               0
  185        -620.544    -527.791           0.000       0.000             185               0
   84         740.664    -326.294           0.000       0.000              84               0
  118        -685.493    -412.337           0.000       0.000             118               0
  109         265.010     505.552           0.000       0.000             109               0
   33        -598.874    -876.695           0.000       0.000              33               0
  240         778.286     463.460           0.000       0.000             240               0
    6         323.915    1549.582           0.000       0.000               6               0
  229        -310.951    -114.296           0.000       0.000             229               0
  112         390.087     349.939           0.000       0.000             112               0
  156        1183.104    -124.946           0.000       0.000             156               0
  100         -80.256    -660.900           0.000       0.000             100               0
  166        -304.038     339.265           0.000       0.000             166               0
   20         -82.014    -841.434           0.000       0.000              20               0
  189         693.737     358.209           0.000       0.000             189               0
   18         732.447   -1158.388           0.000       0.000              18               0
  125        -768.807    -917.685           0.000       0.000             125               0
   14        1066.173     246.401           0.000       0.000              14               0
  134        -321.796    -342.104           0.000       0.000             134               0
   31         711.280     822.169           0.000       0.000              31               0
   61         338.824      39.397           0.000       0.000              61               0
  156         145.481     369.077           0.000       0.000             156               0
   84         239.969    -409.941           0.000       0.000              84               0
  136         402.043    -375.382           0.000       0.000             136               0
  192         518.754      -9.691           0.000       0.000             192               0
   24         617.297     244.192           0.000       0.000              24               0
  249         408.985    -102.998           0.000       0.000             249               0
   27        -467.819    -198.775           0.000       0.000              27               0
  232        -552.855     -47.527           0.000       0.000             232               0
  132         757.567    -391.791           0.000       0.000             132               0
  173         453.980   -1032.742           0.000       0.000             173               0
  160         290.491    -116.282           0.000       0.000             160               0
  158         476.559     353.672           0.000       0.000             158               0
  104         761.050     456.694           0.000       0.000             104               0
  221         295.434    -484.647           0.000       0.000             221               0
  204        -473.221      -2.881           0.000       0.000             204               0
  233        -197.757     311.461           0.000       0.000             233               0
   68        -294.010     525.795           0.000       0.000              68               0
  116          36.076    -192.198           0.000       0.000             116               0
  175        -320.077    -857.072           0.000       0.000             175               0
   54          32.047    -896.461           0.000       0.000              54               0
   21        -428.022      58.124           0.000       0.000              21               0
   92          -9.063     231.049           0.000       0.000              92               0
  183         190.024     742.685           0.000       0.000             183               0
   71         861.297     -60.373           0.000       0.000              71               0
   26          88.993    -544.409           0.000       0.000              26               0
   60         -12.097      59.197           0.000       0.000              60               0
   63         714.502    -170.980           0.000       0.000              63               0
  223        -188.189    -183.322           0.000       0.000             223               0
  214       -1319.909     -78.052           0.000       0.000             214               0
   62        -450.183     263.100           0.000       0.000              62               0
  164        -754.360     698.804           0.000       0.000             164               0
   77         778.279    -597.961           0.000       0.000              77               0
  153         288.204    -540.662           0.000       0.000             153               0
  109         723.555    1330.436           0.000       0.000             109               0
  203         137.398     354.286           0.000       0.000             203               0
   11          72.391    -760.159           0.000       0.000              11               0
  201        -328.608     604.014           0.000       0.000             201               0
