SINAL     NFT                         FFT                         NFT INVERSA     FFT INVERSA
-----     -----------------------     -----------------------     -----------     -----------
  237       15600.000       0.000           0.000       0.000             237               0
  145        -296.712    -334.089           0.000      -0.000             145               0
    7          69.985    -282.496           0.000       0.000               7               0
  107         466.366    1206.032           0.000      -0.000             107               0
   17        -162.201    1174.817           0.000       0.000              17               0
  100         -59.498     229.553           0.000      -0.000             100               0
   19          22.565     195.317           0.000       0.000              19               0
  196        -146.036     879.620           0.000      -0.000             196               0
    5          35.873     -28.300           0.000       0.000               5               0
   67        1318.932     372.423           0.000      -0.000              67               0
   20         539.044     533.133           0.000       0.000              20               0
   26         168.273    -259.741           0.000      -0.000              26               0
  229        -814.063    -161.139           0.000       0.000             229               0
  190        -277.898    -148.299           0.000      -0.000             190               0
  244         815.320    -243.833           0.000       0.000             244               0
   76        -187.437    -309.799           0.000      -0.000              76               0
   88        -414.036     975.455           0.000       0.000              88               0
   48         691.607    -140.883           0.000      -0.000              48               0
  154         805.257     738.853           0.000       0.000             154               0
  148         819.595      -7.650           0.000      -0.000             148               0
  161         629.000     984.008           0.000       0.000             161               0
    9         582.302     102.520           0.000      -0.000               9               0
   56         442.913    -788.421           0.000       0.000              56               0
  203        -739.435    -368.065           0.000      -0.000             203               0
  139        -363.697     -64.601           0.000       0.000             139               0
  160        -596.355    -260.056           0.000      -0.000             160               0
  144        -375.375     842.469           0.000       0.000             144               0
  140         921.686    -195.048           0.000      -0.000             140               0
  194         274.438    -706.609           0.000       0.000             194               0
  214         259.841      86.510           0.000      -0.000             214               0
  243          29.560     566.464           0.000       0.000             243               0
    9         658.150    -167.622           0.000      -0.000               9               0
  128        -330.015     443.985           0.000       0.000             128               0
  117         -11.553    -124.052           0.000      -0.000             117               0
   73         630.872     239.181           0.000       0.000              73               0
  147        -646.960    -689.131           0.000      -0.000             147               0
  142         319.942      28.951           0.000       0.000             142               0
  188        -408.721   -1154.346           0.000      -0.000             188               0
  238        1089.365    -129.737           0.000       0.000             238               0
   90        1592.509     -72.767           0.000      -0.000              90               0
   23         725.331     461.960           0.000       0.000              23               0
   64         721.731    -315.270           0.000      -0.000              64               0
  193        -598.807     833.155           0.000       0.000             193               0
   87         715.329     159.618           0.000      -0.000              87               0
  102        -160.029     201.423           0.000       0.000             102               0
   84         218.825    -727.544           0.000      -0.000              84               0
  129          98.765     325.654           0.000       0.000             129               0
  251         600.543     538.885           0.000      -0.000             251               0
   69        -925.991      31.425           0.000       0.000              69               0
  185         -65.918     633.873           0.000      -0.000             185               0
   52         -29.234     598.287           0.000       0.000              52               0
   45       -1029.942     972.216           0.000      -0.000              45               0
  138         532.393   -1168.937           0.000       0.000             138               0
  140        -446.145     -86.815           0.000      -0.000             140               0
  219          72.789      23.635           0.000       0.000             219               0
   58        1190.746    -477.618           0.000      -0.000              58               0
  124         710.444    -209.749           0.000       0.000             124               0
  215         -42.876     188.873           0.000      -0.000             215               0
   21        -663.722   -1127.998           0.000       0.000              21               0
   73        -391.722    -557.832           0.000      -0.000              73               0
  202         292.516     -98.830           0.000       0.000             202               0
   12       -1158.630     261.545           0.000      -0.000              12               0
  168        -613.340    -806.417           0.000       0.000             168               0
  207         475.269     524.976           0.000      -0.000             207               0
   84        -428.000      -0.026           0.000       0.000              84               0
   23         475.300    -524.925           0.000       0.000              23               0
   84        -613.437     806.369           0.000       0.000              84               0
  169       -1158.584    -261.653           0.000       0.000             169               0
   83         292.541      98.868           0.000       0.000              83               0
  191        -391.756     557.809           0.000       0.000             191               0
  145        -663.773    1127.908           0.000       0.000             145               0
  229         -42.791    -188.925           0.000       0.000             229               0
  125         710.482     209.784           0.000       0.000             125               0
   41        1190.705     477.679           0.000       0.000              41               0
  131          72.757     -23.672           0.000       0.000             131               0
  213        -446.156      86.750           0.000       0.000             213               0
   53         532.283    1168.906           0.000       0.000              53               0
  144       -1029.863    -972.392           0.000       0.000             144               0
   88         -29.154    -598.329           0.000       0.000              88               0
  164         -65.852    -633.896           0.000       0.000             164               0
    2        -925.941     -31.518           0.000       0.000               2               0
  191         600.646    -538.849           0.000       0.000             191               0
  171          98.824    -325.633           0.000       0.000             171               0
  187         218.794     727.551           0.000       0.000             187               0
  191        -159.970    -201.475           0.000       0.000             191               0
  170         715.373    -159.590           0.000       0.000             170               0
  113        -598.693    -833.209           0.000       0.000             113               0
  250         721.775     315.334           0.000       0.000             250               0
   46         725.423    -461.900           0.000       0.000              46               0
  237        1592.517      72.918           0.000       0.000             237               0
   23        1089.305     129.849           0.000       0.000              23               0
  166        -408.855    1154.298           0.000       0.000             166               0
  149         319.928     -28.959           0.000       0.000             149               0
   37        -647.011     689.035           0.000       0.000              37               0
  127         630.908    -239.178           0.000       0.000             127               0
   57         -11.568     124.010           0.000       0.000              57               0
   47        -329.954    -444.044           0.000       0.000              47               0
   26         658.158     167.649           0.000       0.000              26               0
  143          29.616    -566.482           0.000       0.000             143               0
   49         259.864     -86.481           0.000       0.000              49               0
  176         274.395     706.615           0.000       0.000             176               0
  123         921.652     195.071           0.000       0.000             123               0
  194        -375.338    -842.524           0.000       0.000             194               0
   29        -596.373     260.005           0.000       0.000              29               0
   36        -363.675      64.557           0.000       0.000              36               0
   92        -739.403     367.987           0.000       0.000              92               0
   39         442.927     788.404           0.000       0.000              39               0
   48         582.367    -102.554           0.000       0.000              48               0
   75         629.126    -984.001           0.000       0.000              75               0
  149         819.622       7.691           0.000       0.000             149               0
   23         805.324    -738.807           0.000       0.000              23               0
  141         691.572     140.921           0.000       0.000             141               0
  223        -413.966    -975.493           0.000       0.000             223               0
    3        -187.432     309.799           0.000       0.000               3               0
  252         815.313     243.889           0.000       0.000             252               0
  211        -277.916     148.253           0.000       0.000             211               0
   78        -814.031     161.041           0.000       0.000              78               0
   22         168.331     259.705           0.000       0.000              22               0
  120         539.162    -533.137           0.000       0.000             120               0
  232        1318.992    -372.338           0.000       0.000             232               0
  103          35.875      28.267           0.000       0.000             103               0
  191        -145.927    -879.659           0.000       0.000             191               0
  236          22.637    -195.325           0.000       0.000             236               0
   30         -59.406    -229.589           0.000       0.000              30               0
  159        -161.994   -1174.845           0.000       0.000             159               0
  207         466.603   -1205.943           0.000       0.000             207               0
   89          70.148     282.562           0.000       0.000              89               0
  191        -296.334     334.087           0.000       0.000             191               0
