SINAL     NFT                         FFT                         NFT INVERSA     FFT INVERSA
-----     -----------------------     -----------------------     -----------     -----------
  206       16829.000       0.000           0.000       0.000             206               0
   85         312.730     557.307           0.000      -0.000              85               0
  154          -8.066    -311.855           0.000       0.000             154               0
  237         616.875    -716.303           0.000      -0.000             237               0
   18         166.480     498.781           0.000       0.000              18               0
  148          96.301     125.559           0.000      -0.000             148               0
  184        -572.146    -183.198           0.000       0.000             184               0
  134        1034.779     434.184           0.000      -0.000             134               0
  205        -201.193      80.820           0.000       0.000             205               0
   31        -287.352    -856.957           0.000      -0.000              31               0
  164        -180.946     319.687           0.000       0.000             164               0
  167         406.047     276.891           0.000      -0.000             167               0
  160         170.907      46.780           0.000       0.000             160               0
  142         418.651     676.804           0.000      -0.000             142               0
   53        -721.228      56.357           0.000       0.000              53               0
  107         152.363    -824.461           0.000      -0.000             107               0
  121         532.136     210.475           0.000       0.000             121               0
  248        -307.724    -312.583           0.000      -0.000             248               0
  148          96.330      -7.159           0.000       0.000             148               0
   38         160.954     900.195           0.000      -0.000              38               0
  231        -234.746     182.558           0.000       0.000             231               0
  191         355.427    -758.168           0.000      -0.000             191               0
  106        -620.249    -196.207           0.000       0.000             106               0
   30         511.850     -68.736           0.000      -0.000              30               0
   84        1485.760   -1011.775           0.000       0.000              84               0
  223         652.191     221.326           0.000      -0.000             223               0
   17        -468.298     433.574           0.000       0.000              17               0
  123        -137.460     943.987           0.000      -0.000             123               0
   86        -992.456    -142.082           0.000       0.000              86               0
  106       -1433.181    1459.941           0.000      -0.000             106               0
   82        -178.378    -178.691           0.000       0.000              82               0
   76         294.344     669.977           0.000      -0.000              76               0
  230         183.018   -1044.005           0.000       0.000             230               0
  245        -298.938     226.705           0.000      -0.000             245               0
   78       -1324.906     417.170           0.000       0.000              78               0
  100          11.692    -324.997           0.000      -0.000             100               0
   65         867.934     509.372           0.000       0.000              65               0
  174         450.221      -2.242           0.000      -0.000             174               0
  180         213.783     591.560           0.000       0.000             180               0
  100        -870.579    -648.713           0.000      -0.000             100               0
   60         490.704     372.202           0.000       0.000              60               0
    2        -299.328    -607.756           0.000      -0.000               2               0
  148          88.239     530.946           0.000       0.000             148               0
   81        1020.417      11.545           0.000      -0.000              81               0
  123         285.733     208.978           0.000       0.000             123               0
  146          76.584     698.790           0.000      -0.000             146               0
   48         607.696    -324.394           0.000       0.000              48               0
  150         492.025      63.454           0.000      -0.000             150               0
  253         503.840     400.471           0.000       0.000             253               0
   65         257.205    -508.023           0.000      -0.000              65               0
  151        -147.870     715.313           0.000       0.000             151               0
  201        1325.708      26.704           0.000      -0.000             201               0
   22         223.942   -1032.695           0.000       0.000              22               0
  246         415.465    -600.839           0.000      -0.000             246               0
   33        -141.160    -238.818           0.000       0.000              33               0
  211        -666.789     776.878           0.000      -0.000             211               0
  128        -659.244    -627.221           0.000       0.000             128               0
  255         -99.879    -520.252           0.000      -0.000             255               0
   29         723.706     314.144           0.000       0.000              29               0
   84        -646.972    -386.850           0.000      -0.000              84               0
  203        -359.815     372.315           0.000       0.000             203               0
  223         599.984    -280.318           0.000      -0.000             223               0
    7         -38.574    -330.804           0.000       0.000               7               0
  108        1434.288     625.563           0.000      -0.000             108               0
   17       -2139.000      -0.107           0.000       0.000              17               0
  135        1434.380    -625.449           0.000       0.000             135               0
   85         -38.615     330.807           0.000       0.000              85               0
  120         599.940     280.347           0.000       0.000             120               0
    7        -359.814    -372.356           0.000       0.000               7               0
  174        -646.990     386.788           0.000       0.000             174               0
  207         723.740    -314.088           0.000       0.000             207               0
  141         -99.949     520.244           0.000       0.000             141               0
   22        -659.302     627.126           0.000       0.000              22               0
  245        -666.690    -776.956           0.000       0.000             245               0
  145        -141.121     238.819           0.000       0.000             145               0
   99         415.465     600.870           0.000       0.000              99               0
   67         223.903    1032.665           0.000       0.000              67               0
  226        1325.721     -26.669           0.000       0.000             226               0
  118        -147.819    -715.361           0.000       0.000             118               0
  184         257.182     508.015           0.000       0.000             184               0
   77         503.888    -400.469           0.000       0.000              77               0
  203         492.035     -63.435           0.000       0.000             203               0
    2         607.658     324.401           0.000       0.000               2               0
   41          76.632    -698.822           0.000       0.000              41               0
   25         285.757    -208.967           0.000       0.000              25               0
  207        1020.397     -11.480           0.000       0.000             207               0
  219          88.237    -530.943           0.000       0.000             219               0
  253        -299.399     607.719           0.000       0.000             253               0
  156         490.710    -372.182           0.000       0.000             156               0
  168        -870.643     648.607           0.000       0.000             168               0
  188         213.856    -591.582           0.000       0.000             188               0
  110         450.228       2.255           0.000       0.000             110               0
  215         867.943    -509.314           0.000       0.000             215               0
  231          11.595     324.980           0.000       0.000             231               0
   65       -1324.895    -417.304           0.000       0.000              65               0
  227        -298.892    -226.725           0.000       0.000             227               0
  160         182.946    1043.985           0.000       0.000             160               0
  237         294.385    -670.007           0.000       0.000             237               0
    3        -178.434     178.625           0.000       0.000               3               0
  181       -1433.065   -1460.085           0.000       0.000             181               0
   68        -992.410     141.997           0.000       0.000              68               0
  147        -137.311    -944.003           0.000       0.000             147               0
   54        -468.179    -433.583           0.000       0.000              54               0
  162         652.301    -221.224           0.000       0.000             162               0
  199        1485.705    1011.916           0.000       0.000             199               0
   45         511.818      68.764           0.000       0.000              45               0
  175        -620.264     196.150           0.000       0.000             175               0
  242         355.385     758.164           0.000       0.000             242               0
  137        -234.713    -182.635           0.000       0.000             137               0
   27         161.057    -900.197           0.000       0.000              27               0
    9          96.349       7.181           0.000       0.000               9               0
  107        -307.714     312.552           0.000       0.000             107               0
  146         532.188    -210.434           0.000       0.000             146               0
  247         152.303     824.453           0.000       0.000             247               0
  107        -721.184     -56.470           0.000       0.000             107               0
   20         418.766    -676.795           0.000       0.000              20               0
  114         170.953     -46.773           0.000       0.000             114               0
  206         406.102    -276.865           0.000       0.000             206               0
  199        -180.889    -319.686           0.000       0.000             199               0
   80        -287.367     856.927           0.000       0.000              80               0
   77        -201.097     -80.875           0.000       0.000              77               0
   95        1034.881    -434.111           0.000       0.000              95               0
  244        -572.097     183.142           0.000       0.000             244               0
  153          96.423    -125.569           0.000       0.000             153               0
   82         166.655    -498.758           0.000       0.000              82               0
  141         616.968     716.358           0.000       0.000             141               0
  179          -7.873     311.817           0.000       0.000             179               0
  153         313.223    -557.304           0.000       0.000             153               0
