SINAL     NFT                         FFT                         NFT INVERSA     FFT INVERSA
-----     -----------------------     -----------------------     -----------     -----------
   51       15628.000       0.000           0.000       0.000              51               1
  147       -1523.375     396.526         -10.698      10.423             147               0
  219        -462.216     283.064           0.000       0.000             219              -0
    0        -175.013    -606.913         -33.729      11.142               0               0
  116         122.023     501.907           0.000       0.000             116               0
   53         157.667    1189.301          30.781      20.528              53              -0
   73           3.131     124.362           0.000       0.000              73              -0
   20         367.554    -537.284          -8.563       8.994              20               0
   85         834.322    -292.363           0.000       0.000              85               0
    6        -506.942     499.699          -1.403       0.911               6               0
   79        -284.400     391.377           0.000       0.000              79              -0
   58         640.806    -782.126          -9.724       1.199              58               0
   70         785.180     -41.688           0.000       0.000              70               0
  216        -684.122    -971.957          10.218      10.200             216              -0
  183         -54.258    -424.019           0.000       0.000             183              -0
   76         414.317    -410.501          -3.469       4.445              76               0
   18        -379.674     523.736           0.000       0.000              18               0
   24        -106.780     167.303          -0.840       0.335              24               0
   89         -74.086    1061.159           0.000       0.000              89              -0
  236        -425.208     313.135          -5.796      -0.428             236               0
  124        1109.162   -1467.504           0.000       0.000             124               0
  249        -707.851   -1039.548           5.111       7.635             249              -0
  157        1171.194    -123.222           0.000       0.000             157              -0
   26       -1357.798     -29.523          -3.628       1.608              26               0
  172        -281.887    -695.377           0.000       0.000             172               0
  152         216.284    1319.835          -0.626       0.116             152               0
  171         603.366    -582.833           0.000       0.000             171              -0
   27        -389.107    -399.169          -4.094      -1.133              27               0
   89        -195.361     578.129           0.000       0.000              89               0
    7        -617.517    -190.453           2.659       6.404               7              -0
   77         740.406   -1836.294           0.000       0.000              77              -0
   98         124.457    -329.380          -2.295       1.791              98               0
  134         209.989     198.016           0.000       0.000             134               0
   12         282.997     318.931          -0.506      -0.007              12               0
  229        -904.177     -60.438           0.000       0.000             229              -0
  198        -353.426     638.116          -3.083      -1.552             198               0
  128         166.159    -473.484           0.000       0.000             128               0
    1         266.401    -452.845           1.126       5.633               1              -0
   66        -295.471    -618.814           0.000       0.000              66              -0
  188         881.151     -32.609          -2.596       0.064             188               0
  241        -644.794    1154.847           0.000       0.000             241               0
   10         775.319    -252.390          -0.424      -0.090              10               0
  137         -90.429     375.988           0.000       0.000             137              -0
   31        -505.219     809.712          -2.368      -1.848              31               0
  222        -820.229      57.608           0.000       0.000             222               0
  169        -757.102     906.213           0.004       5.070             169              -0
  139         -23.429     673.719           0.000       0.000             139              -0
  240       -1094.123     389.256          -2.203       0.272             240               0
   61         -88.333     259.717           0.000       0.000              61               0
   69         243.375    -112.024          -0.361      -0.155              69              -0
  248       -1079.075   -1030.203           0.000       0.000             248              -0
  149        -224.696     -17.638          -1.798      -2.084             149               0
  205         591.872    -211.816           0.000       0.000             205               0
  182        -133.844     588.450          -0.913       4.610             182              -0
  180          29.951     -20.544           0.000       0.000             180              -0
   40         826.098     363.481          -2.030      -0.783              40               0
  177        -595.674    -106.145           0.000       0.000             177               0
    7         102.592    1239.035          -0.307      -0.211               7              -0
  189        -614.233     307.748           0.000       0.000             189              -0
  130          20.774    1055.236          -1.298      -2.291             130               0
  242         385.191     330.980           0.000       0.000             242               0
   22        -402.503     165.844          -1.734       4.197              22              -0
  204        -154.239    -693.231           0.000       0.000             204              -0
  129        -699.399     340.130           0.000       0.000             129               0
  218        2168.000       0.071           0.000       0.000             218               0
  254        -699.424    -340.209          -0.256      -0.263             254              -0
   80        -154.307     693.182           0.000       0.000              80              -0
    2        -402.483    -165.943          -0.822      -2.488               2               0
   31         385.221    -331.010           0.000       0.000              31               0
  246          20.840   -1055.268          -2.532       3.796             246              -0
  247        -614.211    -307.817           0.000       0.000             247              -0
   75         102.702   -1239.018          -1.561      -1.486              75               0
  200        -595.661     106.118           0.000       0.000             200               0
   64         826.142    -363.404          -0.205      -0.315              64              -0
   74          29.930      20.552           0.000       0.000              74              -0
  131        -133.800    -588.445          -0.332      -2.691             131               0
  250         591.830     211.891           0.000       0.000             250               0
  115        -224.748      17.640          -3.370       3.376             115              -0
  112       -1079.170    1030.102           0.000       0.000             112              -0
   73         243.371     111.993          -1.715      -1.338              73               0
   49         -88.341    -259.770           0.000       0.000              49               0
  179       -1094.097    -389.385          -0.149      -0.372             179              -0
  210         -23.365    -673.746           0.000       0.000             210              -0
  140        -757.026    -906.269           0.215      -2.918             140               0
   52        -820.194     -57.668           0.000       0.000              52               0
  189        -505.096    -809.743          -4.325       2.896             189              -0
  235         -90.334    -375.960           0.000       0.000             235              -0
   34         775.325     252.467          -1.018      -2.297              34               0
   64        -644.671   -1154.871           0.000       0.000              64               0
   30         881.173      32.752          -0.082      -0.441              30              -0
   40        -295.519     618.832           0.000       0.000              40              -0
  250         266.376     452.879           0.884      -3.195             250               0
  199         166.111     473.482           0.000       0.000             199               0
  149        -353.382    -638.150          -5.524       2.294             149              -0
  234        -904.150      60.380           0.000       0.000             234              -0
  190         283.073    -318.885          -1.705      -2.185             190               0
  228         210.032    -197.951           0.000       0.000             228               0
  144         124.453     329.454           0.007      -0.532             144              -0
  246         740.245    1836.359           0.000       0.000             246              -0
  146        -617.544     190.348           1.799      -3.573             146               0
  131        -195.294    -578.156           0.000       0.000             131               0
   30        -389.104     399.145          -7.219       1.442              30              -0
   59         603.345     582.850           0.000       0.000              59              -0
  162         216.387   -1319.814          -0.090      -3.686             162               0
  218        -281.959     695.388           0.000       0.000             218               0
   80       -1357.752      29.419           0.142      -0.670              80              -0
   42        1171.230     123.349           0.000       0.000              42              -0
   30        -707.909    1039.505           3.262      -4.179              30               0
  177        1109.062    1467.540           0.000       0.000             177               0
   66        -425.186    -313.258         -10.073       0.009              66              -0
   79         -73.977   -1061.193           0.000       0.000              79              -0
  183        -106.745    -167.305          -0.613      -4.970             183               0
  235        -379.591    -523.743           0.000       0.000             235               0
   41         414.320     410.570           0.402      -0.936              41              -0
   15         -54.274     424.032           0.000       0.000              15              -0
   46        -684.147     971.885           6.308      -5.441              46               0
  202         785.240      41.725           0.000       0.000             202               0
    3         640.756     782.138         -16.657      -3.298               3               0
  179        -284.353    -391.453           0.000       0.000             179              -0
  148        -506.838    -499.752           3.488      -9.041             148               0
    9         834.360     292.431           0.000       0.000               9               0
  224         367.539     537.278           1.214      -1.767             224              -0
   38           3.181    -124.424           0.000       0.000              38              -0
   71         157.820   -1189.312          18.574     -10.522              71               0
  156         122.125    -501.867           0.000       0.000             156               0
  126        -174.978     606.905         -56.898     -23.510             126               0
   14        -462.042    -283.119           0.000       0.000              14              -0
  137       -1522.939    -396.645           0.000       0.000             137               0
