SINAL     NFT                         FFT                         NFT INVERSA     FFT INVERSA
-----     -----------------------     -----------------------     -----------     -----------
   20       15985.000       0.000           0.000       0.000              20               0
  236        -280.619    -214.970           0.000      -0.000             236               0
  153         187.998    -473.024           0.000       0.000             153               0
   30        -397.719    -650.337           0.000      -0.000              30               0
  137        -597.733      50.636           0.000       0.000             137               0
    3         725.165    1112.570           0.000      -0.000               3               0
  160         -89.878    -433.656           0.000       0.000             160               0
   70           1.874     339.836           0.000      -0.000              70               0
  169        -299.700    -663.962           0.000       0.000             169               0
   99         614.879     558.414           0.000      -0.000              99               0
  233         186.166     479.655           0.000       0.000             233               0
   25        1126.647     903.572           0.000      -0.000              25               0
  167         431.849    -199.727           0.000       0.000             167               0
  222        -870.497   -1004.055           0.000      -0.000             222               0
  143         237.487     591.939           0.000       0.000             143               0
  223         541.265     212.486           0.000      -0.000             223               0
    0        -410.896     405.635           0.000       0.000               0               0
  194         275.538     352.773           0.000      -0.000             194               0
   67         133.363    -598.716           0.000       0.000              67               0
  107         269.662     726.379           0.000      -0.000             107               0
  160        -121.274    -732.262           0.000       0.000             160               0
  240        -538.170     -43.413           0.000      -0.000             240               0
  147        -699.837     452.558           0.000       0.000             147               0
  235         131.068    -942.916           0.000      -0.000             235               0
  183       -1038.496      17.290           0.000       0.000             183               0
  220         -77.945    -280.819           0.000      -0.000             220               0
   74          80.939     136.494           0.000       0.000              74               0
   78         612.467      17.478           0.000      -0.000              78               0
  117        -668.320     577.467           0.000       0.000             117               0
  113       -1377.190    -334.355           0.000      -0.000             113               0
   27         185.757   -1412.743           0.000       0.000              27               0
    1        -261.716    -347.542           0.000      -0.000               1               0
  187        1030.013    -900.972           0.000       0.000             187               0
  117        -310.047     136.702           0.000      -0.000             117               0
  102        -871.751    -109.280           0.000       0.000             102               0
  219        -712.062     189.669           0.000      -0.000             219               0
   45        1636.807     521.710           0.000       0.000              45               0
   11       -1194.007     555.068           0.000      -0.000              11               0
   84        -392.115    -370.817           0.000       0.000              84               0
   77        -543.359     -13.557           0.000      -0.000              77               0
  109        -667.477    -583.311           0.000       0.000             109               0
  101         368.475    -383.224           0.000      -0.000             101               0
   13        -888.171    -649.440           0.000       0.000              13               0
  199        -739.049      85.693           0.000      -0.000             199               0
  236         593.735   -1284.362           0.000       0.000             236               0
  126        -185.822    -995.478           0.000      -0.000             126               0
  238        -192.222    -717.783           0.000       0.000             238               0
  153          -5.936     744.510           0.000      -0.000             153               0
   11        -135.099    -616.348           0.000       0.000              11               0
  107        -539.136     651.694           0.000      -0.000             107               0
  106         218.114    1029.882           0.000       0.000             106               0
  222        -607.487    -485.635           0.000      -0.000             222               0
  212         798.616     -50.417           0.000       0.000             212               0
  251        -424.789    -564.119           0.000      -0.000             251               0
  157        -469.536      97.021           0.000       0.000             157               0
   13        -973.078    -153.768           0.000      -0.000              13               0
  208        -334.260   -1016.542           0.000       0.000             208               0
  161         -74.118     733.777           0.000      -0.000             161               0
   29       -1069.631     464.186           0.000       0.000              29               0
  127         192.949     656.654           0.000      -0.000             127               0
   50         438.316     368.234           0.000       0.000              50               0
  189        1054.906     752.664           0.000      -0.000             189               0
   59        -604.680    -214.770           0.000       0.000              59               0
   19         805.790   -1049.308           0.000      -0.000              19               0
  126         143.000       0.028           0.000       0.000             126               0
  166         805.683    1049.377           0.000       0.000             166               0
    5        -604.705     214.670           0.000       0.000               5               0
  252        1054.966    -752.607           0.000       0.000             252               0
  193         438.297    -368.203           0.000       0.000             193               0
  194         192.933    -656.629           0.000       0.000             194               0
    9       -1069.635    -464.248           0.000       0.000               9               0
  253         -74.072    -733.720           0.000       0.000             253               0
  199        -334.376    1016.563           0.000       0.000             199               0
  223        -973.098     153.692           0.000       0.000             223               0
  146        -469.507     -97.040           0.000       0.000             146               0
   48        -424.800     564.095           0.000       0.000              48               0
  101         798.617      50.482           0.000       0.000             101               0
   33        -607.538     485.560           0.000       0.000              33               0
  213         218.197   -1029.874           0.000       0.000             213               0
   87        -539.086    -651.687           0.000       0.000              87               0
   44        -135.140     616.377           0.000       0.000              44               0
  240          -5.871    -744.461           0.000       0.000             240               0
  131        -192.282     717.842           0.000       0.000             131               0
   40        -185.896     995.501           0.000       0.000              40               0
  135         593.607    1284.399           0.000       0.000             135               0
  221        -739.076     -85.773           0.000       0.000             221               0
  125        -888.211     649.362           0.000       0.000             125               0
   31         368.450     383.239           0.000       0.000              31               0
   89        -667.536     583.226           0.000       0.000              89               0
  125        -543.347      13.479           0.000       0.000             125               0
  122        -392.130     370.746           0.000       0.000             122               0
   90       -1193.897    -555.202           0.000       0.000              90               0
  227        1636.879    -521.570           0.000       0.000             227               0
   32        -712.074    -189.705           0.000       0.000              32               0
  230        -871.734     109.231           0.000       0.000             230               0
   43        -309.974    -136.692           0.000       0.000              43               0
  212        1029.960     901.085           0.000       0.000             212               0
    1        -261.757     347.531           0.000       0.000               1               0
   57         185.618    1412.736           0.000       0.000              57               0
  222       -1377.216     334.172           0.000       0.000             222               0
  251        -668.207    -577.562           0.000       0.000             251               0
   85         612.515     -17.437           0.000       0.000              85               0
  115          80.958    -136.490           0.000       0.000             115               0
  246         -77.974     280.810           0.000       0.000             246               0
  183       -1038.472     -17.376           0.000       0.000             183               0
    0         131.024     942.902           0.000       0.000              -0               0
   74        -699.769    -452.651           0.000       0.000              74               0
   44        -538.113      43.364           0.000       0.000              44               0
  170        -121.263     732.218           0.000       0.000             170               0
  120         269.783    -726.384           0.000       0.000             120               0
   29         133.360     598.706           0.000       0.000              29               0
   51         275.603    -352.791           0.000       0.000              51               0
  176        -410.813    -405.687           0.000       0.000             176               0
  168         541.335    -212.449           0.000       0.000             168               0
  141         237.559    -591.900           0.000       0.000             141               0
   40        -870.522    1003.983           0.000       0.000              40               0
  103         431.926     199.708           0.000       0.000             103               0
  226        1126.773    -903.512           0.000       0.000             226               0
   31         186.235    -479.636           0.000       0.000              31               0
   69         614.948    -558.335           0.000       0.000              69               0
  221        -299.729     663.948           0.000       0.000             221               0
   36           1.957    -339.842           0.000       0.000              36               0
   50         -89.841     433.631           0.000       0.000              50               0
   98         725.320   -1112.509           0.000       0.000              98               0
  106        -597.655     -50.639           0.000       0.000             106               0
  151        -397.628     650.327           0.000       0.000             151               0
  247         188.173     473.030           0.000       0.000             247               0
   98        -280.216     214.922           0.000       0.000              98               0
