SINAL     NFT                         FFT                         NFT INVERSA     FFT INVERSA
-----     -----------------------     -----------------------     -----------     -----------
  182       16162.000       0.000           0.000       0.000             182               1
  129        -147.716     228.473         -10.698      10.423             129               0
  128        -504.958      10.188           0.000       0.000             128              -0
  212         423.657    -219.478         -33.729      11.142             212               0
   45        -474.755    -348.538           0.000       0.000              45               0
   82        -604.159   -1168.854          30.781      20.528              82              -0
  156         669.201     273.577           0.000       0.000             156              -0
  244        1027.502    -311.487          -8.563       8.994             244               0
  151        -297.742    -226.007           0.000       0.000             151               0
    6       -1096.475     361.293          -1.403       0.911               6               0
  111        1126.803      -6.466           0.000       0.000             111              -0
  221         261.366     388.716          -9.724       1.199             221               0
  102        -236.412   -1352.390           0.000       0.000             102               0
   12          57.526      23.693          10.218      10.200              12              -0
  250         -77.628    -185.265           0.000       0.000             250              -0
  228        -590.416     108.392          -3.469       4.445             228               0
  113        1616.383     401.030           0.000       0.000             113               0
   12          61.824     893.503          -0.840       0.335              12               0
   90         465.325      57.230           0.000       0.000              90              -0
   15         520.565    -800.455          -5.796      -0.428              15               0
  161        -626.006    -630.595           0.000       0.000             161               0
  149          70.230     229.584           5.111       7.635             149              -0
  221         454.027    -242.662           0.000       0.000             221              -0
  115        -825.742     332.401          -3.628       1.608             115               0
  226        -218.969    -746.352           0.000       0.000             226               0
   52        1264.024    -851.829          -0.626       0.116              52               0
   71        -230.184      53.896           0.000       0.000              71              -0
   92          96.952    -216.772          -4.094      -1.133              92               0
   65        -240.970    -685.461           0.000       0.000              65               0
   92        -668.296    -345.398           2.659       6.404              92              -0
   64         -69.759      53.366           0.000       0.000              64              -0
   24         450.357     586.153          -2.295       1.791              24               0
  170         370.971    1405.016           0.000       0.000             170               0
   51         527.105    1195.174          -0.506      -0.007              51               0
  171         179.040    1734.699           0.000       0.000             171              -0
  235        -601.273    -206.475          -3.083      -1.552             235               0
  173         382.920     392.468           0.000       0.000             173               0
  254        1313.423   -1212.502           1.126       5.633             254              -0
  126        -350.497       7.449           0.000       0.000             126              -0
  218         525.441     -20.630          -2.596       0.064             218               0
   79        -445.554     425.710           0.000       0.000              79               0
  204        -754.239     327.572          -0.424      -0.090             204               0
  227        -223.703     195.640           0.000       0.000             227              -0
   58         162.111       6.463          -2.368      -1.848              58               0
   19         402.766     159.113           0.000       0.000              19               0
   14         108.105    -137.283           0.004       5.070              14              -0
  190       -1030.488    -580.883           0.000       0.000             190              -0
  122        1573.965    -680.502          -2.203       0.272             122               0
  156         285.589     497.022           0.000       0.000             156               0
  180         783.639    -238.651          -0.361      -0.155             180              -0
   53        -367.453    -230.485           0.000       0.000              53              -0
   19        -128.620      -3.221          -1.798      -2.084              19               0
  196        1808.901     533.746           0.000       0.000             196               0
  119        -282.908     767.392          -0.913       4.610             119              -0
   76       -1069.930    -532.407           0.000       0.000              76              -0
  241         190.527     -47.726          -2.030      -0.783             241               0
  148         770.217     446.081           0.000       0.000             148               0
  220        -805.920     128.309          -0.307      -0.211             220              -0
   14        -593.566     307.304           0.000       0.000              14              -0
  167         275.527    -970.519          -1.298      -2.291             167               0
  106        -880.470    -214.263           0.000       0.000             106               0
   37        -396.247    -407.903          -1.734       4.197              37              -0
   66        -520.286     368.822           0.000       0.000              66              -0
  231         664.102     247.826           0.000       0.000             231               0
   74          76.000      -0.010           0.000       0.000              74               0
  155         664.097    -247.789          -0.256      -0.263             155              -0
  222        -520.292    -368.860           0.000       0.000             222              -0
  138        -396.296     407.878          -0.822      -2.488             138               0
   51        -880.472     214.185           0.000       0.000              51               0
   42         275.462     970.504          -2.532       3.796              42              -0
   54        -593.536    -307.409           0.000       0.000              54              -0
  140        -805.858    -128.412          -1.561      -1.486             140               0
   59         770.297    -446.036           0.000       0.000              59               0
   77         190.516      47.736          -0.205      -0.315              77              -0
  147       -1069.948     532.277           0.000       0.000             147              -0
   13        -282.754    -767.456          -0.332      -2.691              13               0
  193        1808.981    -533.593           0.000       0.000             193               0
  166        -128.637       3.223          -3.370       3.376             166              -0
  126        -367.441     230.454           0.000       0.000             126              -0
  252         783.653     238.698          -1.715      -1.338             252               0
  109         285.651    -496.998           0.000       0.000             109               0
  188        1573.876     680.640          -0.149      -0.372             188              -0
  243       -1030.573     580.763           0.000       0.000             243              -0
   42         108.111     137.243           0.215      -2.918              42               0
   48         402.779    -159.121           0.000       0.000              48               0
   24         162.092      -6.486          -4.325       2.896              24              -0
  182        -223.708    -195.696           0.000       0.000             182              -0
  253        -754.203    -327.664          -1.018      -2.297             253               0
  187        -445.470    -425.757           0.000       0.000             187               0
  244         525.479      20.672          -0.082      -0.441             244              -0
  118        -350.452      -7.477           0.000       0.000             118              -0
  195        1313.349    1212.568           0.884      -3.195             195               0
   69         382.926    -392.513           0.000       0.000              69               0
  240        -601.289     206.338          -5.524       2.294             240              -0
   55         179.218   -1734.753           0.000       0.000              55              -0
    5         527.222   -1195.137          -1.705      -2.185               5               0
  220         371.088   -1404.951           0.000       0.000             220               0
    9         450.389    -586.047           0.007      -0.532               9              -0
  241         -69.783     -53.304           0.000       0.000             241              -0
   39        -668.325     345.395           1.799      -3.573              39               0
    5        -240.997     685.462           0.000       0.000               5               0
  151          96.963     216.782          -7.219       1.442             151              -0
   40        -230.136     -53.896           0.000       0.000              40              -0
  222        1263.966     851.946          -0.090      -3.686             222               0
  245        -219.058     746.300           0.000       0.000             245               0
  134        -825.689    -332.499           0.142      -0.670             134              -0
   19         454.046     242.688           0.000       0.000              19              -0
  185          70.262    -229.580           3.262      -4.179             185               0
  249        -626.016     630.543           0.000       0.000             249               0
  115         520.557     800.454         -10.073       0.009             115              -0
  108         465.363     -57.260           0.000       0.000             108              -0
  220          61.943    -893.532          -0.613      -4.970             220               0
  251        1616.417    -400.889           0.000       0.000             251               0
   58        -590.428    -108.426           0.402      -0.936              58              -0
   96         -77.621     185.268           0.000       0.000              96              -0
  166          57.553     -23.670           6.308      -5.441             166               0
   82        -236.485    1352.349           0.000       0.000              82               0
    7         261.454    -388.741         -16.657      -3.298               7               0
  164        1126.809       6.538           0.000       0.000             164              -0
   84       -1096.429    -361.391           3.488      -9.041              84               0
  228        -297.672     225.986           0.000       0.000             228               0
   17        1027.550     311.561           1.214      -1.767              17              -0
   10         669.248    -273.514           0.000       0.000              10              -0
  171        -604.215    1168.796          18.574     -10.522             171               0
   83        -474.676     348.450           0.000       0.000              83               0
   79         423.773     219.464         -56.898     -23.510              79               0
   35        -504.757     -10.279           0.000       0.000              35              -0
  157        -147.261    -228.521           0.000       0.000             157               0
