SINAL     NFT                         FFT                         NFT INVERSA     FFT INVERSA
-----     -----------------------     -----------------------     -----------     -----------
   19       18512.000       0.000           0.000       0.000              19               0
  150         130.175     468.504           0.000      -0.000             150               0
   99        -755.020     852.929           0.000       0.000              99               0
  254         271.664     -62.870           0.000      -0.000             254               0
  222         162.400     452.677           0.000       0.000             222               0
   24        -143.437     217.817           0.000      -0.000              24               0
  223         968.736    -970.838           0.000       0.000             223               0
   72        -685.159   -1449.519           0.000      -0.000              72               0
  199        -221.564    -408.283           0.000       0.000             199               0
  121         -86.234     793.182           0.000      -0.000             121               0
  128         270.481    1338.481           0.000       0.000             128               0
  120          -3.450    -596.941           0.000      -0.000             120               0
  167        -235.907     268.142           0.000       0.000             167               0
   55        -319.786     139.491           0.000      -0.000              55               0
   45         586.233    -752.896           0.000       0.000              45               0
  145        -622.257    -422.974           0.000      -0.000             145               0
    7       -1045.331     -86.931           0.000       0.000               7               0
    9         189.014     346.788           0.000      -0.000               9               0
   47         434.660      78.426           0.000       0.000              47               0
  184          37.900     353.829           0.000      -0.000             184               0
  187        -504.554    -793.957           0.000       0.000             187               0
  177         -79.708     332.965           0.000      -0.000             177               0
  243        -164.804     144.481           0.000       0.000             243               0
  192        -303.576     538.097           0.000      -0.000             192               0
  152        -418.425     539.475           0.000       0.000             152               0
  122         127.047     198.592           0.000      -0.000             122               0
  224        -602.354     -65.926           0.000       0.000             224               0
  254        -138.818     652.037           0.000      -0.000             254               0
  126          46.757     464.903           0.000       0.000             126               0
  215       -1648.381      65.645           0.000      -0.000             215               0
   46         811.497    -685.726           0.000       0.000              46               0
   85        -307.172    1034.030           0.000      -0.000              85               0
   34        -500.029    1373.978           0.000       0.000              34               0
   62        -190.649    -170.672           0.000      -0.000              62               0
   17        -211.903     148.467           0.000       0.000              17               0
  227         266.557    -906.490           0.000      -0.000             227               0
  174        -493.484    -276.091           0.000       0.000             174               0
  180         295.475    -413.695           0.000      -0.000             180               0
  236        -476.148     133.864           0.000       0.000             236               0
  137        -179.933     382.338           0.000      -0.000             137               0
  165         504.240    -273.727           0.000       0.000             165               0
  141         352.555    -381.640           0.000      -0.000             141               0
  206        -109.892     311.594           0.000       0.000             206               0
  107         177.467       0.918           0.000      -0.000             107               0
  151         311.609   -1028.361           0.000       0.000             151               0
  177         675.796    -513.294           0.000      -0.000             177               0
  193        -199.494    -340.896           0.000       0.000             193               0
  238         238.694      43.396           0.000      -0.000             238               0
  192          15.315     -96.924           0.000       0.000             192               0
  114        -723.052    -452.454           0.000      -0.000             114               0
   60          54.895    -492.068           0.000       0.000              60               0
  238        -297.470     306.815           0.000      -0.000             238               0
  169          92.989    -616.711           0.000       0.000             169               0
   62         391.679     697.174           0.000      -0.000              62               0
   88       -1033.889    -116.061           0.000       0.000              88               0
  124         101.961       5.040           0.000      -0.000             124               0
  178       -1924.272     362.440           0.000       0.000             178               0
   22        -523.068     670.379           0.000      -0.000              22               0
   96          76.848    -239.903           0.000       0.000              96               0
  184        -158.676     568.463           0.000      -0.000             184               0
  240        -707.800     509.196           0.000       0.000             240               0
  111        -385.333     711.167           0.000      -0.000             111               0
  137        -241.792   -1063.957           0.000       0.000             137               0
  186         948.013    -552.113           0.000      -0.000             186               0
  100         124.000       0.020           0.000       0.000             100               0
  255         947.939     552.207           0.000       0.000             255               0
   86        -241.935    1063.892           0.000       0.000              86               0
  200        -385.310    -711.257           0.000       0.000             200               0
   43        -707.770    -509.272           0.000       0.000              43               0
  118        -158.628    -568.469           0.000       0.000             118               0
   83          76.803     239.908           0.000       0.000              83               0
   74        -523.057    -670.426           0.000       0.000              74               0
  160       -1924.226    -362.577           0.000       0.000             160               0
  167         102.005      -5.007           0.000       0.000             167               0
  154       -1033.855     115.982           0.000       0.000             154               0
   82         391.789    -697.112           0.000       0.000              82               0
   18          92.953     616.750           0.000       0.000              18               0
  245        -297.428    -306.818           0.000       0.000             245               0
   25          54.867     492.102           0.000       0.000              25               0
  134        -723.062     452.398           0.000       0.000             134               0
   39          15.355      96.923           0.000       0.000              39               0
  134         238.730     -43.363           0.000       0.000             134               0
  245        -199.485     340.900           0.000       0.000             245               0
  115         675.784     513.363           0.000       0.000             115               0
  179         311.526    1028.363           0.000       0.000             179               0
  211         177.465      -0.948           0.000       0.000             211               0
  221        -109.859    -311.618           0.000       0.000             221               0
  186         352.534     381.662           0.000       0.000             186               0
   48         504.200     273.739           0.000       0.000              48               0
   93        -179.929    -382.373           0.000       0.000              93               0
  189        -476.137    -133.897           0.000       0.000             189               0
  246         295.439     413.722           0.000       0.000             246               0
   83        -493.508     276.041           0.000       0.000              83               0
  163         266.482     906.471           0.000       0.000             163               0
  222        -211.903    -148.547           0.000       0.000             222               0
  182        -190.672     170.585           0.000       0.000             182               0
  122        -499.912   -1374.067           0.000       0.000             122               0
  143        -307.062   -1034.028           0.000       0.000             143               0
  225         811.418     685.809           0.000       0.000             225               0
  238       -1648.382     -65.812           0.000       0.000             238               0
  253          46.834    -464.922           0.000       0.000             253               0
   25        -138.752    -652.045           0.000       0.000              25               0
  151        -602.335      65.882           0.000       0.000             151               0
  167         127.089    -198.592           0.000       0.000             167               0
  182        -418.363    -539.513           0.000       0.000             182               0
    1        -303.501    -538.103           0.000       0.000               1               0
  218        -164.759    -144.468           0.000       0.000             218               0
   71         -79.654    -332.935           0.000       0.000              71               0
  216        -504.582     793.928           0.000       0.000             216               0
   75          37.981    -353.833           0.000       0.000              75               0
  178         434.696     -78.381           0.000       0.000             178               0
  248         189.038    -346.751           0.000       0.000             248               0
  203       -1045.322      86.877           0.000       0.000             203               0
  157        -622.221     422.945           0.000       0.000             157               0
  246         586.226     752.932           0.000       0.000             246               0
  181        -319.739    -139.545           0.000       0.000             181               0
  202        -235.828    -268.165           0.000       0.000             202               0
   88          -3.435     596.912           0.000       0.000              88               0
  177         270.647   -1338.475           0.000       0.000             177               0
   78         -86.120    -793.128           0.000       0.000              78               0
  147        -221.539     408.343           0.000       0.000             147               0
  109        -685.176    1449.485           0.000       0.000             109               0
  212         968.757     970.872           0.000       0.000             212               0
  161        -143.330    -217.885           0.000       0.000             161               0
   32         162.559    -452.687           0.000       0.000              32               0
  184         271.800      62.871           0.000       0.000             184               0
  189        -754.709    -853.000           0.000       0.000             189               0
  174         130.720    -468.463           0.000       0.000             174               0
