SINAL     NFT                         FFT                         NFT INVERSA     FFT INVERSA
-----     -----------------------     -----------------------     -----------     -----------
  128       16661.000       0.000           0.000       0.000             128               1
   44         -79.445    -503.050         -10.698      10.423              44               0
  127        -575.883      54.393           0.000       0.000             127              -0
   83          32.943    -388.052         -33.729      11.142              83               0
  169         104.975     610.974           0.000       0.000             169               0
  133        -162.408   -1474.457          30.781      20.528             133              -0
  123         244.187     823.187           0.000       0.000             123              -0
  224         316.307    -378.356          -8.563       8.994             224               0
   48         361.687     579.236           0.000       0.000              48               0
  190         849.847     793.347          -1.403       0.911             190               0
   75        -751.004    -170.658           0.000       0.000              75              -0
    4        -179.313     612.893          -9.724       1.199               4               0
  159        -763.860    -173.257           0.000       0.000             159               0
  201        -682.495     -30.709          10.218      10.200             201              -0
  188        -571.609     412.112           0.000       0.000             188              -0
  233        -840.505     256.733          -3.469       4.445             233               0
   76         861.780    -689.854           0.000       0.000              76               0
   87        -275.237     723.158          -0.840       0.335              87               0
  154         262.068     648.247           0.000       0.000             154              -0
  131         512.214    -619.292          -5.796      -0.428             131               0
   90         688.734    -772.892           0.000       0.000              90               0
  193         585.035     625.643           5.111       7.635             193              -0
    5        -335.006     144.507           0.000       0.000               5              -0
  217        -419.244     519.277          -3.628       1.608             217               0
   41        -899.878     -39.242           0.000       0.000              41               0
  231         -98.709     281.244          -0.626       0.116             231               0
   81        -121.883     412.922           0.000       0.000              81              -0
  217         251.418    -171.493          -4.094      -1.133             217               0
  119         685.895     260.025           0.000       0.000             119               0
  193        -185.707     120.972           2.659       6.404             193              -0
  132        -335.977     410.453           0.000       0.000             132              -0
  108        -192.562    -193.574          -2.295       1.791             108               0
  178        -561.981    -717.016           0.000       0.000             178               0
  195         672.025    -287.262          -0.506      -0.007             195               0
  193        -567.415    1073.560           0.000       0.000             193              -0
  191         197.867    -672.051          -3.083      -1.552             191               0
   60        -705.831       6.724           0.000       0.000              60               0
  153         164.719    -255.197           1.126       5.633             153              -0
  122         399.371    -650.962           0.000       0.000             122              -0
   60         529.015    -179.003          -2.596       0.064              60               0
  179         484.953     793.823           0.000       0.000             179               0
  225         627.838     192.476          -0.424      -0.090             225               0
  201        -222.789     -96.531           0.000       0.000             201              -0
   52         793.193     283.864          -2.368      -1.848              52               0
  232        -219.487    -410.670           0.000       0.000             232               0
   14         326.334    -772.952           0.004       5.070              14              -0
  145        -579.723      49.210           0.000       0.000             145              -0
   52        -381.625     435.606          -2.203       0.272              52               0
  167         -27.770     100.146           0.000       0.000             167               0
   94          12.489     947.555          -0.361      -0.155              94              -0
   54        -286.413     980.137           0.000       0.000              54              -0
  164         319.403    -139.933          -1.798      -2.084             164               0
    1         171.439     837.279           0.000       0.000               1               0
  130          93.072    -261.169          -0.913       4.610             130              -0
  178        -702.132     743.924           0.000       0.000             178              -0
  224         476.259     549.571          -2.030      -0.783             224               0
  253        1353.240    -963.697           0.000       0.000             253               0
  172         345.736     879.590          -0.307      -0.211             172              -0
  216         -96.957     318.694           0.000       0.000             216              -0
  224       -1324.435     -42.887          -1.298      -2.291             224               0
  162        -377.865    -234.043           0.000       0.000             162               0
   59        1656.409     481.052          -1.734       4.197              59              -0
  140        -254.988    -743.658           0.000       0.000             140              -0
  187        -388.565    -653.257           0.000       0.000             187               0
   17        -701.000      -0.020           0.000       0.000              17               0
  145        -388.592     653.223          -0.256      -0.263             145              -0
  171        -254.997     743.588           0.000       0.000             171              -0
  105        1656.448    -480.961          -0.822      -2.488             105               0
   19        -377.942     233.980           0.000       0.000              19               0
   81       -1324.427      42.727          -2.532       3.796              81              -0
   30         -96.869    -318.752           0.000       0.000              30              -0
  181         345.866    -879.569          -1.561      -1.486             181               0
   30        1353.168     963.784           0.000       0.000              30               0
  165         476.258    -549.592          -0.205      -0.315             165              -0
   61        -702.090    -744.002           0.000       0.000              61              -0
   33          93.062     261.151          -0.332      -2.691              33               0
   20         171.512    -837.291           0.000       0.000              20               0
  133         319.378     139.934          -3.370       3.376             133              -0
  208        -286.343    -980.190           0.000       0.000             208              -0
   57          12.568    -947.536          -1.715      -1.338              57               0
  172         -27.770    -100.121           0.000       0.000             172               0
  219        -381.590    -435.612          -0.149      -0.372             219              -0
  215        -579.689     -49.217           0.000       0.000             215              -0
  201         326.303     772.995           0.215      -2.918             201               0
   92        -219.488     410.627           0.000       0.000              92               0
  122         793.238    -283.819          -4.325       2.896             122              -0
  175        -222.782      96.498           0.000       0.000             175              -0
   28         627.877    -192.445          -1.018      -2.297              28               0
  173         485.021    -793.771           0.000       0.000             173               0
  178         528.988     179.082          -0.082      -0.441             178              -0
  170         399.288     651.001           0.000       0.000             170              -0
   89         164.655     255.192           0.884      -3.195              89               0
  189        -705.847      -6.796           0.000       0.000             189               0
   15         197.808     672.030          -5.524       2.294              15              -0
  135        -567.318   -1073.626           0.000       0.000             135              -0
   21         671.998     287.339          -1.705      -2.185              21               0
  248        -562.057     716.952           0.000       0.000             248               0
  191        -192.570     193.510           0.007      -0.532             191              -0
  168        -335.925    -410.517           0.000       0.000             168              -0
  109        -185.660    -121.008           1.799      -3.573             109               0
   10         685.937    -259.983           0.000       0.000              10               0
  187         251.390     171.492          -7.219       1.442             187              -0
   43        -121.863    -412.957           0.000       0.000              43              -0
  158         -98.701    -281.260          -0.090      -3.686             158               0
  100        -899.874      39.152           0.000       0.000             100               0
  253        -419.158    -519.323           0.142      -0.670             253              -0
   32        -334.930    -144.536           0.000       0.000              32              -0
   32         585.146    -625.571           3.262      -4.179              32               0
  159         688.694     772.968           0.000       0.000             159               0
  232         512.162     619.294         -10.073       0.009             232              -0
  162         262.110    -648.266           0.000       0.000             162              -0
  101        -275.173    -723.170          -0.613      -4.970             101               0
  208         861.703     689.927           0.000       0.000             208               0
   81        -840.514    -256.831           0.402      -0.936              81              -0
  210        -571.567    -412.166           0.000       0.000             210              -0
  178        -682.472      30.652           6.308      -5.441             178               0
   85        -763.819     173.172           0.000       0.000              85               0
   13        -179.195    -612.921         -16.657      -3.298              13               0
   42        -750.924     170.583           0.000       0.000              42              -0
   42         850.008    -793.286           3.488      -9.041              42               0
   45         361.795    -579.176           0.000       0.000              45               0
  141         316.333     378.401           1.214      -1.767             141              -0
  205         244.312    -823.129           0.000       0.000             205              -0
  125        -162.457    1474.457          18.574     -10.522             125               0
   80         105.126    -610.980           0.000       0.000              80               0
  229          33.035     388.061         -56.898     -23.510             229               0
  110        -575.665     -54.442           0.000       0.000             110              -0
  151         -79.035     503.032           0.000       0.000             151               0
