SINAL     NFT                         FFT                         NFT INVERSA     FFT INVERSA
-----     -----------------------     -----------------------     -----------     -----------
  211       16892.000       0.000           0.000       0.000             211               1
  165         237.441     420.132         -10.698      10.423             165               0
   18         680.861    -516.288           0.000       0.000              18              -0
   30         279.303    -114.389         -33.729      11.142              30               0
  143       -1307.412     933.228           0.000       0.000             143               0
   33         -80.466    -442.475          30.781      20.528              33              -0
  208        -181.663     -97.981           0.000       0.000             208              -0
  236          79.592     712.470          -8.563       8.994             236               0
  176        -449.435     -73.763           0.000       0.000             176               0
  180         990.592     116.187          -1.403       0.911             180               0
   58        -867.217     138.823           0.000       0.000              58              -0
  214        -885.773     557.882          -9.724       1.199             214               0
  135        -152.695     455.374           0.000       0.000             135               0
   28         903.403     791.467          10.218      10.200              28              -0
  243        -181.504      94.320           0.000       0.000             243              -0
  152        -163.789     128.224          -3.469       4.445             152               0
  119         194.573    -700.700           0.000       0.000             119               0
  176         668.595    -873.870          -0.840       0.335             176               0
  156        1307.348     779.879           0.000       0.000             156              -0
  206         687.611     538.011          -5.796      -0.428             206               0
  208         107.986     775.958           0.000       0.000             208               0
  198         337.448   -1520.974           5.111       7.635             198              -0
    5         419.632    -573.156           0.000       0.000               5              -0
   15         171.365       6.296          -3.628       1.608              15               0
  113        -132.440    1046.773           0.000       0.000             113               0
   99        1168.598     156.711          -0.626       0.116              99               0
  241          24.398    -628.639           0.000       0.000             241              -0
   66         271.742     -54.525          -4.094      -1.133              66               0
   74        -821.578     214.036           0.000       0.000              74               0
  160         368.955     -84.927           2.659       6.404             160              -0
  166         197.421     213.754           0.000       0.000             166              -0
  162          97.872     285.834          -2.295       1.791             162               0
  211         262.972     998.995           0.000       0.000             211               0
    1        -416.858    -212.605          -0.506      -0.007               1               0
   17         314.753     -46.423           0.000       0.000              17              -0
  112         177.120     270.595          -3.083      -1.552             112               0
  117         473.499    -484.243           0.000       0.000             117               0
    1         871.746      12.704           1.126       5.633               1              -0
   63        -469.545   -1365.857           0.000       0.000              63              -0
  164         593.677    1025.665          -2.596       0.064             164               0
   42        -133.641    -427.172           0.000       0.000              42               0
  193        -826.026    -520.891          -0.424      -0.090             193               0
  125        -236.021     732.081           0.000       0.000             125              -0
  100         -41.753     271.185          -2.368      -1.848             100               0
   88         263.315    -713.925           0.000       0.000              88               0
  112        1143.891    -538.452           0.004       5.070             112              -0
  129        -782.113    -113.669           0.000       0.000             129              -0
   69         -17.194    -100.962          -2.203       0.272              69               0
  177        -454.547    -850.716           0.000       0.000             177               0
  198        -394.761     218.728          -0.361      -0.155             198              -0
   29        -707.359    -819.117           0.000       0.000              29              -0
  235       -1249.390    -577.596          -1.798      -2.084             235               0
  182          94.153     440.315           0.000       0.000             182               0
   31        -272.059     724.096          -0.913       4.610              31              -0
  134        -434.630    -667.269           0.000       0.000             134              -0
  218         296.734    -330.580          -2.030      -0.783             218               0
  198         791.529    -695.663           0.000       0.000             198               0
  239          88.494    -339.551          -0.307      -0.211             239              -0
  156         672.971     -23.311           0.000       0.000             156              -0
   85         207.426     489.047          -1.298      -2.291              85               0
   90        1102.748    -442.209           0.000       0.000              90               0
   59         -60.867     555.718          -1.734       4.197              59              -0
  238        -125.299     -65.220           0.000       0.000             238              -0
   41         559.216     410.825           0.000       0.000              41               0
   30        -410.000      -0.032           0.000       0.000              30               0
   90         559.257    -410.792          -0.256      -0.263              90              -0
   63        -125.305      65.201           0.000       0.000              63              -0
  139         -60.791    -555.717          -0.822      -2.488             139               0
  182        1102.720     442.305           0.000       0.000             182               0
  185         207.452    -489.028          -2.532       3.796             185              -0
   57         672.950      23.394           0.000       0.000              57              -0
  228          88.445     339.581          -1.561      -1.486             228               0
  132         791.439     695.729           0.000       0.000             132               0
   91         296.644     330.587          -0.205      -0.315              91              -0
   44        -434.738     667.191           0.000       0.000              44              -0
  241        -272.029    -724.152          -0.332      -2.691             241               0
  168          94.143    -440.285           0.000       0.000             168               0
  119       -1249.469     577.518          -3.370       3.376             119              -0
   35        -707.412     819.042           0.000       0.000              35              -0
  245        -394.719    -218.774          -1.715      -1.338             245               0
   80        -454.587     850.664           0.000       0.000              80               0
  145         -17.173     100.927          -0.149      -0.372             145              -0
  179        -782.067     113.587           0.000       0.000             179              -0
  179        1143.890     538.527           0.215      -2.918             179               0
  146         263.247     713.892           0.000       0.000             146               0
  223         -41.739    -271.252          -4.325       2.896             223              -0
  245        -235.964    -732.115           0.000       0.000             245              -0
  145        -826.042     520.819          -1.018      -2.297             145               0
  251        -133.617     427.117           0.000       0.000             251               0
  165         593.798   -1025.620          -0.082      -0.441             165              -0
   60        -469.618    1365.812           0.000       0.000              60              -0
  203         871.791     -12.678           0.884      -3.195             203               0
   52         473.467     484.233           0.000       0.000              52               0
   87         177.148    -270.632          -5.524       2.294              87              -0
  171         314.748      46.410           0.000       0.000             171              -0
   17        -416.863     212.509          -1.705      -2.185              17               0
   53         263.083    -999.016           0.000       0.000              53               0
   25          97.915    -285.833           0.007      -0.532              25              -0
  187         197.458    -213.744           0.000       0.000             187              -0
  237         368.948      84.947           1.799      -3.573             237               0
  156        -821.536    -214.116           0.000       0.000             156               0
   90         271.790      54.546          -7.219       1.442              90              -0
    5          24.401     628.612           0.000       0.000               5              -0
   51        1168.639    -156.668          -0.090      -3.686              51               0
   26        -132.344   -1046.795           0.000       0.000              26               0
  161         171.400      -6.252           0.142      -0.670             161              -0
  216         419.616     573.207           0.000       0.000             216              -0
  173         337.346    1520.944           3.262      -4.179             173               0
  177         108.090    -776.030           0.000       0.000             177               0
   14         687.704    -537.984         -10.073       0.009              14              -0
   86        1307.423    -779.756           0.000       0.000              86              -0
  201         668.494     873.937          -0.613      -4.970             201               0
  159         194.485     700.668           0.000       0.000             159               0
  173        -163.789    -128.300           0.402      -0.936             173              -0
  198        -181.476     -94.395           0.000       0.000             198              -0
  207         903.469    -791.435           6.308      -5.441             207               0
   68        -152.688    -455.406           0.000       0.000              68               0
  179        -885.722    -557.962         -16.657      -3.298             179               0
   60        -867.136    -138.894           0.000       0.000              60              -0
  178         990.657    -116.108           3.488      -9.041             178               0
   83        -449.408      73.707           0.000       0.000              83               0
  201          79.707    -712.467           1.214      -1.767             201              -0
  210        -181.610      97.979           0.000       0.000             210              -0
  145         -80.434     442.446          18.574     -10.522             145               0
  205       -1307.200    -933.346           0.000       0.000             205               0
    5         279.501     114.435         -56.898     -23.510               5               0
  187         681.062     516.334           0.000       0.000             187              -0
  131         237.919    -420.126           0.000       0.000             131               0
