SINAL     NFT                         FFT                         NFT INVERSA     FFT INVERSA
-----     -----------------------     -----------------------     -----------     -----------
    9       16104.000       0.000           0.000       0.000               9               0
  143          23.776     418.381           0.000      -0.000             143               0
   37         -35.582     252.172           0.000       0.000              37               0
  201        -700.258    -754.532           0.000      -0.000             201               0
  240         311.064   -1857.882           0.000       0.000             240               0
  166         146.228     -60.540           0.000      -0.000             166               0
  131        -120.964     160.951           0.000       0.000             131               0
   85         -97.238     726.813           0.000      -0.000              85               0
  209         -82.054   -1050.434           0.000       0.000             209               0
    4         448.121    -116.033           0.000      -0.000               4               0
  224         281.945     928.096           0.000       0.000             224               0
  146        -421.527     210.594           0.000      -0.000             146               0
  213        1162.002     135.839           0.000       0.000             213               0
  144       -1335.687    -651.274           0.000      -0.000             144               0
  184       -1141.416     421.787           0.000       0.000             184               0
  141        -525.688    -276.810           0.000      -0.000             141               0
  123        -435.170     495.362           0.000       0.000             123               0
   34        -854.855    -130.398           0.000      -0.000              34               0
  160         389.101      67.295           0.000       0.000             160               0
   33        -340.668     613.102           0.000      -0.000              33               0
  168        -971.986      95.480           0.000       0.000             168               0
   18        -451.137    -280.613           0.000      -0.000              18               0
  250          68.654     170.850           0.000       0.000             250               0
  115          73.916     298.429           0.000      -0.000             115               0
  140         -68.260    -491.509           0.000       0.000             140               0
   12        -655.323    -122.640           0.000      -0.000              12               0
   23         433.483    -192.514           0.000       0.000              23               0
  100        -445.941     224.795           0.000      -0.000             100               0
  110         940.474    -382.196           0.000       0.000             110               0
    1         325.133    -166.817           0.000      -0.000               1               0
   56         416.951    -305.971           0.000       0.000              56               0
  236        -122.198     554.394           0.000      -0.000             236               0
   55         460.989     555.008           0.000       0.000              55               0
  209         241.687      46.048           0.000      -0.000             209               0
  252         788.661      -8.992           0.000       0.000             252               0
   65         825.519     230.103           0.000      -0.000              65               0
  182        -487.985    -362.165           0.000       0.000             182               0
   67          44.582     902.828           0.000      -0.000              67               0
  158         903.580    -596.388           0.000       0.000             158               0
   10        -820.859    -623.961           0.000      -0.000              10               0
  158        -535.598    1192.646           0.000       0.000             158               0
  211        -314.581   -1274.177           0.000      -0.000             211               0
   28         995.440     173.049           0.000       0.000              28               0
  182        -345.324     182.026           0.000      -0.000             182               0
  179        -951.180     319.410           0.000       0.000             179               0
  158        -230.611     302.647           0.000      -0.000             158               0
    0        -115.648     -12.595           0.000       0.000              -0               0
   88        -122.231    -540.638           0.000      -0.000              88               0
  176        -382.837      -4.644           0.000       0.000             176               0
   11          -4.104    -284.042           0.000      -0.000              11               0
  161         743.612     664.627           0.000       0.000             161               0
  233         478.087    -629.750           0.000      -0.000             233               0
  101        -746.893      58.407           0.000       0.000             101               0
  112         513.129     239.142           0.000      -0.000             112               0
  239        -509.040    -551.726           0.000       0.000             239               0
  135       -1072.583    -281.984           0.000      -0.000             135               0
   88       -1670.132     721.676           0.000       0.000              88               0
   22         474.831    -444.493           0.000      -0.000              22               0
   98        -364.551     134.206           0.000       0.000              98               0
    0       -1009.586    -269.850           0.000      -0.000              -0               0
  157        -359.513    -371.167           0.000       0.000             157               0
  172        -745.997     866.180           0.000      -0.000             172               0
   21        -590.304     426.907           0.000       0.000              21               0
  228         493.327     285.421           0.000      -0.000             228               0
  213        1450.000       0.044           0.000       0.000             213               0
  175         493.285    -285.407           0.000       0.000             175               0
  126        -590.330    -426.971           0.000       0.000             126               0
   53        -745.951    -866.219           0.000       0.000              53               0
  136        -359.562     371.171           0.000       0.000             136               0
  157       -1009.609     269.769           0.000       0.000             157               0
  211        -364.516    -134.233           0.000       0.000             211               0
  109         474.770     444.524           0.000       0.000             109               0
  187       -1670.091    -721.812           0.000       0.000             187               0
  224       -1072.557     281.922           0.000       0.000             224               0
  141        -509.012     551.678           0.000       0.000             141               0
  116         513.193    -239.110           0.000       0.000             116               0
  109        -746.846     -58.459           0.000       0.000             109               0
  118         478.092     629.777           0.000       0.000             118               0
    5         743.678    -664.572           0.000       0.000               5               0
  224          -4.144     284.054           0.000       0.000             224               0
   29        -382.838       4.617           0.000       0.000              29               0
   30        -122.266     540.618           0.000       0.000              30               0
   91        -115.644      12.556           0.000       0.000              91               0
   99        -230.587    -302.685           0.000       0.000              99               0
   92        -951.128    -319.490           0.000       0.000              92               0
  161        -345.243    -182.043           0.000       0.000             161               0
  218         995.482    -172.937           0.000       0.000             218               0
  116        -314.696    1274.134           0.000       0.000             116               0
  200        -535.481   -1192.705           0.000       0.000             200               0
   19        -820.847     623.913           0.000       0.000              19               0
   22         903.586     596.430           0.000       0.000              22               0
   15          44.674    -902.841           0.000       0.000              15               0
  168        -487.965     362.126           0.000       0.000             168               0
   20         825.594    -230.045           0.000       0.000              20               0
  201         788.674       9.051           0.000       0.000             201               0
  143         241.693     -46.044           0.000       0.000             143               0
   33         461.033    -554.976           0.000       0.000              33               0
  144        -122.148    -554.376           0.000       0.000             144               0
  247         416.938     306.037           0.000       0.000             247               0
  186         325.124     166.857           0.000       0.000             186               0
  212         940.415     382.272           0.000       0.000             212               0
  227        -445.954    -224.834           0.000       0.000             227               0
  191         433.442     192.557           0.000       0.000             191               0
  149        -655.355     122.587           0.000       0.000             149               0
  230         -68.299     491.486           0.000       0.000             230               0
  160          73.934    -298.445           0.000       0.000             160               0
  224          68.644    -170.845           0.000       0.000             224               0
  167        -451.189     280.566           0.000       0.000             167               0
   89        -971.974     -95.586           0.000       0.000              89               0
   61        -340.584    -613.135           0.000       0.000              61               0
  176         389.108     -67.249           0.000       0.000             176               0
   82        -854.871     130.325           0.000       0.000              82               0
  120        -435.111    -495.392           0.000       0.000             120               0
  193        -525.697     276.776           0.000       0.000             193               0
  107       -1141.343    -421.869           0.000       0.000             107               0
  170       -1335.633     651.168           0.000       0.000             170               0
  137        1162.106    -135.762           0.000       0.000             137               0
   36        -421.455    -210.643           0.000       0.000              36               0
  111         282.096    -928.050           0.000       0.000             111               0
   34         448.161     116.124           0.000       0.000              34               0
  135         -82.097    1050.429           0.000       0.000             135               0
    6         -97.117    -726.829           0.000       0.000               6               0
   13        -120.872    -160.923           0.000       0.000              13               0
  127         146.313      60.613           0.000       0.000             127               0
  221         310.997    1857.922           0.000       0.000             221               0
  171        -700.188     754.411           0.000       0.000             171               0
   52         -35.333    -252.233           0.000       0.000              52               0
  153          24.245    -418.401           0.000       0.000             153               0
