SINAL     NFT                         FFT                         NFT INVERSA     FFT INVERSA
-----     -----------------------     -----------------------     -----------     -----------
  246       16247.000       0.000           0.000       0.000             246               0
  175          58.601     172.339           0.000      -0.000             175               0
  215         479.693    -237.590           0.000       0.000             215               0
   90          55.621     126.167           0.000      -0.000              90               0
  127        1027.072    1383.657           0.000       0.000             127               0
   43        -674.655    1063.903           0.000      -0.000              43               0
   57         -28.137    -301.678           0.000       0.000              57               0
   54         229.746     362.084           0.000      -0.000              54               0
   38         782.003     661.427           0.000       0.000              38               0
   20         250.711    -355.400           0.000      -0.000              20               0
  124         728.734    -516.660           0.000       0.000             124               0
  232         683.412    -261.101           0.000      -0.000             232               0
  207        -138.938    -168.436           0.000       0.000             207               0
   35        1183.349    -557.546           0.000      -0.000              35               0
  119         420.681     112.450           0.000       0.000             119               0
  185         658.847    -285.735           0.000      -0.000             185               0
  139       -1507.682       8.346           0.000       0.000             139               0
  128         223.852    -244.061           0.000      -0.000             128               0
  171         -62.176    -113.813           0.000       0.000             171               0
   34        -192.331     240.933           0.000      -0.000              34               0
  238         262.303    -330.432           0.000       0.000             238               0
  126        -435.583     384.564           0.000      -0.000             126               0
  112         470.289    -281.696           0.000       0.000             112               0
   67         753.839      -1.971           0.000      -0.000              67               0
   59        -485.641     647.992           0.000       0.000              59               0
  166        1227.191    -510.676           0.000      -0.000             166               0
  216        -779.754    -500.582           0.000       0.000             216               0
   75         355.367   -1016.322           0.000      -0.000              75               0
  146        -466.397     454.810           0.000       0.000             146               0
  235       -1359.261    -255.147           0.000      -0.000             235               0
  200        -107.626     213.005           0.000       0.000             200               0
    3         507.445    -688.183           0.000      -0.000               3               0
  138         807.000     -43.983           0.000       0.000             138               0
  166        -611.814    -599.388           0.000      -0.000             166               0
   21        1214.881     656.698           0.000       0.000              21               0
  181        1362.949     462.358           0.000      -0.000             181               0
   62        -228.741    -485.849           0.000       0.000              62               0
  226         506.508     -33.970           0.000      -0.000             226               0
    6        -564.499     -95.236           0.000       0.000               6               0
   91         399.293     -50.512           0.000      -0.000              91               0
   92         779.406     152.275           0.000       0.000              92               0
  112        -329.236     453.733           0.000      -0.000             112               0
  154        -991.154    1038.771           0.000       0.000             154               0
    9         542.583     429.848           0.000      -0.000               9               0
   98        -295.496     129.578           0.000       0.000              98               0
  247         509.102    -242.346           0.000      -0.000             247               0
   40        -560.790      31.128           0.000       0.000              40               0
  209        -269.215    -473.312           0.000      -0.000             209               0
   65        -458.350     820.344           0.000       0.000              65               0
   80         120.043    -424.458           0.000      -0.000              80               0
   40        -453.770     682.749           0.000       0.000              40               0
  242         219.030     446.291           0.000      -0.000             242               0
  211         490.777    -443.485           0.000       0.000             211               0
   87        -769.422    -445.786           0.000      -0.000              87               0
   59        -425.139     320.700           0.000       0.000              59               0
   41        1038.455     371.949           0.000      -0.000              41               0
  121        -527.791    -466.362           0.000       0.000             121               0
   43         259.485     664.527           0.000      -0.000              43               0
  208        -120.887    -482.111           0.000       0.000             208               0
  123         399.384    -136.937           0.000      -0.000             123               0
  255         733.427   -1028.052           0.000       0.000             255               0
  123        -267.413     859.302           0.000      -0.000             123               0
  181         571.588     688.802           0.000       0.000             181               0
  236         724.010     436.161           0.000      -0.000             236               0
   16        -609.000      -0.058           0.000       0.000              16               0
  104         724.065    -436.155           0.000       0.000             104               0
  171         571.628    -688.782           0.000       0.000             171               0
  209        -267.345    -859.300           0.000       0.000             209               0
  198         733.341    1028.126           0.000       0.000             198               0
  190         399.343     136.940           0.000       0.000             190               0
    2        -120.950     482.055           0.000       0.000               2               0
  234         259.519    -664.538           0.000       0.000             234               0
  200        -527.830     466.292           0.000       0.000             200               0
   53        1038.470    -371.900           0.000       0.000              53               0
    6        -425.157    -320.744           0.000       0.000               6               0
   31        -769.452     445.709           0.000       0.000              31               0
  188         490.755     443.476           0.000       0.000             188               0
  231         219.047    -446.328           0.000       0.000             231               0
   51        -453.724    -682.802           0.000       0.000              51               0
  147         120.002     424.446           0.000       0.000             147               0
   48        -458.287    -820.398           0.000       0.000              48               0
   80        -269.245     473.284           0.000       0.000              80               0
   83        -560.755     -31.203           0.000       0.000              83               0
  204         509.108     242.351           0.000       0.000             204               0
   74        -295.470    -129.654           0.000       0.000              74               0
   41         542.619    -429.852           0.000       0.000              41               0
  128        -991.057   -1038.871           0.000       0.000             128               0
  172        -329.134    -453.745           0.000       0.000             172               0
   83         779.466    -152.192           0.000       0.000              83               0
  135         399.294      50.555           0.000       0.000             135               0
  252        -564.480      95.190           0.000       0.000             252               0
  249         506.548      34.012           0.000       0.000             249               0
  184        -228.727     485.808           0.000       0.000             184               0
  174        1363.033    -462.271           0.000       0.000             174               0
  182        1214.907    -656.578           0.000       0.000             182               0
  175        -611.880     599.356           0.000       0.000             175               0
  137         807.001      44.052           0.000       0.000             137               0
   27         507.351     688.211           0.000       0.000              27               0
   90        -107.661    -213.035           0.000       0.000              90               0
  189       -1359.288     255.020           0.000       0.000             189               0
  171        -466.306    -454.841           0.000       0.000             171               0
   78         355.318    1016.356           0.000       0.000              78               0
   91        -779.741     500.481           0.000       0.000              91               0
   61        1227.190     510.720           0.000       0.000              61               0
    6        -485.562    -648.076           0.000       0.000               6               0
  151         753.875       2.022           0.000       0.000             151               0
   44         470.263     281.708           0.000       0.000              44               0
   84        -435.540    -384.622           0.000       0.000              84               0
   78         262.299     330.436           0.000       0.000              78               0
  225        -192.290    -240.969           0.000       0.000             225               0
   27         -62.152     113.799           0.000       0.000              27               0
   97         223.847     244.062           0.000       0.000              97               0
  112       -1507.615      -8.491           0.000       0.000             112               0
  122         658.931     285.769           0.000       0.000             122               0
   40         420.771    -112.431           0.000       0.000              40               0
  143        1183.350     557.626           0.000       0.000             143               0
  164        -138.909     168.391           0.000       0.000             164               0
  241         683.453     261.126           0.000       0.000             241               0
  180         728.732     516.674           0.000       0.000             180               0
  116         250.725     355.344           0.000       0.000             116               0
  165         782.099    -661.428           0.000       0.000             165               0
  224         229.808    -362.099           0.000       0.000             224               0
  121         -28.114     301.618           0.000       0.000             121               0
   40        -674.460   -1064.020           0.000       0.000              40               0
  247        1027.315   -1383.565           0.000       0.000             247               0
  148          55.768    -126.126           0.000       0.000             148               0
  115         479.883     237.640           0.000       0.000             115               0
  169          59.035    -172.333           0.000       0.000             169               0
