SINAL     NFT                         FFT                         NFT INVERSA     FFT INVERSA
-----     -----------------------     -----------------------     -----------     -----------
    0       16088.000       0.000           0.000       0.000               0               0
   40         360.949      91.836           0.000      -0.000              40               0
  210        -444.977    -299.202           0.000       0.000             210               0
  102         -19.810     940.609           0.000      -0.000             102               0
   23        -707.724   -1053.988           0.000       0.000              23               0
   32         906.208     741.134           0.000      -0.000              32               0
  142       -1107.678     -41.052           0.000       0.000             142               0
  249        -681.085    -664.382           0.000      -0.000             249               0
  220         104.777    1140.175           0.000       0.000             220               0
  121         123.358      78.797           0.000      -0.000             121               0
  245       -1730.346     332.814           0.000       0.000             245               0
  133        -848.620     237.328           0.000      -0.000             133               0
   19         -75.348     583.957           0.000       0.000              19               0
   65          41.297    -568.170           0.000      -0.000              65               0
  108         559.710     646.715           0.000       0.000             108               0
  144        -196.217    -627.235           0.000      -0.000             144               0
  151         661.765    -602.767           0.000       0.000             151               0
  100         623.372    -563.091           0.000      -0.000             100               0
  213         -11.738   -1200.227           0.000       0.000             213               0
   66         243.617    -346.855           0.000      -0.000              66               0
  207        1040.155    -194.999           0.000       0.000             207               0
   45        -620.700    -742.134           0.000      -0.000              45               0
  159         342.171     391.519           0.000       0.000             159               0
   62         934.050     210.528           0.000      -0.000              62               0
  206        -707.880     982.335           0.000       0.000             206               0
   67        -478.585    -441.391           0.000      -0.000              67               0
   78        -344.392    -175.348           0.000       0.000              78               0
  223         681.575     908.573           0.000      -0.000             223               0
  154       -1014.782    -254.698           0.000       0.000             154               0
  198        -311.710     252.008           0.000      -0.000             198               0
   61        -854.673       0.802           0.000       0.000              61               0
  232       -1508.126     489.153           0.000      -0.000             232               0
  237        -178.993     400.996           0.000       0.000             237               0
  125         599.186    -596.262           0.000      -0.000             125               0
   69         218.091     237.529           0.000       0.000              69               0
  128         167.916    1570.721           0.000      -0.000             128               0
   17         -63.840    1109.049           0.000       0.000              17               0
   87         127.925    -241.831           0.000      -0.000              87               0
   48         -57.042      34.606           0.000       0.000              48               0
  237         522.848      92.265           0.000      -0.000             237               0
   96        -401.631     877.792           0.000       0.000              96               0
   70        -535.468     435.878           0.000      -0.000              70               0
  140       -1308.347    -195.173           0.000       0.000             140               0
  191         461.499    -443.965           0.000      -0.000             191               0
  232        -447.604     436.888           0.000       0.000             232               0
  178         165.757    -549.957           0.000      -0.000             178               0
  175         241.723     872.871           0.000       0.000             175               0
  230        -118.299     974.102           0.000      -0.000             230               0
    5        -145.789     867.213           0.000       0.000               5               0
   76        -113.517     594.872           0.000      -0.000              76               0
   25        -421.496    -241.950           0.000       0.000              25               0
  190        -691.916     114.297           0.000      -0.000             190               0
  170        1332.095     203.901           0.000       0.000             170               0
   79        -467.414    -414.375           0.000      -0.000              79               0
   14        -150.333    -160.828           0.000       0.000              14               0
   34        -419.144     383.733           0.000      -0.000              34               0
  113         -91.366     619.627           0.000       0.000             113               0
  199        -206.992     956.262           0.000      -0.000             199               0
    8         385.743     185.674           0.000       0.000               8               0
   83        -730.475    -403.882           0.000      -0.000              83               0
   82        -606.987    -590.281           0.000       0.000              82               0
   76        -908.998     150.965           0.000      -0.000              76               0
  163         363.528     355.590           0.000       0.000             163               0
  110        1009.347     389.640           0.000      -0.000             110               0
   59       -1066.000      -0.069           0.000       0.000              59               0
   10        1009.391    -389.592           0.000       0.000              10               0
  131         363.505    -355.574           0.000       0.000             131               0
   28        -909.026    -151.038           0.000       0.000              28               0
    3        -607.038     590.217           0.000       0.000               3               0
  204        -730.482     403.768           0.000       0.000             204               0
   79         385.780    -185.710           0.000       0.000              79               0
  241        -206.913    -956.320           0.000       0.000             241               0
  216         -91.314    -619.638           0.000       0.000             216               0
  197        -419.105    -383.754           0.000       0.000             197               0
  193        -150.331     160.826           0.000       0.000             193               0
  234        -467.411     414.316           0.000       0.000             234               0
  121        1332.110    -203.822           0.000       0.000             121               0
  168        -691.941    -114.378           0.000       0.000             168               0
  131        -421.509     241.871           0.000       0.000             131               0
  181        -113.454    -594.936           0.000       0.000             181               0
  185        -145.706    -867.255           0.000       0.000             185               0
  228        -118.202    -974.111           0.000       0.000             228               0
   56         241.804    -872.809           0.000       0.000              56               0
  218         165.696     549.998           0.000       0.000             218               0
  117        -447.574    -436.917           0.000       0.000             117               0
   14         461.438     444.009           0.000       0.000              14               0
   37       -1308.379     195.033           0.000       0.000              37               0
   17        -535.397    -435.959           0.000       0.000              17               0
   63        -401.508    -877.828           0.000       0.000              63               0
  214         522.889     -92.207           0.000       0.000             214               0
   71         -57.027     -34.613           0.000       0.000              71               0
   38         127.916     241.806           0.000       0.000              38               0
    4         -63.736   -1109.093           0.000       0.000               4               0
  127         168.059   -1570.676           0.000       0.000             127               0
  173         218.113    -237.441           0.000       0.000             173               0
  229         599.106     596.338           0.000       0.000             229               0
   92        -179.022    -401.011           0.000       0.000              92               0
  103       -1508.109    -489.255           0.000       0.000             103               0
  245        -854.640      -0.847           0.000       0.000             245               0
  225        -311.656    -252.011           0.000       0.000             225               0
   85       -1014.746     254.621           0.000       0.000              85               0
  197         681.700    -908.494           0.000       0.000             197               0
   98        -344.392     175.363           0.000       0.000              98               0
   55        -478.587     441.352           0.000       0.000              55               0
   34        -707.722    -982.382           0.000       0.000              34               0
  253         934.134    -210.402           0.000       0.000             253               0
  116         342.220    -391.425           0.000       0.000             116               0
    0        -620.715     742.139           0.000       0.000              -0               0
  183        1040.185     195.121           0.000       0.000             183               0
  252         243.598     346.922           0.000       0.000             252               0
  108         -11.811    1200.246           0.000       0.000             108               0
  174         623.351     563.130           0.000       0.000             174               0
  115         661.707     602.801           0.000       0.000             115               0
   97        -196.274     627.170           0.000       0.000              97               0
  240         559.759    -646.699           0.000       0.000             240               0
    1          41.223     568.147           0.000       0.000               1               0
  178         -75.332    -583.997           0.000       0.000             178               0
  157        -848.625    -237.410           0.000       0.000             157               0
   46       -1730.270    -332.963           0.000       0.000              46               0
   15         123.445     -78.797           0.000       0.000              15               0
  170         104.914   -1140.141           0.000       0.000             170               0
  240        -681.097     664.359           0.000       0.000             240               0
  250       -1107.574      40.951           0.000       0.000             250               0
  195         906.376    -741.034           0.000       0.000             195               0
  109        -707.712    1053.934           0.000       0.000             109               0
   69         -19.576    -940.614           0.000       0.000              69               0
   13        -444.769     299.187           0.000       0.000              13               0
  224         361.402     -91.797           0.000       0.000             224               0
