SINAL     NFT                         FFT                         NFT INVERSA     FFT INVERSA
-----     -----------------------     -----------------------     -----------     -----------
  130       17404.000       0.000           0.000       0.000             130               1
  162        -640.706     596.359         -10.698      10.423             162               0
  205         373.562   -1091.266           0.000       0.000             205              -0
  232         262.832     117.849         -33.729      11.142             232               0
   67         -34.395    -415.616           0.000       0.000              67               0
  131         674.322     513.877          30.781      20.528             131              -0
   95         550.200    1320.915           0.000       0.000              95              -0
  191           4.417    -420.585          -8.563       8.994             191               0
   52        -264.001    -173.188           0.000       0.000              52               0
  155        -310.419    -479.056          -1.403       0.911             155               0
   17         717.413     -97.102           0.000       0.000              17              -0
  169        -673.949    -517.533          -9.724       1.199             169               0
  158          -8.980     353.865           0.000       0.000             158               0
  182           7.510    -371.853          10.218      10.200             182              -0
   24         147.674    -857.692           0.000       0.000              24              -0
  105        -148.490    -183.718          -3.469       4.445             105               0
  252          -0.997    -205.602           0.000       0.000             252               0
  127         777.811    -372.406          -0.840       0.335             127               0
  136        -712.570     261.987           0.000       0.000             136              -0
  251        -146.899    -620.464          -5.796      -0.428             251               0
   91         417.718     -24.084           0.000       0.000              91               0
  181         159.136     391.660           5.111       7.635             181              -0
   78         365.747    -292.404           0.000       0.000              78              -0
  186         135.317    -791.946          -3.628       1.608             186               0
  208         100.074     315.699           0.000       0.000             208               0
   37        -684.631    -577.050          -0.626       0.116              37               0
   58         129.960    -471.001           0.000       0.000              58              -0
  199        -286.324     649.720          -4.094      -1.133             199               0
    7         417.144     -42.970           0.000       0.000               7               0
  219        -656.871     679.797           2.659       6.404             219              -0
   76        -241.588     -30.260           0.000       0.000              76              -0
   68        -187.136    1498.572          -2.295       1.791              68               0
  176         518.986     424.996           0.000       0.000             176               0
   23        -243.258    -506.524          -0.506      -0.007              23               0
   86          93.126     722.234           0.000       0.000              86              -0
   28        -885.608     173.365          -3.083      -1.552              28               0
  188       -1402.762    -668.308           0.000       0.000             188               0
  172        -402.788     -57.587           1.126       5.633             172              -0
  134         277.586     603.325           0.000       0.000             134              -0
  144          90.617     -79.809          -2.596       0.064             144               0
  230        -156.178     250.861           0.000       0.000             230               0
  197         263.402    -378.785          -0.424      -0.090             197               0
  116        -213.150    -439.191           0.000       0.000             116              -0
   32         832.301     520.666          -2.368      -1.848              32               0
  167         -36.280   -1223.472           0.000       0.000             167               0
   59        -382.193     463.375           0.004       5.070              59              -0
   98        -103.691    -306.115           0.000       0.000              98              -0
  136        -578.017     788.205          -2.203       0.272             136               0
  201        1491.004     -13.573           0.000       0.000             201               0
   27         209.547    -846.412          -0.361      -0.155              27              -0
   83         233.393     277.138           0.000       0.000              83              -0
  219       -1541.140    -171.537          -1.798      -2.084             219               0
   35        -261.051     694.528           0.000       0.000              35               0
  247         498.584    -616.303          -0.913       4.610             247              -0
   69        -270.347    -102.215           0.000       0.000              69              -0
   36        -164.997    -323.663          -2.030      -0.783              36               0
  242        1260.114    -509.958           0.000       0.000             242               0
   61         602.483      93.708          -0.307      -0.211              61              -0
   13         460.755    -275.315           0.000       0.000              13              -0
  248        -762.734    -125.505          -1.298      -2.291             248               0
  108        -339.346    -340.870           0.000       0.000             108               0
  207         710.940    -938.878          -1.734       4.197             207              -0
  150        -272.081   -1288.089           0.000       0.000             150              -0
  140         362.918      -7.815           0.000       0.000             140               0
  227       -1030.000      -0.015           0.000       0.000             227               0
  161         362.940       7.914          -0.256      -0.263             161              -0
   77        -272.173    1288.111           0.000       0.000              77              -0
  110         710.861     938.927          -0.822      -2.488             110               0
  124        -339.393     340.815           0.000       0.000             124               0
  226        -762.714     125.423          -2.532       3.796             226              -0
   78         460.781     275.338           0.000       0.000              78              -0
  143         602.517     -93.663          -1.561      -1.486             143               0
   35        1260.047     510.059           0.000       0.000              35               0
  247        -165.073     323.627          -0.205      -0.315             247              -0
  227        -270.370     102.173           0.000       0.000             227              -0
  248         498.509     616.305          -0.332      -2.691             248               0
  191        -261.041    -694.580           0.000       0.000             191               0
  220       -1541.141     171.401          -3.370       3.376             220              -0
  187         233.472    -277.118           0.000       0.000             187              -0
  212         209.517     846.415          -1.715      -1.338             212               0
  140        1490.987      13.649           0.000       0.000             140               0
   90        -577.992    -788.267          -0.149      -0.372              90              -0
  208        -103.724     306.107           0.000       0.000             208              -0
  255        -382.148    -463.395           0.215      -2.918             255               0
  180         -36.355    1223.457           0.000       0.000             180               0
  145         832.343    -520.626          -4.325       2.896             145              -0
  110        -213.204     439.164           0.000       0.000             110              -0
  135         263.358     378.769          -1.018      -2.297             135               0
   42        -156.173    -250.911           0.000       0.000              42               0
  198          90.599      79.783          -0.082      -0.441             198              -0
  210         277.601    -603.319           0.000       0.000             210              -0
  158        -402.845      57.558           0.884      -3.195             158               0
   60       -1402.829     668.163           0.000       0.000              60               0
   32        -885.546    -173.492          -5.524       2.294              32              -0
  203          93.233    -722.246           0.000       0.000             203              -0
  123        -243.262     506.477          -1.705      -2.185             123               0
   85         519.042    -425.011           0.000       0.000              85               0
  200        -187.010   -1498.594           0.007      -0.532             200              -0
  109        -241.582      30.260           0.000       0.000             109              -0
  172        -656.779    -679.836           1.799      -3.573             172               0
   89         417.174      43.026           0.000       0.000              89               0
  251        -286.249    -649.709          -7.219       1.442             251              -0
  137         129.940     471.055           0.000       0.000             137              -0
  157        -684.646     576.997          -0.090      -3.686             157               0
  209         100.154    -315.680           0.000       0.000             209               0
  221         135.295     791.966           0.142      -0.670             221              -0
   39         365.757     292.409           0.000       0.000              39              -0
  107         159.194    -391.656           3.262      -4.179             107               0
  116         417.728      24.135           0.000       0.000             116               0
   59        -146.947     620.448         -10.073       0.009              59              -0
  140        -712.503    -262.052           0.000       0.000             140              -0
   20         777.825     372.477          -0.613      -4.970              20               0
  181          -0.999     205.599           0.000       0.000             181               0
    0        -148.475     183.711           0.402      -0.936               0              -0
  136         147.637     857.691           0.000       0.000             136              -0
   93           7.509     371.810           6.308      -5.441              93               0
   94          -8.921    -353.888           0.000       0.000              94               0
   67        -673.932     517.463         -16.657      -3.298              67               0
  105         717.465      97.138           0.000       0.000             105              -0
  193        -310.415     478.999           3.488      -9.041             193               0
  139        -263.939     173.122           0.000       0.000             139               0
   67           4.482     420.515           1.214      -1.767              67              -0
  245         550.413   -1320.913           0.000       0.000             245              -0
  192         674.449    -513.801          18.574     -10.522             192               0
  129         -34.329     415.623           0.000       0.000             129               0
   25         262.988    -117.824         -56.898     -23.510              25               0
  185         373.672    1091.268           0.000       0.000             185              -0
  119        -640.212    -596.456           0.000       0.000             119               0
