SINAL     NFT                         FFT                         NFT INVERSA     FFT INVERSA
-----     -----------------------     -----------------------     -----------     -----------
  132       17581.000       0.000           0.000       0.000             132               0
   31        -296.700    -582.544           0.000      -0.000              31               0
  255         883.027     223.587           0.000       0.000             255               0
   65       -1122.960    -930.150           0.000      -0.000              65               0
  144         513.243     361.636           0.000       0.000             144               0
  157        -279.057     319.490           0.000      -0.000             157               0
    5        -792.558     313.624           0.000       0.000               5               0
  247        -301.085     665.727           0.000      -0.000             247               0
  136        -186.410    -505.094           0.000       0.000             136               0
  170         -29.659    -355.576           0.000      -0.000             170               0
  214         398.660     459.137           0.000       0.000             214               0
   53        -605.304   -1170.047           0.000      -0.000              53               0
  156        -520.103     -84.766           0.000       0.000             156               0
  171         327.625     316.839           0.000      -0.000             171               0
  166         626.235     402.859           0.000       0.000             166               0
  216         769.336    -268.250           0.000      -0.000             216               0
  170        -598.803      74.434           0.000       0.000             170               0
  143        -206.255    -364.851           0.000      -0.000             143               0
  233         216.680     109.047           0.000       0.000             233               0
  169          14.158   -1309.575           0.000      -0.000             169               0
  125         155.779     673.049           0.000       0.000             125               0
  103          84.259      51.725           0.000      -0.000             103               0
   14        -451.129   -1141.851           0.000       0.000              14               0
  218         174.376     272.909           0.000      -0.000             218               0
   19        -226.639     705.795           0.000       0.000              19               0
  200         285.029    -404.908           0.000      -0.000             200               0
  164        -116.653     953.936           0.000       0.000             164               0
  167         109.582     739.297           0.000      -0.000             167               0
  165         489.943     466.706           0.000       0.000             165               0
  184        -802.979    -114.856           0.000      -0.000             184               0
   60        -389.678     378.592           0.000       0.000              60               0
  153        -740.774     -82.824           0.000      -0.000             153               0
   15         310.017    -684.995           0.000       0.000              15               0
  212        -304.228     136.394           0.000      -0.000             212               0
   13         924.797     617.648           0.000       0.000              13               0
  157        -948.613     570.857           0.000      -0.000             157               0
  227         -85.113    -797.544           0.000       0.000             227               0
  244        -137.128      63.647           0.000      -0.000             244               0
  139        -637.859     812.653           0.000       0.000             139               0
    8        -314.068    -574.958           0.000      -0.000               8               0
   59         479.071    -852.011           0.000       0.000              59               0
  119         291.103     892.946           0.000      -0.000             119               0
  106        -575.146     210.683           0.000       0.000             106               0
  163       -1339.655    -302.159           0.000      -0.000             163               0
   34         257.551    -369.635           0.000       0.000              34               0
   44        -463.768      88.038           0.000      -0.000              44               0
  147        -434.942      -9.733           0.000       0.000             147               0
  101        -671.004     369.578           0.000      -0.000             101               0
  177        -699.183     232.421           0.000       0.000             177               0
  220         133.862     749.497           0.000      -0.000             220               0
  231         720.264     585.197           0.000       0.000             231               0
  126        1166.957    -444.128           0.000      -0.000             126               0
  192        -118.497    -335.045           0.000       0.000             192               0
  202         849.306     477.190           0.000      -0.000             202               0
  129         875.189     513.656           0.000       0.000             129               0
  171         272.496     200.152           0.000      -0.000             171               0
  213         634.025    -782.902           0.000       0.000             213               0
  117        1118.765     458.039           0.000      -0.000             117               0
  167        -143.148     -31.241           0.000       0.000             167               0
  109           9.619    -233.619           0.000      -0.000             109               0
  234        -724.770     137.768           0.000       0.000             234               0
  239         380.564     115.648           0.000      -0.000             239               0
  209        1136.172    -477.795           0.000       0.000             209               0
  200          48.223   -1192.268           0.000      -0.000             200               0
  211         531.000       0.050           0.000       0.000             211               0
  152          48.131    1192.284           0.000       0.000             152               0
   19        1136.123     477.849           0.000       0.000              19               0
  194         380.522    -115.655           0.000       0.000             194               0
  246        -724.778    -137.848           0.000       0.000             246               0
  144           9.617     233.599           0.000       0.000             144               0
  140        -143.113      31.196           0.000       0.000             140               0
  133        1118.829    -457.956           0.000       0.000             133               0
  212         633.947     782.931           0.000       0.000             212               0
  134         272.508    -200.183           0.000       0.000             134               0
   79         875.224    -513.614           0.000       0.000              79               0
   65         849.305    -477.119           0.000       0.000              65               0
  241        -118.552     335.033           0.000       0.000             241               0
   85        1166.889     444.182           0.000       0.000              85               0
  169         720.235    -585.186           0.000       0.000             169               0
   17         133.828    -749.498           0.000       0.000              17               0
   32        -699.240    -232.477           0.000       0.000              32               0
    8        -671.013    -369.626           0.000       0.000               8               0
   93        -434.966       9.707           0.000       0.000              93               0
  191        -463.771     -88.067           0.000       0.000             191               0
  125         257.487     369.658           0.000       0.000             125               0
   78       -1339.699     302.022           0.000       0.000              78               0
   71        -575.092    -210.763           0.000       0.000              71               0
  194         291.208    -892.908           0.000       0.000             194               0
   87         478.987     852.069           0.000       0.000              87               0
  136        -314.145     574.888           0.000       0.000             136               0
  243        -637.792    -812.736           0.000       0.000             243               0
    0        -137.111     -63.649           0.000       0.000              -0               0
   28         -85.180     797.509           0.000       0.000              28               0
  159        -948.534    -570.981           0.000       0.000             159               0
  215         924.872    -617.575           0.000       0.000             215               0
    3        -304.224    -136.400           0.000       0.000               3               0
  188         309.948     685.014           0.000       0.000             188               0
  218        -740.792      82.723           0.000       0.000             218               0
   26        -389.632    -378.652           0.000       0.000              26               0
  191        -802.944     114.760           0.000       0.000             191               0
  229         490.028    -466.702           0.000       0.000             229               0
  195         109.660    -739.304           0.000       0.000             195               0
  154        -116.552    -953.920           0.000       0.000             154               0
  145         285.010     404.953           0.000       0.000             145               0
   69        -226.567    -705.800           0.000       0.000              69               0
  113         174.412    -272.841           0.000       0.000             113               0
  129        -451.203    1141.832           0.000       0.000             129               0
   12          84.299     -51.739           0.000       0.000              12               0
  218         155.860    -673.009           0.000       0.000             218               0
  167          14.071    1309.589           0.000       0.000             167               0
   95         216.705    -109.052           0.000       0.000              95               0
   25        -206.272     364.818           0.000       0.000              25               0
  171        -598.744     -74.502           0.000       0.000             171               0
   99         769.369     268.292           0.000       0.000              99               0
   98         626.282    -402.826           0.000       0.000              98               0
   35         327.639    -316.802           0.000       0.000              35               0
  205        -520.112      84.749           0.000       0.000             205               0
  146        -605.359    1169.980           0.000       0.000             146               0
  242         398.745    -459.134           0.000       0.000             242               0
  107         -29.662     355.563           0.000       0.000             107               0
  126        -186.418     505.033           0.000       0.000             126               0
  194        -300.986    -665.793           0.000       0.000             194               0
  156        -792.453    -313.701           0.000       0.000             156               0
  191        -278.910    -319.513           0.000       0.000             191               0
   97         513.387    -361.568           0.000       0.000              97               0
   21       -1122.867     930.059           0.000       0.000              21               0
  192         883.300    -223.530           0.000       0.000             192               0
   94        -296.292     582.500           0.000       0.000              94               0
