SINAL     NFT                         FFT                         NFT INVERSA     FFT INVERSA
-----     -----------------------     -----------------------     -----------     -----------
    5       15210.000       0.000           0.000       0.000               5               0
  142         451.896     324.065           0.000      -0.000             142               0
  161        -892.168      99.244           0.000       0.000             161               0
  165         204.416    -699.520           0.000      -0.000             165               0
  150         435.951    1052.292           0.000       0.000             150               0
  110         328.270    -436.909           0.000      -0.000             110               0
   20          21.098    -214.176           0.000       0.000              20               0
  180         290.141     303.016           0.000      -0.000             180               0
   16        -390.177     566.187           0.000       0.000              16               0
  243         492.379     138.851           0.000      -0.000             243               0
   21         624.958    -268.253           0.000       0.000              21               0
  113       -1377.785     157.927           0.000      -0.000             113               0
   90        -500.309       3.900           0.000       0.000              90               0
  160          24.270     163.744           0.000      -0.000             160               0
   37        -936.434    -706.564           0.000       0.000              37               0
  141          -2.082     -65.527           0.000      -0.000             141               0
  230        -520.769    -677.035           0.000       0.000             230               0
  110         627.081   -1039.965           0.000      -0.000             110               0
   33          98.295    -217.143           0.000       0.000              33               0
  146          34.295     217.813           0.000      -0.000             146               0
   54        -455.882    -575.786           0.000       0.000              54               0
  171        -291.888    -283.608           0.000      -0.000             171               0
  122         -15.722    -196.798           0.000       0.000             122               0
    1         174.054     309.248           0.000      -0.000               1               0
  198          49.576     509.409           0.000       0.000             198               0
   84         526.147     870.183           0.000      -0.000              84               0
  236        -980.228    -456.265           0.000       0.000             236               0
  167       -1032.959    -536.795           0.000      -0.000             167               0
  106         566.969       6.929           0.000       0.000             106               0
  229         495.264     233.000           0.000      -0.000             229               0
  137        -251.046    1279.044           0.000       0.000             137               0
  160         343.938      97.167           0.000      -0.000             160               0
  196        -623.989    -562.019           0.000       0.000             196               0
    5         750.288    -546.320           0.000      -0.000               5               0
  123         -14.377    -127.561           0.000       0.000             123               0
   17         135.915     335.328           0.000      -0.000              17               0
   98        -485.077       4.040           0.000       0.000              98               0
  104        -565.839     -27.484           0.000      -0.000             104               0
  103         672.932    -199.734           0.000       0.000             103               0
   64         184.936    1391.458           0.000      -0.000              64               0
  250        -134.391    -518.038           0.000       0.000             250               0
  121         968.142     960.494           0.000      -0.000             121               0
  165        -408.928    -403.551           0.000       0.000             165               0
   11          20.708    -143.041           0.000      -0.000              11               0
   81          20.182     209.386           0.000       0.000              81               0
   58        -688.293     -19.352           0.000      -0.000              58               0
  177        -121.188    -138.196           0.000       0.000             177               0
   57        -696.481    1901.608           0.000      -0.000              57               0
   36        -167.230      34.947           0.000       0.000              36               0
  110        -161.024    -170.161           0.000      -0.000             110               0
  179       -1136.096    -554.732           0.000       0.000             179               0
  157       -1244.132      17.562           0.000      -0.000             157               0
  134         187.021     705.841           0.000       0.000             134               0
  102         694.798     235.768           0.000      -0.000             102               0
  225          68.004     920.087           0.000       0.000             225               0
  117          73.820    -213.889           0.000      -0.000             117               0
  139        -249.052     750.734           0.000       0.000             139               0
   50         -99.428     325.444           0.000      -0.000              50               0
  157         -58.343      70.692           0.000       0.000             157               0
  216        -476.633    -694.628           0.000      -0.000             216               0
   29         119.136    -705.815           0.000       0.000              29               0
  141         106.595    -493.711           0.000      -0.000             141               0
  165       -1246.827   -1033.151           0.000       0.000             165               0
    0        -995.038     224.159           0.000      -0.000              -0               0
   27         286.000       0.022           0.000       0.000              27               0
  139        -995.036    -224.202           0.000       0.000             139               0
  112       -1246.874    1033.073           0.000       0.000             112               0
   97         106.606     493.711           0.000       0.000              97               0
  151         119.093     705.803           0.000       0.000             151               0
   10        -476.676     694.533           0.000       0.000              10               0
   70         -58.314     -70.764           0.000       0.000              70               0
   79         -99.386    -325.507           0.000       0.000              79               0
   32        -248.969    -750.780           0.000       0.000              32               0
   45          73.824     213.868           0.000       0.000              45               0
   47          68.098    -920.105           0.000       0.000              47               0
  215         694.807    -235.712           0.000       0.000             215               0
   52         187.022    -705.814           0.000       0.000              52               0
  149       -1244.170     -17.637           0.000       0.000             149               0
  215       -1136.119     554.637           0.000       0.000             215               0
   12        -161.001     170.115           0.000       0.000              12               0
    1        -167.212     -35.018           0.000       0.000               1               0
  172        -696.298   -1901.668           0.000       0.000             172               0
   31        -121.169     138.230           0.000       0.000              31               0
   44        -688.255      19.307           0.000       0.000              44               0
  217          20.250    -209.372           0.000       0.000             217               0
   97          20.731     143.054           0.000       0.000              97               0
  176        -408.908     403.496           0.000       0.000             176               0
  237         968.258    -960.419           0.000       0.000             237               0
  150        -134.424     518.020           0.000       0.000             150               0
  137         185.075   -1391.436           0.000       0.000             137               0
  171         672.907     199.832           0.000       0.000             171               0
  189        -565.855      27.453           0.000       0.000             189               0
  233        -485.050      -4.071           0.000       0.000             233               0
   97         135.976    -335.297           0.000       0.000              97               0
  172         -14.357     127.592           0.000       0.000             172               0
   43         750.246     546.395           0.000       0.000              43               0
  122        -624.033     561.943           0.000       0.000             122               0
  163         343.965     -97.186           0.000       0.000             163               0
  184        -250.923   -1279.068           0.000       0.000             184               0
   73         495.298    -232.919           0.000       0.000              73               0
  145         566.936      -6.843           0.000       0.000             145               0
  255       -1033.029     536.726           0.000       0.000             255               0
  140        -980.222     456.157           0.000       0.000             140               0
    4         526.267    -870.154           0.000       0.000               4               0
   45          49.636    -509.378           0.000       0.000              45               0
  230         174.091    -309.188           0.000       0.000             230               0
  255         -15.737     196.843           0.000       0.000             255               0
   75        -291.905     283.619           0.000       0.000              75               0
   47        -455.902     575.761           0.000       0.000              47               0
  116          34.351    -217.795           0.000       0.000             116               0
   76          98.309     217.193           0.000       0.000              76               0
  214         626.997    1040.035           0.000       0.000             214               0
   97        -520.830     676.970           0.000       0.000              97               0
  118          -2.083      65.509           0.000       0.000             118               0
  189        -936.470     706.459           0.000       0.000             189               0
   71          24.322    -163.778           0.000       0.000              71               0
  179        -500.283      -3.963           0.000       0.000             179               0
    4       -1377.688    -158.055           0.000       0.000               4               0
   76         625.040     268.287           0.000       0.000              76               0
   38         492.445    -138.840           0.000       0.000              38               0
   65        -390.067    -566.230           0.000       0.000              65               0
  188         290.246    -302.976           0.000       0.000             188               0
  207          21.162     214.191           0.000       0.000             207               0
  145         328.327     436.915           0.000       0.000             145               0
  187         436.133   -1052.251           0.000       0.000             187               0
  152         204.462     699.554           0.000       0.000             152               0
    4        -891.956     -99.334           0.000       0.000               4               0
  202         452.347    -324.024           0.000       0.000             202               0
