SINAL     NFT                         FFT                         NFT INVERSA     FFT INVERSA
-----     -----------------------     -----------------------     -----------     -----------
    6       16685.000       0.000           0.000       0.000               6               1
  115         222.258     670.911         -10.698      10.423             115               0
  175         200.056    -102.602           0.000       0.000             175              -0
   21        -919.913      67.467         -33.729      11.142              21               0
   15         390.400     127.046           0.000       0.000              15               0
  195         456.391      37.766          30.781      20.528             195              -0
  156       -1206.848    -395.663           0.000       0.000             156              -0
  161        -213.633     611.180          -8.563       8.994             161               0
   40       -1353.094     612.462           0.000       0.000              40               0
  251         387.313      -4.242          -1.403       0.911             251               0
  138        -758.740    -188.427           0.000       0.000             138              -0
  250         591.418     663.413          -9.724       1.199             250               0
  193         459.177     424.428           0.000       0.000             193               0
   83         472.716    -483.745          10.218      10.200              83              -0
  126         386.706     499.286           0.000       0.000             126              -0
   82        -458.300    -271.462          -3.469       4.445              82               0
   15         226.331    -527.221           0.000       0.000              15               0
   50         456.180     596.385          -0.840       0.335              50               0
  219        -811.270    1122.304           0.000       0.000             219              -0
  157        -214.506    1076.133          -5.796      -0.428             157               0
   21        -960.325     549.331           0.000       0.000              21               0
  197        -199.934    -990.513           5.111       7.635             197              -0
  138         383.944      89.509           0.000       0.000             138              -0
   92        -982.853    -910.227          -3.628       1.608              92               0
   62        -233.594     100.532           0.000       0.000              62               0
  184        1085.357   -1433.225          -0.626       0.116             184               0
  215        -307.691    -781.689           0.000       0.000             215              -0
  136         622.288     174.904          -4.094      -1.133             136               0
  122        -896.914     217.799           0.000       0.000             122               0
   88         186.003    -799.077           2.659       6.404              88              -0
  214         144.262   -1210.681           0.000       0.000             214              -0
  247        -121.984    -679.303          -2.295       1.791             247               0
  136        -963.987    -592.999           0.000       0.000             136               0
  139         423.087     790.143          -0.506      -0.007             139               0
   23         582.127       9.208           0.000       0.000              23              -0
  229         -92.066     794.305          -3.083      -1.552             229               0
    2        -409.799     421.262           0.000       0.000               2               0
   71         422.214   -1335.190           1.126       5.633              71              -0
   86        -696.023    1033.073           0.000       0.000              86              -0
    4        -470.029     519.698          -2.596       0.064               4               0
  117        -879.812     725.088           0.000       0.000             117               0
   72         339.151     715.753          -0.424      -0.090              72               0
  181          20.277     632.295           0.000       0.000             181              -0
  119        -841.187    -120.952          -2.368      -1.848             119               0
   22         595.994    -478.107           0.000       0.000              22               0
   65         366.692      94.002           0.004       5.070              65              -0
  252        -621.078     109.369           0.000       0.000             252              -0
   84         599.189     451.538          -2.203       0.272              84               0
   27         -18.372     740.770           0.000       0.000              27               0
   99       -1067.025     -90.322          -0.361      -0.155              99              -0
   47        -136.745     884.901           0.000       0.000              47              -0
   93        -287.321    -204.739          -1.798      -2.084              93               0
  172        -390.687     267.573           0.000       0.000             172               0
  242        -611.575     304.905          -0.913       4.610             242              -0
  107         282.190    1067.473           0.000       0.000             107              -0
   61         542.732     -93.466          -2.030      -0.783              61               0
  239         358.509    -854.959           0.000       0.000             239               0
  213          14.752     706.808          -0.307      -0.211             213              -0
  173         238.490    -147.438           0.000       0.000             173              -0
   94         180.590      14.084          -1.298      -2.291              94               0
   66        -923.896      65.097           0.000       0.000              66               0
  153        -140.426       7.345          -1.734       4.197             153              -0
  166        -611.805    -227.852           0.000       0.000             166              -0
  148        -651.682    -712.945           0.000       0.000             148               0
    3        -285.000       0.002           0.000       0.000               3               0
   20        -651.740     712.892          -0.256      -0.263              20              -0
  161        -611.803     227.773           0.000       0.000             161              -0
  147        -140.407      -7.384          -0.822      -2.488             147               0
  115        -923.854     -65.195           0.000       0.000             115               0
  246         180.644     -14.087          -2.532       3.796             246              -0
  162         238.505     147.429           0.000       0.000             162              -0
  190          14.833    -706.813          -1.561      -1.486             190               0
  138         358.456     854.976           0.000       0.000             138               0
  255         542.717      93.448          -0.205      -0.315             255              -0
  218         282.242   -1067.485           0.000       0.000             218              -0
   72        -611.579    -304.958          -0.332      -2.691              72               0
  224        -390.668    -267.607           0.000       0.000             224               0
   28        -287.336     204.693          -3.370       3.376              28              -0
   15        -136.678    -884.925           0.000       0.000              15              -0
   71       -1067.013      90.227          -1.715      -1.338              71               0
  204         -18.259    -740.779           0.000       0.000             204               0
  157         599.238    -451.468          -0.149      -0.372             157              -0
  193        -621.057    -109.399           0.000       0.000             193              -0
   12         366.725     -93.951           0.215      -2.918              12               0
   93         595.934     478.156           0.000       0.000              93               0
  104        -841.210     120.846          -4.325       2.896             104              -0
   30          20.346    -632.325           0.000       0.000              30              -0
  182         339.193    -715.732          -1.018      -2.297             182               0
  135        -879.765    -725.147           0.000       0.000             135               0
   69        -469.969    -519.711          -0.082      -0.441              69              -0
  247        -695.896   -1033.063           0.000       0.000             247              -0
  177         422.136    1335.265           0.884      -3.195             177               0
   71        -409.743    -421.310           0.000       0.000              71               0
  163         -91.958    -794.284          -5.524       2.294             163              -0
  223         582.151      -9.116           0.000       0.000             223              -0
   32         423.132    -790.041          -1.705      -2.185              32               0
   55        -964.039     593.002           0.000       0.000              55               0
  165        -122.006     679.349           0.007      -0.532             165              -0
  251         144.184    1210.713           0.000       0.000             251              -0
  185         185.936     799.068           1.799      -3.573             185               0
  135        -896.869    -217.891           0.000       0.000             135               0
   79         622.337    -174.825          -7.219       1.442              79              -0
   77        -307.731     781.698           0.000       0.000              77              -0
  165        1085.239    1433.293          -0.090      -3.686             165               0
  231        -233.623    -100.587           0.000       0.000             231               0
  210        -982.919     910.110           0.142      -0.670             210              -0
  190         383.971     -89.520           0.000       0.000             190              -0
   91        -200.028     990.431           3.262      -4.179              91               0
  226        -960.263    -549.503           0.000       0.000             226               0
   91        -214.378   -1076.200         -10.073       0.009              91              -0
   23        -811.117   -1122.368           0.000       0.000              23              -0
  101         456.295    -596.303          -0.613      -4.970             101               0
  221         226.317     527.268           0.000       0.000             221               0
  142        -458.277     271.409           0.402      -0.936             142              -0
  171         386.807    -499.257           0.000       0.000             171              -0
   13         472.713     483.775           6.308      -5.441              13               0
   64         459.234    -424.416           0.000       0.000              64               0
  222         591.464    -663.356         -16.657      -3.298             222               0
  146        -758.751     188.376           0.000       0.000             146              -0
  255         387.321       4.261           3.488      -9.041             255               0
  232       -1353.016    -612.580           0.000       0.000             232               0
  134        -213.516    -611.167           1.214      -1.767             134              -0
    6       -1206.778     395.589           0.000       0.000               6              -0
   96         456.526     -37.724          18.574     -10.522              96               0
  216         390.511    -127.005           0.000       0.000             216               0
  237        -919.755     -67.533         -56.898     -23.510             237               0
   53         200.299     102.620           0.000       0.000              53              -0
  179         222.764    -670.875           0.000       0.000             179               0
