SINAL     NFT                         FFT                         NFT INVERSA     FFT INVERSA
-----     -----------------------     -----------------------     -----------     -----------
   20       15656.000       0.000           0.000       0.000              20               0
  189        -337.290     581.089           0.000      -0.000             189               0
   73         765.563     -58.274           0.000       0.000              73               0
  102          53.700    -252.120           0.000      -0.000             102               0
  189         278.547     857.765           0.000       0.000             189               0
  166        -346.513    -416.219           0.000      -0.000             166               0
  197        -464.401    -262.428           0.000       0.000             197               0
   24          84.711      76.774           0.000      -0.000              24               0
   48        -412.622    -307.360           0.000       0.000              48               0
   52         383.533     706.290           0.000      -0.000              52               0
  196         138.449     281.637           0.000       0.000             196               0
  132         637.963    -685.455           0.000      -0.000             132               0
  207        -662.464    -996.214           0.000       0.000             207               0
  182        -303.637    -518.008           0.000      -0.000             182               0
   89         390.360   -1116.872           0.000       0.000              89               0
   86         202.103     772.379           0.000      -0.000              86               0
  172         879.516     490.266           0.000       0.000             172               0
   30       -1271.290     608.000           0.000      -0.000              30               0
   29          31.494     737.077           0.000       0.000              29               0
  123        -715.602     269.366           0.000      -0.000             123               0
   17         -54.049     242.805           0.000       0.000              17               0
  138        1289.138     444.457           0.000      -0.000             138               0
   76        -108.321      72.769           0.000       0.000              76               0
   84         450.245     653.183           0.000      -0.000              84               0
  209         365.112    1104.244           0.000       0.000             209               0
  241        -568.363    -554.136           0.000      -0.000             241               0
    4         250.575    -507.409           0.000       0.000               4               0
  234         236.076     261.633           0.000      -0.000             234               0
   23         316.740    -729.859           0.000       0.000              23               0
  101        -332.080      31.513           0.000      -0.000             101               0
   73        -240.280     421.495           0.000       0.000              73               0
   55         234.026     206.138           0.000      -0.000              55               0
  148         112.994    -239.003           0.000       0.000             148               0
  129        -156.589    -498.276           0.000      -0.000             129               0
   57        -783.073     326.820           0.000       0.000              57               0
   97         190.851    -869.303           0.000      -0.000              97               0
  119        -198.784     187.568           0.000       0.000             119               0
  188         501.963     670.390           0.000      -0.000             188               0
  157         295.311     606.247           0.000       0.000             157               0
   25       -1254.207     268.424           0.000      -0.000              25               0
   34         359.472     859.315           0.000       0.000              34               0
  194        -636.256    -747.892           0.000      -0.000             194               0
   76         713.882     556.048           0.000       0.000              76               0
   68        -734.824    -453.919           0.000      -0.000              68               0
   52        -856.655    -721.222           0.000       0.000              52               0
   35        -670.365    -465.319           0.000      -0.000              35               0
   31        -522.455     629.755           0.000       0.000              31               0
  122         560.409     934.975           0.000      -0.000             122               0
  238        -479.525    -539.785           0.000       0.000             238               0
  190        -315.092    -890.917           0.000      -0.000             190               0
   34        -762.439     345.918           0.000       0.000              34               0
  231        -157.560    -755.412           0.000      -0.000             231               0
   27        -297.131     822.530           0.000       0.000              27               0
   32        -484.894    -841.759           0.000      -0.000              32               0
  172        -678.710    -749.661           0.000       0.000             172               0
  221         177.072     122.734           0.000      -0.000             221               0
  216        -144.014     -48.285           0.000       0.000             216               0
  187         156.957    -114.696           0.000      -0.000             187               0
  248        -148.543      51.095           0.000       0.000             248               0
   61       -1076.863     462.946           0.000      -0.000              61               0
  179          97.746     813.943           0.000       0.000             179               0
   91        -564.271     217.588           0.000      -0.000              91               0
   46        1458.462     227.670           0.000       0.000              46               0
  165        -481.193     815.755           0.000      -0.000             165               0
  184       -1882.000      -0.111           0.000       0.000             184               0
   65        -481.049    -815.831           0.000       0.000              65               0
  224        1458.494    -227.558           0.000       0.000             224               0
  115        -564.283    -217.653           0.000       0.000             115               0
  140          97.793    -813.936           0.000       0.000             140               0
   59       -1076.827    -463.007           0.000       0.000              59               0
  228        -148.511     -51.073           0.000       0.000             228               0
  132         156.956     114.734           0.000       0.000             132               0
   58        -144.021      48.291           0.000       0.000              58               0
  250         177.063    -122.687           0.000       0.000             250               0
  164        -678.791     749.629           0.000       0.000             164               0
    9        -484.959     841.691           0.000       0.000               9               0
   84        -297.053    -822.564           0.000       0.000              84               0
   58        -157.626     755.404           0.000       0.000              58               0
  112        -762.403    -345.981           0.000       0.000             112               0
  237        -315.144     890.888           0.000       0.000             237               0
   48        -479.538     539.689           0.000       0.000              48               0
  146         560.496    -934.966           0.000       0.000             146               0
   25        -522.420    -629.774           0.000       0.000              25               0
  206        -670.401     465.294           0.000       0.000             206               0
  168        -856.688     721.143           0.000       0.000             168               0
  229        -734.798     453.815           0.000       0.000             229               0
  143         713.967    -556.013           0.000       0.000             143               0
   80        -636.297     747.803           0.000       0.000              80               0
  116         359.560    -859.329           0.000       0.000             116               0
  204       -1254.148    -268.544           0.000       0.000             204               0
   77         295.430    -606.229           0.000       0.000              77               0
  184         502.044    -670.326           0.000       0.000             184               0
   78        -198.754    -187.538           0.000       0.000              78               0
  201         190.786     869.332           0.000       0.000             201               0
  117        -783.025    -326.887           0.000       0.000             117               0
  204        -156.582     498.267           0.000       0.000             204               0
   35         113.017     238.990           0.000       0.000              35               0
  192         234.068    -206.141           0.000       0.000             192               0
   33        -240.223    -421.515           0.000       0.000              33               0
   99        -332.033     -31.521           0.000       0.000              99               0
  181         316.725     729.879           0.000       0.000             181               0
  132         236.128    -261.629           0.000       0.000             132               0
    2         250.547     507.416           0.000       0.000               2               0
  244        -568.375     554.026           0.000       0.000             244               0
   78         365.256   -1104.266           0.000       0.000              78               0
  123         450.327    -653.146           0.000       0.000             123               0
    0        -108.278     -72.779           0.000       0.000              -0               0
   45        1289.183    -444.355           0.000       0.000              45               0
   14         -54.062    -242.809           0.000       0.000              14               0
  135        -715.577    -269.433           0.000       0.000             135               0
  255          31.570    -737.070           0.000       0.000             255               0
  253       -1271.184    -608.079           0.000       0.000             253               0
  101         879.626    -490.151           0.000       0.000             101               0
   69         202.196    -772.281           0.000       0.000              69               0
  131         390.281    1116.977           0.000       0.000             131               0
   99        -303.667     518.010           0.000       0.000              99               0
   47        -662.490     996.161           0.000       0.000              47               0
  206         637.967     685.467           0.000       0.000             206               0
  115         138.511    -281.669           0.000       0.000             115               0
  193         383.621    -706.257           0.000       0.000             193               0
  145        -412.611     307.339           0.000       0.000             145               0
  240          84.770     -76.764           0.000       0.000             240               0
   65        -464.356     262.391           0.000       0.000              65               0
   96        -346.439     416.164           0.000       0.000              96               0
  125         278.747    -857.750           0.000       0.000             125               0
   50          53.836     252.138           0.000       0.000              50               0
  138         765.760      58.327           0.000       0.000             138               0
  239        -336.843    -581.111           0.000       0.000             239               0
