SINAL     NFT                         FFT                         NFT INVERSA     FFT INVERSA
-----     -----------------------     -----------------------     -----------     -----------
   11       16217.000       0.000           0.000       0.000              11               0
  131        -733.308    -345.285           0.000      -0.000             131               0
  154         235.988     167.715           0.000       0.000             154               0
  136         -25.827     263.955           0.000      -0.000             136               0
  137         935.288    -687.037           0.000       0.000             137               0
   48         203.593     370.164           0.000      -0.000              48               0
   28        -464.092      16.665           0.000       0.000              28               0
  250         504.934    1310.652           0.000      -0.000             250               0
   24         -50.377    -597.729           0.000       0.000              24               0
  142         244.320    -280.288           0.000      -0.000             142               0
  231        -119.910     344.958           0.000       0.000             231               0
   37        -458.685     204.136           0.000      -0.000              37               0
  157        1263.415     318.888           0.000       0.000             157               0
   49        -161.533     273.181           0.000      -0.000              49               0
  153         -91.294      69.654           0.000       0.000             153               0
    7          11.652      18.890           0.000      -0.000               7               0
  170         713.788      39.074           0.000       0.000             170               0
  171        -161.641    -171.890           0.000      -0.000             171               0
  205        -526.073   -1142.776           0.000       0.000             205               0
    1        -723.121     541.699           0.000      -0.000               1               0
  166         983.664      93.143           0.000       0.000             166               0
   74        -546.871     194.458           0.000      -0.000              74               0
   73          62.474     499.278           0.000       0.000              73               0
  149         274.784    -109.384           0.000      -0.000             149               0
   72        -261.790     208.459           0.000       0.000              72               0
  163        -908.706    -131.845           0.000      -0.000             163               0
   57         209.561     103.542           0.000       0.000              57               0
    1         712.039      23.947           0.000      -0.000               1               0
  104        -738.422     511.612           0.000       0.000             104               0
  194         862.370     753.108           0.000      -0.000             194               0
   96        -228.684    1226.561           0.000       0.000              96               0
  224        -276.370     841.707           0.000      -0.000             224               0
  225        -939.030     709.968           0.000       0.000             225               0
  244        -685.363    -346.548           0.000      -0.000             244               0
  128       -1414.350     920.361           0.000       0.000             128               0
  197        -542.057    1238.122           0.000      -0.000             197               0
   25       -1021.704    -507.738           0.000       0.000              25               0
  160        -366.743    -562.387           0.000      -0.000             160               0
  180        1049.677   -1004.356           0.000       0.000             180               0
  138         485.041     417.374           0.000      -0.000             138               0
  238        -720.054    -175.115           0.000       0.000             238               0
   34         444.035    -855.380           0.000      -0.000              34               0
   18        -789.688    -873.021           0.000       0.000              18               0
  142        -182.511    -220.333           0.000      -0.000             142               0
  246         177.309     493.875           0.000       0.000             246               0
   78         315.880    -722.237           0.000      -0.000              78               0
  114       -1002.354     337.813           0.000       0.000             114               0
  136        -734.733    -108.088           0.000      -0.000             136               0
   94       -1155.809     651.035           0.000       0.000              94               0
   86        -502.038    -181.540           0.000      -0.000              86               0
  120        -104.975     733.362           0.000       0.000             120               0
  242         411.456     527.418           0.000      -0.000             242               0
  155        -486.726    -377.184           0.000       0.000             155               0
  244         296.549     458.654           0.000      -0.000             244               0
   67        -390.163     366.803           0.000       0.000              67               0
  189         182.740      23.646           0.000      -0.000             189               0
   14         228.258   -1317.274           0.000       0.000              14               0
  172         379.507    -224.787           0.000      -0.000             172               0
  217         924.683    -450.894           0.000       0.000             217               0
   61        -727.597    -653.501           0.000      -0.000              61               0
   50       -1072.865     668.855           0.000       0.000              50               0
   34        -488.606     244.889           0.000      -0.000              34               0
  145        -390.881     386.776           0.000       0.000             145               0
  224         528.733    -599.980           0.000      -0.000             224               0
   85         297.000       0.022           0.000       0.000              85               0
  219         528.654     600.015           0.000       0.000             219               0
  231        -390.889    -386.829           0.000       0.000             231               0
  108        -488.611    -244.930           0.000       0.000             108               0
  127       -1072.800    -668.912           0.000       0.000             127               0
  156        -727.588     653.479           0.000       0.000             156               0
  134         924.692     450.978           0.000       0.000             134               0
  241         379.486     224.829           0.000       0.000             241               0
  249         228.135    1317.265           0.000       0.000             249               0
   95         182.718     -23.695           0.000       0.000              95               0
  210        -390.146    -366.877           0.000       0.000             210               0
  214         296.573    -458.641           0.000       0.000             214               0
   90        -486.770     377.122           0.000       0.000              90               0
   84         411.484    -527.417           0.000       0.000              84               0
  108        -104.958    -733.367           0.000       0.000             108               0
   98        -502.099     181.504           0.000       0.000              98               0
   84       -1155.771    -651.123           0.000       0.000              84               0
   43        -734.728     108.047           0.000       0.000              43               0
   79       -1002.280    -337.871           0.000       0.000              79               0
   42         315.868     722.275           0.000       0.000              42               0
  176         177.359    -493.852           0.000       0.000             176               0
  179        -182.534     220.355           0.000       0.000             179               0
   82        -789.738     872.970           0.000       0.000              82               0
  153         443.985     855.390           0.000       0.000             153               0
  161        -720.047     175.010           0.000       0.000             161               0
  132         485.112    -417.343           0.000       0.000             132               0
  138        1049.565    1004.431           0.000       0.000             138               0
   48        -366.854     562.297           0.000       0.000              48               0
   58       -1021.777     507.556           0.000       0.000              58               0
    4        -541.967   -1238.247           0.000       0.000               4               0
  235       -1414.261    -920.493           0.000       0.000             235               0
  178        -685.349     346.464           0.000       0.000             178               0
   61        -938.911    -710.097           0.000       0.000              61               0
  167        -276.226    -841.761           0.000       0.000             167               0
  178        -228.505   -1226.579           0.000       0.000             178               0
   87         862.473    -753.004           0.000       0.000              87               0
   62        -738.343    -511.631           0.000       0.000              62               0
  206         712.083     -23.851           0.000       0.000             206               0
  182         209.566    -103.499           0.000       0.000             182               0
   41        -908.698     131.783           0.000       0.000              41               0
  186        -261.715    -208.471           0.000       0.000             186               0
  185         274.821     109.410           0.000       0.000             185               0
  117          62.541    -499.266           0.000       0.000             117               0
    8        -546.806    -194.481           0.000       0.000               8               0
  239         983.699     -93.041           0.000       0.000             239               0
   19        -723.068    -541.713           0.000       0.000              19               0
  168        -526.115    1142.760           0.000       0.000             168               0
   91        -161.579     171.859           0.000       0.000              91               0
   29         713.846     -39.026           0.000       0.000              29               0
   27          11.685     -18.898           0.000       0.000              27               0
  136         -91.243     -69.672           0.000       0.000             136               0
  201        -161.439    -273.202           0.000       0.000             201               0
   80        1263.480    -318.778           0.000       0.000              80               0
   24        -458.651    -204.164           0.000       0.000              24               0
  127        -119.825    -344.945           0.000       0.000             127               0
  247         244.355     280.330           0.000       0.000             247               0
   16         -50.363     597.699           0.000       0.000              16               0
   10         505.102   -1310.616           0.000       0.000              10               0
  233        -464.016     -16.670           0.000       0.000             233               0
  190         203.739    -370.109           0.000       0.000             190               0
   68         935.332     687.135           0.000       0.000              68               0
   51         -25.691    -263.957           0.000       0.000              51               0
  254         236.185    -167.672           0.000       0.000             254               0
  254        -732.922     345.239           0.000       0.000             254               0
