SINAL     NFT                         FFT                         NFT INVERSA     FFT INVERSA
-----     -----------------------     -----------------------     -----------     -----------
   54       16259.000       0.000           0.000       0.000              54               0
   25        -635.130     745.928           0.000      -0.000              25               0
   70          68.533   -1200.948           0.000       0.000              70               0
   93        -385.738     329.222           0.000      -0.000              93               0
   75         764.170     329.597           0.000       0.000              75               0
  208        -896.566    -268.898           0.000      -0.000             208               0
   61        -951.322     229.161           0.000       0.000              61               0
  140          71.919   -1055.563           0.000      -0.000             140               0
  254          52.564      -0.384           0.000       0.000             254               0
  105        -473.726    1105.031           0.000      -0.000             105               0
  104        -451.214    1130.939           0.000       0.000             104               0
  172        1380.834     476.754           0.000      -0.000             172               0
  136        -470.896     619.579           0.000       0.000             136               0
  191         348.204    -158.219           0.000      -0.000             191               0
  242       -1962.172    -982.056           0.000       0.000             242               0
   60         138.887     620.167           0.000      -0.000              60               0
   12         -13.955    1458.185           0.000       0.000              12               0
   25        -614.936     389.706           0.000      -0.000              25               0
    2         263.283     800.478           0.000       0.000               2               0
   98        -138.154       0.325           0.000      -0.000              98               0
  222        -285.489    -640.727           0.000       0.000             222               0
  137        -402.585     -65.718           0.000      -0.000             137               0
  224        -514.470     558.900           0.000       0.000             224               0
  224       -1167.843    -854.484           0.000      -0.000             224               0
  128        -686.937    -886.006           0.000       0.000             128               0
  135        -195.431     235.323           0.000      -0.000             135               0
   73         302.965     255.572           0.000       0.000              73               0
   46         335.060    -321.258           0.000      -0.000              46               0
   42        -186.464    -554.511           0.000       0.000              42               0
  241         354.407      42.300           0.000      -0.000             241               0
   41         464.839      85.448           0.000       0.000              41               0
  162         162.109    -120.207           0.000      -0.000             162               0
   79         122.022    -880.993           0.000       0.000              79               0
  180         783.431     515.900           0.000      -0.000             180               0
  225         249.691     -54.704           0.000       0.000             225               0
  174         322.974      12.443           0.000      -0.000             174               0
   16         260.413     526.914           0.000       0.000              16               0
  162        -951.458    -270.455           0.000      -0.000             162               0
  105          80.698    -118.432           0.000       0.000             105               0
  180          44.443    -589.542           0.000      -0.000             180               0
  204        -198.117     -79.195           0.000       0.000             204               0
   59         335.138    -166.950           0.000      -0.000              59               0
  125        -903.860     365.891           0.000       0.000             125               0
    3        -392.982     273.452           0.000      -0.000               3               0
   24         237.282    1429.557           0.000       0.000              24               0
   29         808.850     126.439           0.000      -0.000              29               0
   14         343.123     902.274           0.000       0.000              14               0
  188        -271.010    -497.776           0.000      -0.000             188               0
    2         -86.092    1066.169           0.000       0.000               2               0
  186         523.036    -828.140           0.000      -0.000             186               0
  115         -92.054      45.820           0.000       0.000             115               0
   75        -165.737     280.396           0.000      -0.000              75               0
   26         456.313     -43.003           0.000       0.000              26               0
  105         135.767    -603.923           0.000      -0.000             105               0
   37        -145.976     191.799           0.000       0.000              37               0
   64         634.186    -464.663           0.000      -0.000              64               0
  130        -643.514     386.387           0.000       0.000             130               0
  212         -22.065     546.416           0.000      -0.000             212               0
  238         -33.790    -723.118           0.000       0.000             238               0
  133        -132.585    -913.181           0.000      -0.000             133               0
  225        -431.404     710.144           0.000       0.000             225               0
  226        -603.897    -611.428           0.000      -0.000             226               0
   61         785.658     344.865           0.000       0.000              61               0
  195         -81.276    -986.755           0.000      -0.000             195               0
   90         169.000       0.031           0.000       0.000              90               0
   40         -81.354     986.755           0.000       0.000              40               0
  227         785.665    -344.806           0.000       0.000             227               0
   48        -603.982     611.369           0.000       0.000              48               0
  207        -431.342    -710.174           0.000       0.000             207               0
  233        -132.649     913.186           0.000       0.000             233               0
  232         -33.841     723.073           0.000       0.000             232               0
  123         -22.019    -546.458           0.000       0.000             123               0
  194        -643.456    -386.437           0.000       0.000             194               0
    4         634.171     464.714           0.000       0.000               4               0
  190        -145.954    -191.818           0.000       0.000             190               0
   68         135.734     603.921           0.000       0.000              68               0
  141         456.309      43.004           0.000       0.000             141               0
  192        -165.719    -280.433           0.000       0.000             192               0
  232         -92.036     -45.834           0.000       0.000             232               0
  133         522.969     828.140           0.000       0.000             133               0
  207         -86.013   -1066.214           0.000       0.000             207               0
  178        -271.038     497.725           0.000       0.000             178               0
  129         343.221    -902.281           0.000       0.000             129               0
   36         808.849    -126.396           0.000       0.000              36               0
  190         237.357   -1429.536           0.000       0.000             190               0
  233        -392.997    -273.446           0.000       0.000             233               0
  136        -903.822    -365.928           0.000       0.000             136               0
  144         335.142     167.014           0.000       0.000             144               0
   72        -198.121      79.206           0.000       0.000              72               0
  106          44.400     589.555           0.000       0.000             106               0
   26          80.679     118.430           0.000       0.000              26               0
  167        -951.460     270.356           0.000       0.000             167               0
  210         260.504    -526.901           0.000       0.000             210               0
  255         323.002     -12.405           0.000       0.000             255               0
  178         249.709      54.727           0.000       0.000             178               0
  178         783.477    -515.810           0.000       0.000             178               0
  221         121.934     881.021           0.000       0.000             221               0
  209         162.097     120.205           0.000       0.000             209               0
  157         464.836     -85.414           0.000       0.000             157               0
   56         354.382     -42.259           0.000       0.000              56               0
   72        -186.533     554.498           0.000       0.000              72               0
   30         335.014     321.262           0.000       0.000              30               0
  227         302.942    -255.563           0.000       0.000             227               0
  123        -195.469    -235.323           0.000       0.000             123               0
   82        -687.058     885.956           0.000       0.000              82               0
   98       -1167.921     854.337           0.000       0.000              98               0
   43        -514.401    -558.988           0.000       0.000              43               0
   10        -402.565      65.672           0.000       0.000              10               0
   80        -285.515     640.663           0.000       0.000              80               0
  141        -138.125      -0.408           0.000       0.000             141               0
  103         263.357    -800.510           0.000       0.000             103               0
   90        -614.895    -389.797           0.000       0.000              90               0
  180         -13.812   -1458.191           0.000       0.000             180               0
  206         138.924    -620.102           0.000       0.000             206               0
  169       -1962.218     981.911           0.000       0.000             169               0
   85         348.269     158.207           0.000       0.000              85               0
  194        -470.772    -619.653           0.000       0.000             194               0
   44        1380.911    -476.660           0.000       0.000              44               0
  118        -451.121   -1130.976           0.000       0.000             118               0
  163        -473.595   -1105.014           0.000       0.000             163               0
  150          52.612       0.468           0.000       0.000             150               0
   30          71.860    1055.597           0.000       0.000              30               0
   32        -951.253    -229.241           0.000       0.000              32               0
   68        -896.467     268.827           0.000       0.000              68               0
  249         764.323    -329.529           0.000       0.000             249               0
  238        -385.579    -329.217           0.000       0.000             238               0
  110          68.638    1200.954           0.000       0.000             110               0
   83        -634.640    -745.997           0.000       0.000              83               0
