SINAL     NFT                         FFT                         NFT INVERSA     FFT INVERSA
-----     -----------------------     -----------------------     -----------     -----------
  172       15711.000       0.000           0.000       0.000             172               0
  174        -496.026      51.029           0.000      -0.000             174               0
   68        -493.897   -1186.347           0.000       0.000              68               0
  171         269.338    1198.168           0.000      -0.000             171               0
  184         832.284     392.652           0.000       0.000             184               0
   38        -595.980     861.259           0.000      -0.000              38               0
   98         354.342     268.210           0.000       0.000              98               0
   89         549.375    -333.667           0.000      -0.000              89               0
   40         627.690    -747.290           0.000       0.000              40               0
   19        -188.884     351.556           0.000      -0.000              19               0
   12         423.036     722.593           0.000       0.000              12               0
  108        -120.149    -895.296           0.000      -0.000             108               0
   86         588.091    -856.999           0.000       0.000              86               0
  216        -676.542     -44.432           0.000      -0.000             216               0
  177        -688.674    -256.224           0.000       0.000             177               0
  104        -102.865     -86.615           0.000      -0.000             104               0
   43         449.058     451.273           0.000       0.000              43               0
  121        -736.656     430.707           0.000      -0.000             121               0
  142        -872.245     222.871           0.000       0.000             142               0
  186        1077.660    -512.011           0.000      -0.000             186               0
   91        -834.253     759.452           0.000       0.000              91               0
  161         296.687    -976.851           0.000      -0.000             161               0
  133         742.122    -413.953           0.000       0.000             133               0
  210        -629.981    -395.072           0.000      -0.000             210               0
  214        -137.895    -570.441           0.000       0.000             214               0
  204        -805.459      44.727           0.000      -0.000             204               0
   75         567.765     213.909           0.000       0.000              75               0
  109         608.627     358.781           0.000      -0.000             109               0
   90        -234.299    -260.706           0.000       0.000              90               0
  100         123.204     -77.939           0.000      -0.000             100               0
  144         333.560    -239.134           0.000       0.000             144               0
   37         357.552     178.477           0.000      -0.000              37               0
  112        -181.994    -275.008           0.000       0.000             112               0
  244         139.407     154.404           0.000      -0.000             244               0
  155         308.493    -849.644           0.000       0.000             155               0
  217        1054.022     927.163           0.000      -0.000             217               0
  179         983.442    -338.204           0.000       0.000             179               0
  141         172.133     875.973           0.000      -0.000             141               0
  182        -537.067     -27.349           0.000       0.000             182               0
  111         681.895    -942.102           0.000      -0.000             111               0
  216         408.603    -301.403           0.000       0.000             216               0
   70        -270.376     732.790           0.000      -0.000              70               0
  114         -24.244    -523.382           0.000       0.000             114               0
  199         190.358      43.571           0.000      -0.000             199               0
    6        -730.493    -369.946           0.000       0.000               6               0
   26        -190.636    -504.927           0.000      -0.000              26               0
  100        -357.703    -615.777           0.000       0.000             100               0
   92         713.950    -453.844           0.000      -0.000              92               0
  166         574.948    -616.711           0.000       0.000             166               0
   81         226.558   -1174.205           0.000      -0.000              81               0
  139         414.036    1340.701           0.000       0.000             139               0
    5         279.536    -636.538           0.000      -0.000               5               0
   55          80.416     590.168           0.000       0.000              55               0
   68       -1206.780     121.146           0.000      -0.000              68               0
  196         348.964     212.208           0.000       0.000             196               0
   24        -151.049    -430.034           0.000      -0.000              24               0
  128         457.590     301.757           0.000       0.000             128               0
    0         112.800     520.863           0.000      -0.000              -0               0
  118        -243.920     193.565           0.000       0.000             118               0
   25         -34.210     561.629           0.000      -0.000              25               0
   62         186.751      -4.339           0.000       0.000              62               0
  182        -258.865     610.159           0.000      -0.000             182               0
  210         317.446    -969.751           0.000       0.000             210               0
   95        -900.756     225.777           0.000      -0.000              95               0
  188           5.000      -0.008           0.000       0.000             188               0
  154        -900.721    -225.852           0.000       0.000             154               0
  218         317.392     969.749           0.000       0.000             218               0
    5        -258.800    -610.226           0.000       0.000               5               0
  230         186.766       4.328           0.000       0.000             230               0
  246         -34.157    -561.652           0.000       0.000             246               0
   39        -243.887    -193.594           0.000       0.000              39               0
  170         112.869    -520.854           0.000       0.000             170               0
   17         457.620    -301.697           0.000       0.000              17               0
  183        -151.088     430.027           0.000       0.000             183               0
  231         348.966    -212.189           0.000       0.000             231               0
  170       -1206.758    -121.251           0.000       0.000             170               0
  248          80.519    -590.141           0.000       0.000             248               0
   70         279.521     636.568           0.000       0.000              70               0
   12         414.171   -1340.629           0.000       0.000              12               0
  165         226.478    1174.283           0.000       0.000             165               0
  176         574.907     616.765           0.000       0.000             176               0
  185         713.887     453.902           0.000       0.000             185               0
  100        -357.784     615.736           0.000       0.000             100               0
  159        -190.689     504.885           0.000       0.000             159               0
   67        -730.505     369.848           0.000       0.000              67               0
  109         190.394     -43.584           0.000       0.000             109               0
  253         -24.268     523.342           0.000       0.000             253               0
  231        -270.278    -732.834           0.000       0.000             231               0
  142         408.621     301.447           0.000       0.000             142               0
  225         681.824     942.127           0.000       0.000             225               0
   52        -537.051      27.239           0.000       0.000              52               0
    2         172.263    -875.985           0.000       0.000               2               0
   94         983.453     338.271           0.000       0.000              94               0
  179        1054.092    -927.072           0.000       0.000             179               0
  176         308.395     849.677           0.000       0.000             176               0
  226         139.401    -154.412           0.000       0.000             226               0
  211        -182.017     274.977           0.000       0.000             211               0
   64         357.575    -178.461           0.000       0.000              64               0
  165         333.533     239.153           0.000       0.000             165               0
  177         123.185      77.933           0.000       0.000             177               0
   89        -234.314     260.660           0.000       0.000              89               0
    5         608.663    -358.753           0.000       0.000               5               0
  115         567.745    -213.860           0.000       0.000             115               0
  156        -805.480     -44.778           0.000       0.000             156               0
    5        -137.935     570.437           0.000       0.000               5               0
   62        -629.982     395.008           0.000       0.000              62               0
   72         742.115     413.999           0.000       0.000              72               0
   70         296.588     976.822           0.000       0.000              70               0
    9        -834.175    -759.569           0.000       0.000               9               0
  116        1077.617     512.072           0.000       0.000             116               0
  196        -872.247    -222.991           0.000       0.000             196               0
    9        -736.581    -430.795           0.000       0.000               9               0
  189         449.132    -451.236           0.000       0.000             189               0
  112        -102.865      86.617           0.000       0.000             112               0
   73        -688.669     256.166           0.000       0.000              73               0
  134        -676.473      44.379           0.000       0.000             134               0
   34         588.089     857.039           0.000       0.000              34               0
  183        -120.168     895.221           0.000       0.000             183               0
  167         423.153    -722.617           0.000       0.000             167               0
   59        -188.790    -351.578           0.000       0.000              59               0
  156         627.699     747.324           0.000       0.000             156               0
  141         549.397     333.651           0.000       0.000             141               0
    9         354.404    -268.249           0.000       0.000               9               0
  209        -595.827    -861.348           0.000       0.000             209               0
  139         832.421    -392.600           0.000       0.000             139               0
  185         269.534   -1198.115           0.000       0.000             185               0
   79        -493.822    1186.327           0.000       0.000              79               0
   65        -495.606     -51.099           0.000       0.000              65               0
