SINAL     NFT                         FFT                         NFT INVERSA     FFT INVERSA
-----     -----------------------     -----------------------     -----------     -----------
   17       17183.000       0.000           0.000       0.000              17               0
  151        -223.657     382.841           0.000      -0.000             151               0
  254        -945.907      85.199           0.000       0.000             254               0
   57         415.612    -780.213           0.000      -0.000              57               0
    2         235.696     461.691           0.000       0.000               2               0
  101         350.977     608.242           0.000      -0.000             101               0
  109        -380.132     -37.218           0.000       0.000             109               0
  218       -1486.802       9.146           0.000      -0.000             218               0
   82         389.358     584.605           0.000       0.000              82               0
   93         466.962    -502.191           0.000      -0.000              93               0
  227         145.605    -121.786           0.000       0.000             227               0
  143        -624.717     131.110           0.000      -0.000             143               0
   89         775.708    -167.214           0.000       0.000              89               0
  103         -74.721    -470.707           0.000      -0.000             103               0
  102         466.650     157.014           0.000       0.000             102               0
  161         377.669     817.739           0.000      -0.000             161               0
  199         851.495     117.222           0.000       0.000             199               0
  150         345.507   -1181.192           0.000      -0.000             150               0
   82         -87.927      49.035           0.000       0.000              82               0
  137        -399.584     -57.545           0.000      -0.000             137               0
   22        -314.046     222.802           0.000       0.000              22               0
  120         951.546    -682.096           0.000      -0.000             120               0
   35       -1045.226     443.104           0.000       0.000              35               0
  244         993.909    -358.712           0.000      -0.000             244               0
   97          74.043    -584.642           0.000       0.000              97               0
  254         104.478     139.371           0.000      -0.000             254               0
   31         485.529     -29.465           0.000       0.000              31               0
  239        -764.439   -1036.484           0.000      -0.000             239               0
   86         254.367    1299.341           0.000       0.000              86               0
  119        -234.662    -555.841           0.000      -0.000             119               0
  193       -1506.794     221.724           0.000       0.000             193               0
  197        -558.904     719.718           0.000      -0.000             197               0
  249        -446.026     916.986           0.000       0.000             249               0
  188        -893.735    -359.581           0.000      -0.000             188               0
    7        -290.901     111.128           0.000       0.000               7               0
   75        -403.457    1125.971           0.000      -0.000              75               0
  102       -1108.799     314.705           0.000       0.000             102               0
    0        -752.516    -570.812           0.000      -0.000              -0               0
   11          21.950     491.608           0.000       0.000              11               0
  214        -802.539    -199.060           0.000      -0.000             214               0
  131         335.478    -787.285           0.000       0.000             131               0
  207        -762.177     264.097           0.000      -0.000             207               0
    6        -587.816    -532.739           0.000       0.000               6               0
  209         414.651    -422.008           0.000      -0.000             209               0
  249       -1053.114     294.057           0.000       0.000             249               0
  246        -543.997    -888.374           0.000      -0.000             246               0
  124         -46.898    1048.213           0.000       0.000             124               0
   71         628.388     340.898           0.000      -0.000              71               0
  145       -1019.472    -610.808           0.000       0.000             145               0
  253        1060.381     539.637           0.000      -0.000             253               0
  254         -20.146     719.807           0.000       0.000             254               0
   18         285.613     670.567           0.000      -0.000              18               0
  123        -129.863      94.661           0.000       0.000             123               0
   24        -491.388     102.325           0.000      -0.000              24               0
  222         118.531     417.283           0.000       0.000             222               0
  254       -1563.031     277.733           0.000      -0.000             254               0
   16         597.192    -774.053           0.000       0.000              16               0
  177         168.874   -1917.261           0.000      -0.000             177               0
   52          15.541    -595.815           0.000       0.000              52               0
   47         627.173     554.100           0.000      -0.000              47               0
  145        -244.052     683.718           0.000       0.000             145               0
  102         403.371      38.564           0.000      -0.000             102               0
  216         809.830     175.598           0.000       0.000             216               0
  230        -822.733   -1502.008           0.000      -0.000             230               0
  136         -91.000       0.032           0.000       0.000             136               0
   40        -822.829    1501.948           0.000       0.000              40               0
  132         809.878    -175.565           0.000       0.000             132               0
  117         403.362     -38.550           0.000       0.000             117               0
  211        -243.996    -683.737           0.000       0.000             211               0
   12         627.214    -553.995           0.000       0.000              12               0
    9          15.469     595.886           0.000       0.000               9               0
  110         168.695    1917.275           0.000       0.000             110               0
  102         597.070     774.028           0.000       0.000             102               0
  135       -1563.036    -277.933           0.000       0.000             135               0
  197         118.578    -417.310           0.000       0.000             197               0
   56        -491.374    -102.391           0.000       0.000              56               0
  157        -129.833     -94.707           0.000       0.000             157               0
  103         285.680    -670.571           0.000       0.000             103               0
  241         -20.078    -719.806           0.000       0.000             241               0
    1        1060.394    -539.516           0.000       0.000               1               0
  243       -1019.552     610.734           0.000       0.000             243               0
   93         628.405    -340.863           0.000       0.000              93               0
   32         -46.859   -1048.182           0.000       0.000              32               0
  217        -544.114     888.363           0.000       0.000             217               0
  231       -1053.089    -294.135           0.000       0.000             231               0
   28         414.614     422.063           0.000       0.000              28               0
  253        -587.887     532.681           0.000       0.000             253               0
  211        -762.147    -264.163           0.000       0.000             211               0
   41         335.407     787.306           0.000       0.000              41               0
   87        -802.569     198.951           0.000       0.000              87               0
  202          21.979    -491.626           0.000       0.000             202               0
  212        -752.588     570.723           0.000       0.000             212               0
  231       -1108.761    -314.851           0.000       0.000             231               0
   60        -403.335   -1126.015           0.000       0.000              60               0
  177        -290.882    -111.132           0.000       0.000             177               0
  205        -893.749     359.489           0.000       0.000             205               0
   82        -445.921    -917.042           0.000       0.000              82               0
  255        -558.826    -719.739           0.000       0.000             255               0
  178       -1506.718    -221.807           0.000       0.000             178               0
  239        -234.615     555.830           0.000       0.000             239               0
  185         254.534   -1299.286           0.000       0.000             185               0
  191        -764.458    1036.466           0.000       0.000             191               0
  236         485.601      29.508           0.000       0.000             236               0
   75         104.541    -139.340           0.000       0.000              75               0
  157          74.051     584.664           0.000       0.000             157               0
   85         993.899     358.782           0.000       0.000              85               0
  174       -1045.156    -443.186           0.000       0.000             174               0
   16         951.533     682.179           0.000       0.000              16               0
  162        -314.013    -222.837           0.000       0.000             162               0
   79        -399.542      57.518           0.000       0.000              79               0
  139         -87.853     -49.022           0.000       0.000             139               0
   67         345.480    1181.207           0.000       0.000              67               0
   95         851.551    -117.203           0.000       0.000              95               0
  175         377.762    -817.719           0.000       0.000             175               0
    7         466.680    -156.950           0.000       0.000               7               0
  189         -74.735     470.711           0.000       0.000             189               0
   13         775.705     167.266           0.000       0.000              13               0
  216        -624.689    -131.169           0.000       0.000             216               0
  151         145.644     121.798           0.000       0.000             151               0
  194         466.952     502.205           0.000       0.000             194               0
  191         389.403    -584.594           0.000       0.000             191               0
    5       -1486.764      -9.272           0.000       0.000               5               0
  231        -380.025      37.171           0.000       0.000             231               0
  174         351.140    -608.218           0.000       0.000             174               0
   59         235.843    -461.638           0.000       0.000              59               0
    8         415.663     780.262           0.000       0.000               8               0
  212        -945.695     -85.296           0.000       0.000             212               0
  180        -223.156    -382.856           0.000       0.000             180               0
