SINAL     NFT                         FFT                         NFT INVERSA     FFT INVERSA
-----     -----------------------     -----------------------     -----------     -----------
  148       16120.000       0.000           0.000       0.000             148               0
  161        -360.867     445.137           0.000      -0.000             161               0
  229         566.144    -424.204           0.000       0.000             229               0
   12        -303.750    -897.797           0.000      -0.000              12               0
  163         580.048    -665.229           0.000       0.000             163               0
  134        -872.215     211.858           0.000      -0.000             134               0
   79        -752.753     423.265           0.000       0.000              79               0
  238         559.938     528.447           0.000      -0.000             238               0
   48          77.377     -78.474           0.000       0.000              48               0
   97         805.143    -950.754           0.000      -0.000              97               0
  140         379.005    -166.216           0.000       0.000             140               0
  187         -22.978     382.471           0.000      -0.000             187               0
  231        -358.381    -583.801           0.000       0.000             231               0
  112         413.938    -224.206           0.000      -0.000             112               0
  165         402.530     799.070           0.000       0.000             165               0
  241         -22.875    -284.512           0.000      -0.000             241               0
   87        -510.460    -111.220           0.000       0.000              87               0
  253         201.015    -340.066           0.000      -0.000             253               0
  167         -76.332     707.460           0.000       0.000             167               0
   45        -426.259    -100.395           0.000      -0.000              45               0
  184         661.576   -1246.478           0.000       0.000             184               0
   14         436.934    1009.288           0.000      -0.000              14               0
  139         378.290    -310.683           0.000       0.000             139               0
    0        -463.410     409.959           0.000      -0.000              -0               0
    0         503.886     -96.515           0.000       0.000              -0               0
  103         -96.284   -1282.007           0.000      -0.000             103               0
   57        -851.229    -226.621           0.000       0.000              57               0
  161         580.082    -404.517           0.000      -0.000             161               0
   33        -744.182     -95.317           0.000       0.000              33               0
  142         236.058    -804.153           0.000      -0.000             142               0
   92        -488.706     674.745           0.000       0.000              92               0
   40         436.027    -514.475           0.000      -0.000              40               0
  183         -10.988    -762.995           0.000       0.000             183               0
  139        -382.605     692.366           0.000      -0.000             139               0
  208         133.073    -325.634           0.000       0.000             208               0
   35        1106.460    -200.239           0.000      -0.000              35               0
  149         112.385    -711.386           0.000       0.000             149               0
  218         675.466     817.378           0.000      -0.000             218               0
   92        -388.899    -832.976           0.000       0.000              92               0
   53         287.926     367.289           0.000      -0.000              53               0
   21        -267.340    -583.068           0.000       0.000              21               0
  196        -299.768     599.106           0.000      -0.000             196               0
  125         -40.618     -56.744           0.000       0.000             125               0
  136          39.776    1031.955           0.000      -0.000             136               0
   31        -836.247     182.188           0.000       0.000              31               0
  144        -117.734      35.855           0.000      -0.000             144               0
  126        -492.442    -430.883           0.000       0.000             126               0
   83        -979.113      87.489           0.000      -0.000              83               0
  217        -797.521    -269.234           0.000       0.000             217               0
   15        -526.095       1.086           0.000      -0.000              15               0
   60        -295.637     546.280           0.000       0.000              60               0
    4         600.979     938.569           0.000      -0.000               4               0
  203         943.390     168.862           0.000       0.000             203               0
  188        1238.071      91.835           0.000      -0.000             188               0
  186        -241.507    -302.987           0.000       0.000             186               0
  128        -507.011     136.722           0.000      -0.000             128               0
   33         886.027    1530.991           0.000       0.000              33               0
  143         555.186    -632.841           0.000      -0.000             143               0
  219         -26.611     962.466           0.000       0.000             219               0
  246         -33.042    -106.867           0.000      -0.000             246               0
   10        -318.571    -141.430           0.000       0.000              10               0
  172        -710.922    -111.290           0.000      -0.000             172               0
  245        -444.293   -1226.819           0.000       0.000             245               0
   91         895.899   -1111.473           0.000      -0.000              91               0
   56        1574.000       0.100           0.000       0.000              56               0
  221         895.740    1111.583           0.000       0.000             221               0
  156        -444.460    1226.748           0.000       0.000             156               0
   67        -710.949     111.171           0.000       0.000              67               0
  224        -318.568     141.352           0.000       0.000             224               0
   98         -33.029     106.801           0.000       0.000              98               0
  179         -26.502    -962.503           0.000       0.000             179               0
  229         555.156     632.845           0.000       0.000             229               0
  244         886.135   -1530.948           0.000       0.000             244               0
   97        -507.019    -136.744           0.000       0.000              97               0
    9        -241.498     302.959           0.000       0.000               9               0
  164        1238.097     -91.760           0.000       0.000             164               0
  145         943.365    -168.818           0.000       0.000             145               0
  228         600.984    -938.533           0.000       0.000             228               0
   61        -295.669    -546.282           0.000       0.000              61               0
  141        -526.153      -1.103           0.000       0.000             141               0
  115        -797.579     269.175           0.000       0.000             115               0
   51        -979.107     -87.569           0.000       0.000              51               0
   37        -492.456     430.831           0.000       0.000              37               0
   90        -117.720     -35.894           0.000       0.000              90               0
  153        -836.208    -182.290           0.000       0.000             153               0
  119          39.900   -1031.951           0.000       0.000             119               0
  106         -40.602      56.760           0.000       0.000             106               0
   38        -299.696    -599.104           0.000       0.000              38               0
  141        -267.349     583.067           0.000       0.000             141               0
  248         287.989    -367.249           0.000       0.000             248               0
  191        -388.928     832.944           0.000       0.000             191               0
  189         675.576    -817.315           0.000       0.000             189               0
  249         112.355     711.419           0.000       0.000             249               0
   44        1106.448     200.326           0.000       0.000              44               0
   75         133.016     325.628           0.000       0.000              75               0
   40        -382.553    -692.387           0.000       0.000              40               0
  161         -11.037     763.015           0.000       0.000             161               0
  145         435.980     514.489           0.000       0.000             145               0
  226        -488.651    -674.783           0.000       0.000             226               0
  158         235.993     804.186           0.000       0.000             158               0
  215        -744.173      95.248           0.000       0.000             215               0
   81         580.062     404.564           0.000       0.000              81               0
  151        -851.234     226.553           0.000       0.000             151               0
  157         -96.340    1281.969           0.000       0.000             157               0
  196         503.906      96.492           0.000       0.000             196               0
   34        -463.345    -410.033           0.000       0.000              34               0
  153         378.311     310.683           0.000       0.000             153               0
   13         437.047   -1009.250           0.000       0.000              13               0
  151         661.470    1246.533           0.000       0.000             151               0
   49        -426.268     100.304           0.000       0.000              49               0
  248         -76.247    -707.486           0.000       0.000             248               0
    5         201.003     340.080           0.000       0.000               5               0
  124        -510.440     111.157           0.000       0.000             124               0
   31         -22.844     284.475           0.000       0.000              31               0
  168         402.642    -799.050           0.000       0.000             168               0
   83         413.941     224.255           0.000       0.000              83               0
  239        -358.399     583.752           0.000       0.000             239               0
   21         -22.886    -382.491           0.000       0.000              21               0
  230         379.054     166.256           0.000       0.000             230               0
   28         805.100     950.795           0.000       0.000              28               0
  108          77.398      78.421           0.000       0.000             108               0
  193         560.000    -528.439           0.000       0.000             193               0
   30        -752.688    -423.333           0.000       0.000              30               0
   54        -872.093    -211.911           0.000       0.000              54               0
  156         580.117     665.292           0.000       0.000             156               0
  127        -303.678     897.742           0.000       0.000             127               0
   80         566.319     424.188           0.000       0.000              80               0
   99        -360.414    -445.217           0.000       0.000              99               0
