SINAL     NFT                         FFT                         NFT INVERSA     FFT INVERSA
-----     -----------------------     -----------------------     -----------     -----------
   96       14988.000       0.000           0.000       0.000              96               1
  202         519.319     517.371         -10.698      10.423             202               0
   77        -152.420     933.953           0.000       0.000              77              -0
  193        -126.483    -592.956         -33.729      11.142             193               0
  195        -330.538     795.378           0.000       0.000             195               0
   15         421.107      59.913          30.781      20.528              15              -0
   40          56.056     357.704           0.000       0.000              40              -0
  140         -11.809     342.415          -8.563       8.994             140               0
  239         166.162   -1623.767           0.000       0.000             239               0
   68        -492.005       8.968          -1.403       0.911              68               0
  145       -1122.298    -379.686           0.000       0.000             145              -0
   27        -415.737    1241.067          -9.724       1.199              27               0
    2         558.069     -63.664           0.000       0.000               2               0
  129        -805.400    -132.537          10.218      10.200             129              -0
   17        -192.548   -1608.842           0.000       0.000              17              -0
  140        1117.758     -90.785          -3.469       4.445             140               0
   27        -147.346     873.370           0.000       0.000              27               0
  196         331.513    -954.309          -0.840       0.335             196               0
  177        -654.247    -720.551           0.000       0.000             177              -0
  165        -405.110    -427.122          -5.796      -0.428             165               0
  183        -531.818    -588.670           0.000       0.000             183               0
   78         240.781    -651.806           5.111       7.635              78              -0
  233        -281.566      15.682           0.000       0.000             233              -0
  204        -344.620    -866.185          -3.628       1.608             204               0
   49        -483.228    -388.851           0.000       0.000              49               0
   33         228.642     258.713          -0.626       0.116              33               0
   89         123.675     421.054           0.000       0.000              89              -0
    2        -877.331    -115.915          -4.094      -1.133               2               0
    8         628.555     254.919           0.000       0.000               8               0
   38        1206.372     605.634           2.659       6.404              38              -0
  212         607.541    -683.605           0.000       0.000             212              -0
  197        -419.454     718.311          -2.295       1.791             197               0
  114         -78.006     299.992           0.000       0.000             114               0
  132         147.168     205.069          -0.506      -0.007             132               0
   72         647.118     259.552           0.000       0.000              72              -0
  186         134.790      89.613          -3.083      -1.552             186               0
   67        -597.686    -715.456           0.000       0.000              67               0
   40        -119.490    -113.309           1.126       5.633              40              -0
   95          -0.637    -907.885           0.000       0.000              95              -0
   45         460.710    -511.012          -2.596       0.064              45               0
  213         399.276   -1681.288           0.000       0.000             213               0
   36         729.189     108.886          -0.424      -0.090              36               0
   26        -384.267    -996.762           0.000       0.000              26              -0
   88          96.560      83.989          -2.368      -1.848              88               0
  174         -74.813    -175.472           0.000       0.000             174               0
  146         430.633    -833.611           0.004       5.070             146              -0
  121         762.099     -62.710           0.000       0.000             121              -0
  110         333.870     859.826          -2.203       0.272             110               0
   96        -240.687      37.374           0.000       0.000              96               0
  151        -333.227     744.735          -0.361      -0.155             151              -0
   60        -145.517     321.986           0.000       0.000              60              -0
  154         708.950     -13.082          -1.798      -2.084             154               0
  187         -64.322   -1231.005           0.000       0.000             187               0
  215         178.757    -111.517          -0.913       4.610             215              -0
  151        -118.642    -180.044           0.000       0.000             151              -0
  212        -193.786     808.713          -2.030      -0.783             212               0
  211       -1602.141    -580.266           0.000       0.000             211               0
   57        -467.410    1428.649          -0.307      -0.211              57              -0
  144        -267.346    -368.159           0.000       0.000             144              -0
   19         -26.499     402.467          -1.298      -2.291              19               0
  130        -107.376    -291.497           0.000       0.000             130               0
   27         156.632    -279.473          -1.734       4.197              27              -0
  174         131.035     -98.802           0.000       0.000             174              -0
    7        -196.596     307.972           0.000       0.000               7               0
   27        -120.000      -0.011           0.000       0.000              27               0
  247        -196.563    -307.988          -0.256      -0.263             247              -0
   11         131.033      98.824           0.000       0.000              11              -0
  183         156.600     279.485          -0.822      -2.488             183               0
  184        -107.415     291.466           0.000       0.000             184               0
  198         -26.484    -402.485          -2.532       3.796             198              -0
   15        -267.401     368.109           0.000       0.000              15              -0
    8        -467.318   -1428.686          -1.561      -1.486               8               0
   53       -1602.168     580.153           0.000       0.000              53               0
    2        -193.656    -808.714          -0.205      -0.315               2              -0
  114        -118.607     180.074           0.000       0.000             114              -0
   80         178.788     111.568          -0.332      -2.691              80               0
   59         -64.386    1230.996           0.000       0.000              59               0
   96         708.967      13.097          -3.370       3.376              96              -0
  191        -145.492    -322.028           0.000       0.000             191              -0
   39        -333.145    -744.760          -1.715      -1.338              39               0
   77        -240.640     -37.381           0.000       0.000              77               0
   89         333.992    -859.764          -0.149      -0.372              89              -0
   67         762.116      62.841           0.000       0.000              67              -0
  198         430.557     833.683           0.215      -2.918             198               0
  169         -74.831     175.477           0.000       0.000             169               0
  146          96.572     -83.944          -4.325       2.896             146              -0
  222        -384.323     996.755           0.000       0.000             222              -0
  184         729.226    -108.796          -1.018      -2.297             184               0
   19         399.136    1681.334           0.000       0.000              19               0
   16         460.654     511.021          -0.082      -0.441              16              -0
   37          -0.734     907.846           0.000       0.000              37              -0
   79        -119.513     113.256           0.884      -3.195              79               0
  172        -597.730     715.357           0.000       0.000             172               0
  177         134.836     -89.663          -5.524       2.294             177              -0
  153         647.153    -259.541           0.000       0.000             153              -0
  139         147.177    -205.089          -1.705      -2.185             139               0
   71         -77.982    -300.024           0.000       0.000              71               0
  214        -419.364    -718.340           0.007      -0.532             214              -0
   93         607.527     683.651           0.000       0.000              93              -0
   69        1206.418    -605.553           1.799      -3.573              69               0
   96         628.518    -254.856           0.000       0.000              96               0
  192        -877.374     115.845          -7.219       1.442             192              -0
  245         123.712    -421.035           0.000       0.000             245              -0
  233         228.642    -258.656          -0.090      -3.686             233               0
  117        -483.280     388.854           0.000       0.000             117               0
  104        -344.690     866.167           0.142      -0.670             104              -0
  177        -281.550     -15.701           0.000       0.000             177              -0
   27         240.727     651.839           3.262      -4.179              27               0
   41        -531.870     588.619           0.000       0.000              41               0
  215        -405.129     427.078         -10.073       0.009             215              -0
   52        -654.262     720.479           0.000       0.000              52              -0
  244         331.481     954.277          -0.613      -4.970             244               0
  173        -147.228    -873.422           0.000       0.000             173               0
  110        1117.764      90.900           0.402      -0.936             110              -0
  136        -192.706    1608.798           0.000       0.000             136              -0
   87        -805.389     132.394           6.308      -5.441              87               0
  179         558.085      63.639           0.000       0.000             179               0
   64        -415.639   -1241.125         -16.657      -3.298              64               0
  140       -1122.292     379.603           0.000       0.000             140              -0
  227        -491.921      -9.003           3.488      -9.041             227               0
  160         166.108    1623.739           0.000       0.000             160               0
   12         -11.706    -342.498           1.214      -1.767              12              -0
  244          56.170    -357.746           0.000       0.000             244              -0
  229         421.189     -59.919          18.574     -10.522             229               0
   90        -330.378    -795.424           0.000       0.000              90               0
  182        -126.389     592.919         -56.898     -23.510             182               0
   26        -152.120    -933.999           0.000       0.000              26              -0
   12         519.772    -517.313           0.000       0.000              12               0
