SINAL     NFT                         FFT                         NFT INVERSA     FFT INVERSA
-----     -----------------------     -----------------------     -----------     -----------
   84       14865.000       0.000           0.000       0.000              84               1
   86         392.433    -572.722         -10.698      10.423              86               0
  190         -54.556     722.013           0.000       0.000             190              -0
   88         448.890    -234.870         -33.729      11.142              88               0
  252         891.332    -240.075           0.000       0.000             252               0
   39        -634.673    -138.421          30.781      20.528              39              -0
  151         967.800    -437.761           0.000       0.000             151              -0
   24        -228.635    -331.565          -8.563       8.994              24               0
  174         165.252     101.191           0.000       0.000             174               0
  223         115.380     903.371          -1.403       0.911             223               0
   50         370.604     608.938           0.000       0.000              50              -0
  151         806.589     -28.158          -9.724       1.199             151               0
  180         453.981     317.818           0.000       0.000             180               0
   34        -282.453      16.013          10.218      10.200              34              -0
  227          17.760     201.445           0.000       0.000             227              -0
   63       -1156.471     -75.625          -3.469       4.445              63               0
   63        -362.513     485.762           0.000       0.000              63               0
   37         627.257    -607.110          -0.840       0.335              37               0
    8         -44.067     629.522           0.000       0.000               8              -0
   38         -80.521     233.119          -5.796      -0.428              38               0
  155         244.865    -422.697           0.000       0.000             155               0
  131       -1098.612     608.521           5.111       7.635             131              -0
  191        -899.465     541.441           0.000       0.000             191              -0
  137        -949.965     -27.778          -3.628       1.608             137               0
   62          82.630    -340.111           0.000       0.000              62               0
  177        -233.653     317.429          -0.626       0.116             177               0
  183         -66.059     676.199           0.000       0.000             183              -0
   18        -129.497   -1068.065          -4.094      -1.133              18               0
  124         122.892      74.752           0.000       0.000             124               0
  154          55.056     316.890           2.659       6.404             154              -0
  136         585.594     302.295           0.000       0.000             136              -0
    1         -13.161     -94.649          -2.295       1.791               1               0
  108         477.021   -1059.988           0.000       0.000             108               0
  236         319.610      97.548          -0.506      -0.007             236               0
   30         303.375     926.564           0.000       0.000              30              -0
  198         241.666     210.006          -3.083      -1.552             198               0
   39         -28.178    -359.260           0.000       0.000              39               0
  187        -231.109    -593.970           1.126       5.633             187              -0
  172        -554.985     827.710           0.000       0.000             172              -0
  224         416.252     249.291          -2.596       0.064             224               0
  200        -522.813     668.961           0.000       0.000             200               0
  103        -550.142    -409.552          -0.424      -0.090             103               0
   99        -258.876    -279.484           0.000       0.000              99              -0
   97         923.882     925.883          -2.368      -1.848              97               0
  194         315.392     949.159           0.000       0.000             194               0
  131         376.666    -274.348           0.004       5.070             131              -0
  177         542.534     464.376           0.000       0.000             177              -0
  178        -521.947     290.729          -2.203       0.272             178               0
  105        -659.487    -890.257           0.000       0.000             105               0
  127       -1384.576     702.158          -0.361      -0.155             127              -0
   53       -1013.110    -654.251           0.000       0.000              53              -0
    6        -425.947     418.783          -1.798      -2.084               6               0
  151         499.792    -715.922           0.000       0.000             151               0
  136        -523.424    1551.532          -0.913       4.610             136              -0
  165        -809.450     881.700           0.000       0.000             165              -0
   42         827.717     474.722          -2.030      -0.783              42               0
  102        -413.092     -53.749           0.000       0.000             102               0
  100        -389.721     746.325          -0.307      -0.211             100              -0
   52        -358.010     315.376           0.000       0.000              52              -0
  139         217.325      67.839          -1.298      -2.291             139               0
  172        -756.074    -423.753           0.000       0.000             172               0
   38         -65.687     485.912          -1.734       4.197              38              -0
  188         678.829    -300.293           0.000       0.000             188              -0
  210        1083.229     443.993           0.000       0.000             210               0
  148         145.000      -0.020           0.000       0.000             148               0
  190        1083.256    -443.937          -0.256      -0.263             190              -0
   13         678.748     300.316           0.000       0.000              13              -0
  190         -65.712    -485.948          -0.822      -2.488             190               0
   15        -756.139     423.658           0.000       0.000              15               0
  197         217.314     -67.877          -2.532       3.796             197              -0
  127        -358.011    -315.461           0.000       0.000             127              -0
   25        -389.669    -746.389          -1.561      -1.486              25               0
  174        -413.085      53.685           0.000       0.000             174               0
   62         827.737    -474.700          -0.205      -0.315              62              -0
   10        -809.412    -881.800           0.000       0.000              10              -0
   64        -523.287   -1551.543          -0.332      -2.691              64               0
    9         499.718     716.000           0.000       0.000               9               0
  163        -425.958    -418.810          -3.370       3.376             163              -0
   20       -1013.190     654.160           0.000       0.000              20              -0
   18       -1384.493    -702.278          -1.715      -1.338              18               0
   64        -659.501     890.191           0.000       0.000              64               0
  112        -521.844    -290.817          -0.149      -0.372             112              -0
  103         542.641    -464.349           0.000       0.000             103              -0
  174         376.678     274.348           0.215      -2.918             174               0
  100         315.498    -949.164           0.000       0.000             100               0
  103         923.950    -925.783          -4.325       2.896             103              -0
  190        -258.931     279.491           0.000       0.000             190              -0
   35        -550.179     409.488          -1.018      -2.297              35               0
    4        -522.728    -669.024           0.000       0.000               4               0
  203         416.291    -249.256          -0.082      -0.441             203              -0
   36        -554.904    -827.728           0.000       0.000              36              -0
  210        -231.122     593.980           0.884      -3.195             210               0
  157         -28.165     359.242           0.000       0.000             157               0
  112         241.722    -210.014          -5.524       2.294             112              -0
   56         303.481    -926.529           0.000       0.000              56              -0
   82         319.639     -97.473          -1.705      -2.185              82               0
  161         476.938    1060.036           0.000       0.000             161               0
  183         -13.162      94.615           0.007      -0.532             183              -0
  183         585.619    -302.266           0.000       0.000             183              -0
   18          55.068    -316.884           1.799      -3.573              18               0
   32         122.884     -74.721           0.000       0.000              32               0
  247        -129.599    1068.032          -7.219       1.442             247              -0
   39         -66.012    -676.243           0.000       0.000              39              -0
   55        -233.634    -317.445          -0.090      -3.686              55               0
   96          82.579     340.112           0.000       0.000              96               0
  131        -949.984      27.667           0.142      -0.670             131              -0
  126        -899.400    -541.538           0.000       0.000             126              -0
  117       -1098.497    -608.601           3.262      -4.179             117               0
  214         244.901     422.722           0.000       0.000             214               0
   82         -80.454    -233.144         -10.073       0.009              82              -0
   65         -43.962    -629.514           0.000       0.000              65              -0
  112         627.231     607.165          -0.613      -4.970             112               0
   51        -362.470    -485.804           0.000       0.000              51               0
  199       -1156.424      75.527           0.402      -0.936             199              -0
  219          17.860    -201.450           0.000       0.000             219              -0
   53        -282.365     -16.044           6.308      -5.441              53               0
  236         454.100    -317.786           0.000       0.000             236               0
    3         806.649      28.215         -16.657      -3.298               3               0
   74         370.696    -608.919           0.000       0.000              74              -0
  100         115.503    -903.333           3.488      -9.041             100               0
  144         165.315    -101.124           0.000       0.000             144               0
   60        -228.581     331.584           1.214      -1.767              60              -0
   58         967.836     437.856           0.000       0.000              58              -0
   33        -634.593     138.370          18.574     -10.522              33               0
  221         891.437     240.148           0.000       0.000             221               0
  224         448.990     234.889         -56.898     -23.510             224               0
  123         -54.301    -722.013           0.000       0.000             123              -0
  250         392.781     572.767           0.000       0.000             250               0
