SINAL     NFT                         FFT                         NFT INVERSA     FFT INVERSA
-----     -----------------------     -----------------------     -----------     -----------
   78       16462.000       0.000           0.000       0.000              78               1
  211        -673.786     831.718         -10.698      10.423             211               0
   55        -505.638    -216.248           0.000       0.000              55              -0
   21         529.537     957.728         -33.729      11.142              21               0
   86       -1170.549     264.952           0.000       0.000              86               0
  123         666.856      98.178          30.781      20.528             123              -0
  183        -305.425    -585.960           0.000       0.000             183              -0
  239        -381.974    -179.926          -8.563       8.994             239               0
    4         800.293     193.825           0.000       0.000               4               0
   59        -589.947     -42.243          -1.403       0.911              59               0
   29        -391.198     439.277           0.000       0.000              29              -0
   12         -13.885     221.600          -9.724       1.199              12               0
  214        -457.636     -27.940           0.000       0.000             214               0
  151        -140.586   -1530.288          10.218      10.200             151              -0
  162        -413.494      20.744           0.000       0.000             162              -0
   82        -404.375     113.563          -3.469       4.445              82               0
   69        -561.554    1018.358           0.000       0.000              69               0
   27         769.390     424.593          -0.840       0.335              27               0
   77         394.157     330.855           0.000       0.000              77              -0
   81        1205.300    -812.520          -5.796      -0.428              81               0
  126         490.266    -477.677           0.000       0.000             126               0
  194         309.009     424.513           5.111       7.635             194              -0
  229         560.800    -613.812           0.000       0.000             229              -0
  133         836.582   -1118.333          -3.628       1.608             133               0
  172         439.477    -403.869           0.000       0.000             172               0
   59        -153.345    -265.467          -0.626       0.116              59               0
   34         534.727     731.123           0.000       0.000              34              -0
  130        -345.389    -293.546          -4.094      -1.133             130               0
   98        -339.379    -696.663           0.000       0.000              98               0
  223        -318.138     161.426           2.659       6.404             223              -0
  223        1119.034    -768.260           0.000       0.000             223              -0
   40         117.674     -69.027          -2.295       1.791              40               0
  117         871.972     624.022           0.000       0.000             117               0
  141       -1009.942    -531.437          -0.506      -0.007             141               0
  225         568.132     840.827           0.000       0.000             225              -0
   92         423.598    -153.578          -3.083      -1.552              92               0
   86        -309.888      47.760           0.000       0.000              86               0
   86         246.321    1077.156           1.126       5.633              86              -0
   56        -158.868     151.945           0.000       0.000              56              -0
   95        -435.025     874.419          -2.596       0.064              95               0
  142        -751.886    -533.443           0.000       0.000             142               0
   79        -510.597      77.527          -0.424      -0.090              79               0
  106         -63.084    -500.065           0.000       0.000             106              -0
  144         236.082    -706.845          -2.368      -1.848             144               0
  138        -563.336   -1012.249           0.000       0.000             138               0
  218         -38.969    -703.681           0.004       5.070             218              -0
   27         141.339    -345.218           0.000       0.000              27              -0
  252        -177.257     847.324          -2.203       0.272             252               0
  240        -810.446    -189.662           0.000       0.000             240               0
  171         604.123    -545.600          -0.361      -0.155             171              -0
   10        -930.689     702.838           0.000       0.000              10              -0
  202        -148.326     913.024          -1.798      -2.084             202               0
  219        -142.280     515.104           0.000       0.000             219               0
  155        -471.453    -259.151          -0.913       4.610             155              -0
   21         365.032    -411.025           0.000       0.000              21              -0
  182         185.545    -174.630          -2.030      -0.783             182               0
   53         720.067     736.321           0.000       0.000              53               0
    3       -1009.731     205.974          -0.307      -0.211               3              -0
   27         404.571    -964.621           0.000       0.000              27              -0
  121       -1303.650     584.744          -1.298      -2.291             121               0
  211         388.810    -385.010           0.000       0.000             211               0
   61       -1134.022      -9.400          -1.734       4.197              61              -0
  181        -727.387    -212.414           0.000       0.000             181              -0
   64         634.254    -406.055           0.000       0.000              64               0
  156         122.000       0.018           0.000       0.000             156               0
   60         634.187     406.119          -0.256      -0.263              60              -0
   37        -727.452     212.346           0.000       0.000              37              -0
   39       -1134.012       9.300          -0.822      -2.488              39               0
  252         388.783     385.026           0.000       0.000             252               0
  150       -1303.586    -584.852          -2.532       3.796             150              -0
   40         404.518     964.646           0.000       0.000              40              -0
  241       -1009.679    -206.101          -1.561      -1.486             241               0
   56         720.172    -736.264           0.000       0.000              56               0
  246         185.536     174.662          -0.205      -0.315             246              -0
   69         364.983     411.046           0.000       0.000              69              -0
  235        -471.489     259.074          -0.332      -2.691             235               0
  121        -142.236    -515.156           0.000       0.000             121               0
  168        -148.258    -913.039          -3.370       3.376             168              -0
  243        -930.609    -702.872           0.000       0.000             243              -0
  244         604.091     545.687          -1.715      -1.338             244               0
  149        -810.459     189.591           0.000       0.000             149               0
  197        -177.154    -847.312          -0.149      -0.372             197              -0
  206         141.329     345.288           0.000       0.000             206              -0
  226         -39.025     703.713           0.215      -2.918             226               0
  235        -563.402    1012.204           0.000       0.000             235               0
   24         236.044     706.835          -4.325       2.896              24              -0
  146         -63.129     500.013           0.000       0.000             146              -0
  101        -510.590     -77.612          -1.018      -2.297             101               0
  100        -751.904     533.324           0.000       0.000             100               0
  190        -434.901    -874.505          -0.082      -0.441             190              -0
  141        -158.797    -151.985           0.000       0.000             141              -0
  197         246.455   -1077.138           0.884      -3.195             197               0
  139        -309.837     -47.763           0.000       0.000             139               0
   83         423.636     153.609          -5.524       2.294              83              -0
  158         568.214    -840.764           0.000       0.000             158              -0
  174       -1009.946     531.370          -1.705      -2.185             174               0
   80         872.083    -623.935           0.000       0.000              80               0
  125         117.704      69.079           0.007      -0.532             125              -0
  153        1118.976     768.368           0.000       0.000             153              -0
   25        -318.139    -161.446           1.799      -3.573              25               0
  229        -339.418     696.638           0.000       0.000             229               0
   37        -345.365     293.489          -7.219       1.442              37              -0
  230         534.834    -731.076           0.000       0.000             230              -0
  146        -153.325     265.487          -0.090      -3.686             146               0
   55         439.500     403.932           0.000       0.000              55               0
   25         836.523    1118.397           0.142      -0.670              25              -0
   63         560.763     613.810           0.000       0.000              63              -0
  209         309.061    -424.516           3.262      -4.179             209               0
  163         490.252     477.710           0.000       0.000             163               0
   69        1205.230     812.571         -10.073       0.009              69              -0
  193         394.156    -330.887           0.000       0.000             193              -0
  198         769.378    -424.572          -0.613      -4.970             198               0
  236        -561.516   -1018.407           0.000       0.000             236               0
   90        -404.377    -113.566           0.402      -0.936              90              -0
  212        -413.485     -20.740           0.000       0.000             212              -0
   32        -140.701    1530.267           6.308      -5.441              32               0
  168        -457.615      27.844           0.000       0.000             168               0
  207         -13.838    -221.641         -16.657      -3.298             207               0
   48        -391.131    -439.325           0.000       0.000              48              -0
   55        -589.884      42.187           3.488      -9.041              55               0
  241         800.363    -193.761           0.000       0.000             241               0
  101        -381.954     179.896           1.214      -1.767             101              -0
  109        -305.400     585.908           0.000       0.000             109              -0
  242         666.924     -98.167          18.574     -10.522             242               0
  149       -1170.435    -265.090           0.000       0.000             149               0
   40         529.759    -957.689         -56.898     -23.510              40               0
   17        -505.467     216.209           0.000       0.000              17              -0
  143        -673.278    -831.763           0.000       0.000             143               0
