SINAL     NFT                         FFT                         NFT INVERSA     FFT INVERSA
-----     -----------------------     -----------------------     -----------     -----------
   28       15588.000       0.000           0.000       0.000              28               1
   51        -521.058     475.611         -10.698      10.423              51               0
  211          35.843     -60.874           0.000       0.000             211              -0
   68        -277.284    -717.859         -33.729      11.142              68               0
   37        -540.601     410.943           0.000       0.000              37               0
   56        -839.150     320.496          30.781      20.528              56              -0
  235         389.745     378.182           0.000       0.000             235              -0
   43        -921.110     204.552          -8.563       8.994              43               0
  182          15.088    -265.260           0.000       0.000             182               0
   75         399.101     388.641          -1.403       0.911              75               0
  160        -799.460     122.573           0.000       0.000             160              -0
  113          14.056    -342.612          -9.724       1.199             113               0
   84       -1176.988      30.344           0.000       0.000              84               0
   53       -1312.160    -241.379          10.218      10.200              53              -0
  223         217.391    -583.204           0.000       0.000             223              -0
  232         230.844    -660.580          -3.469       4.445             232               0
  111         471.429    1082.787           0.000       0.000             111               0
  242        1101.813   -1218.941          -0.840       0.335             242               0
  114         302.401    -752.240           0.000       0.000             114              -0
  116        -596.525    -629.007          -5.796      -0.428             116               0
    9         -12.332    1217.465           0.000       0.000               9               0
   89         312.649     130.236           5.111       7.635              89              -0
  155       -1149.436    -636.240           0.000       0.000             155              -0
  116         679.430    -877.428          -3.628       1.608             116               0
  145        -594.658     127.822           0.000       0.000             145               0
  248         474.909    -153.580          -0.626       0.116             248               0
   29         247.675     444.763           0.000       0.000              29              -0
   15        -664.070   -1125.893          -4.094      -1.133              15               0
   11        -330.489    -630.218           0.000       0.000              11               0
  238         757.169    -234.723           2.659       6.404             238              -0
   54        -234.243     -46.818           0.000       0.000              54              -0
  212          16.968     236.275          -2.295       1.791             212               0
   13        -855.010     210.988           0.000       0.000              13               0
   15        -602.616    -130.995          -0.506      -0.007              15               0
   38        -554.809     456.208           0.000       0.000              38              -0
   66        1003.261     443.209          -3.083      -1.552              66               0
  167         694.111     952.700           0.000       0.000             167               0
  149       -1102.780     269.070           1.126       5.633             149              -0
  124        -131.749    -367.521           0.000       0.000             124              -0
  162       -1442.048     590.781          -2.596       0.064             162               0
   67         -77.341    -484.298           0.000       0.000              67               0
   74         811.739      77.772          -0.424      -0.090              74               0
    7        -258.161     803.362           0.000       0.000               7              -0
  161         380.699     -62.314          -2.368      -1.848             161               0
  215        -331.239     976.625           0.000       0.000             215               0
  184         864.655     905.723           0.004       5.070             184              -0
  179        -872.944    -627.967           0.000       0.000             179              -0
   53        1107.552    -477.659          -2.203       0.272              53               0
  226         -33.463     366.788           0.000       0.000             226               0
   95        -140.262     488.931          -0.361      -0.155              95              -0
   76        -794.799     234.482           0.000       0.000              76              -0
  163        -126.870    -644.053          -1.798      -2.084             163               0
    5        -332.368    1100.740           0.000       0.000               5               0
  104          97.936      73.274          -0.913       4.610             104              -0
  180        -603.119   -1187.314           0.000       0.000             180              -0
  185       -1114.443    -478.387          -2.030      -0.783             185               0
   90         432.980    -473.349           0.000       0.000              90               0
  222          11.876     665.278          -0.307      -0.211             222              -0
   90        -297.562     483.312           0.000       0.000              90              -0
   31        -397.223    -283.853          -1.298      -2.291              31               0
  152        -154.191     609.065           0.000       0.000             152               0
  165         478.103     142.023          -1.734       4.197             165              -0
  251        1143.299    -845.534           0.000       0.000             251              -0
  240        1282.952    -929.681           0.000       0.000             240               0
   29         430.000       0.046           0.000       0.000              29               0
   83        1282.866     929.813          -0.256      -0.263              83              -0
  129        1143.174     845.597           0.000       0.000             129              -0
  118         478.034    -142.032          -0.822      -2.488             118               0
  238        -154.212    -609.091           0.000       0.000             238               0
  115        -397.294     283.810          -2.532       3.796             115              -0
   85        -297.546    -483.352           0.000       0.000              85              -0
  252          11.913    -665.249          -1.561      -1.486             252               0
   56         432.889     473.422           0.000       0.000              56               0
   87       -1114.525     478.307          -0.205      -0.315              87              -0
  144        -603.210    1187.230           0.000       0.000             144              -0
    4          97.945     -73.337          -0.332      -2.691               4               0
   14        -332.283   -1100.783           0.000       0.000              14               0
   94        -126.931     644.038          -3.370       3.376              94              -0
  228        -794.769    -234.584           0.000       0.000             228              -0
   86        -140.186    -488.958          -1.715      -1.338              86               0
   11         -33.393    -366.779           0.000       0.000              11               0
  179        1107.508     477.755          -0.149      -0.372             179              -0
  140        -873.000     627.844           0.000       0.000             140              -0
  217         864.737    -905.705           0.215      -2.918             217               0
  255        -331.169    -976.650           0.000       0.000             255               0
  250         380.687      62.352          -4.325       2.896             250              -0
    5        -258.099    -803.374           0.000       0.000               5              -0
  180         811.722     -77.672          -1.018      -2.297             180               0
  180         -77.447     484.291           0.000       0.000             180               0
   40       -1442.019    -590.905          -0.082      -0.441              40              -0
   97        -131.766     367.507           0.000       0.000              97              -0
  146       -1102.718    -269.190           0.884      -3.195             146               0
   81         694.242    -952.642           0.000       0.000              81               0
  183        1003.274    -443.098          -5.524       2.294             183              -0
  157        -554.816    -456.216           0.000       0.000             157              -0
  107        -602.639     130.979          -1.705      -2.185             107               0
  254        -854.969    -211.035           0.000       0.000             254               0
   17          17.024    -236.234           0.007      -0.532              17              -0
  146        -234.212      46.846           0.000       0.000             146              -0
   94         757.159     234.834           1.799      -3.573              94               0
   67        -330.557     630.227           0.000       0.000              67               0
  242        -664.141    1125.825          -7.219       1.442             242              -0
  194         247.748    -444.760           0.000       0.000             194              -0
  219         474.896     153.631          -0.090      -3.686             219               0
   15        -594.640    -127.847           0.000       0.000              15               0
    1         679.354     877.500           0.142      -0.670               1              -0
  226       -1149.482     636.114           0.000       0.000             226              -0
  136         312.696    -130.251           3.262      -4.179             136               0
   11         -12.219   -1217.445           0.000       0.000              11               0
   36        -596.541     629.011         -10.073       0.009              36              -0
  234         302.398     752.282           0.000       0.000             234              -0
   11        1101.730    1218.993          -0.613      -4.970              11               0
  249         471.497   -1082.769           0.000       0.000             249               0
  159         230.757     660.618           0.402      -0.936             159              -0
  191         217.286     583.203           0.000       0.000             191              -0
   67       -1312.215     241.237           6.308      -5.441              67               0
  112       -1176.950     -30.467           0.000       0.000             112               0
   28          14.071     342.584         -16.657      -3.298              28               0
   48        -799.399    -122.677           0.000       0.000              48              -0
  139         399.187    -388.623           3.488      -9.041             139               0
  242          15.086     265.246           0.000       0.000             242               0
   87        -921.043    -204.657           1.214      -1.767              87              -0
  239         389.834    -378.164           0.000       0.000             239              -0
   87        -839.063    -320.566          18.574     -10.522              87               0
  221        -540.455    -410.965           0.000       0.000             221               0
   23        -277.192     717.844         -56.898     -23.510              23               0
   43          36.045      60.852           0.000       0.000              43              -0
   56        -520.604    -475.661           0.000       0.000              56               0
