SINAL     NFT                         FFT                         NFT INVERSA     FFT INVERSA
-----     -----------------------     -----------------------     -----------     -----------
  110       16812.000       0.000           0.000       0.000             110               1
   27        -704.278    -470.240         -10.698      10.423              27               0
  109        1008.658     308.068           0.000       0.000             109              -0
  139         577.730    -508.936         -33.729      11.142             139               0
   80        -307.399    -170.858           0.000       0.000              80               0
  170        -363.794    -874.812          30.781      20.528             170              -0
  204        -232.045     391.747           0.000       0.000             204              -0
  147        -351.602     289.482          -8.563       8.994             147               0
  254        -238.348     570.635           0.000       0.000             254               0
   18         -77.443    1328.025          -1.403       0.911              18               0
  218        -422.171   -1640.974           0.000       0.000             218              -0
  254         135.294       0.016          -9.724       1.199             254               0
   21         735.472     275.342           0.000       0.000              21               0
  181        -219.659    1096.538          10.218      10.200             181              -0
  236        -764.229     120.350           0.000       0.000             236              -0
  195          17.186     981.306          -3.469       4.445             195               0
   16          21.918    -271.712           0.000       0.000              16               0
  111         392.054    -174.614          -0.840       0.335             111               0
  224        -265.094     830.576           0.000       0.000             224              -0
    2        -705.549     830.168          -5.796      -0.428               2               0
   78         103.327    -389.320           0.000       0.000              78               0
   69         908.257    -878.014           5.111       7.635              69              -0
   32        -701.320     407.848           0.000       0.000              32              -0
   76         338.458     -67.487          -3.628       1.608              76               0
   73         -37.639     393.183           0.000       0.000              73               0
  142         -35.002     634.884          -0.626       0.116             142               0
  233        -484.759    -340.954           0.000       0.000             233              -0
   46        -189.560     -67.543          -4.094      -1.133              46               0
  104        -183.488   -1215.467           0.000       0.000             104               0
   78        1319.689     216.302           2.659       6.404              78              -0
  141        -442.997     168.318           0.000       0.000             141              -0
  160        -213.009    -754.870          -2.295       1.791             160               0
  172        -324.016     806.005           0.000       0.000             172               0
  140        -185.503     161.716          -0.506      -0.007             140               0
  103         652.602    1304.579           0.000       0.000             103              -0
   24         473.283    1043.525          -3.083      -1.552              24               0
  133        1147.773     514.641           0.000       0.000             133               0
   39        -417.256     321.178           1.126       5.633              39              -0
  191         132.969    -340.541           0.000       0.000             191              -0
  196        -791.102      47.311          -2.596       0.064             196               0
  197        -473.390    -233.669           0.000       0.000             197               0
  147       -1112.242    -435.548          -0.424      -0.090             147               0
  162        -280.665     304.515           0.000       0.000             162              -0
  200         706.605     280.741          -2.368      -1.848             200               0
  146        -121.867     463.035           0.000       0.000             146               0
  144        1105.023     504.493           0.004       5.070             144              -0
  133           6.513     319.054           0.000       0.000             133              -0
   23          47.819     408.542          -2.203       0.272              23               0
  215         118.066     608.280           0.000       0.000             215               0
   18         497.150     125.895          -0.361      -0.155              18              -0
  198         877.904     206.369           0.000       0.000             198              -0
  221         904.046    -414.936          -1.798      -2.084             221               0
  135       -1421.343    -347.191           0.000       0.000             135               0
  136         174.882     -69.370          -0.913       4.610             136              -0
  205        -791.608    -280.185           0.000       0.000             205              -0
  207        -604.909    -261.796          -2.030      -0.783             207               0
  243          89.361     235.807           0.000       0.000             243               0
  233         -14.715     104.718          -0.307      -0.211             233              -0
  184         -22.044     513.327           0.000       0.000             184              -0
   45         165.008     384.941          -1.298      -2.291              45               0
  190         -88.512     324.398           0.000       0.000             190               0
  142        -476.029     209.731          -1.734       4.197             142              -0
   97        -367.782    -869.180           0.000       0.000              97              -0
  146         106.977     794.408           0.000       0.000             146               0
   66         604.000      -0.002           0.000       0.000              66               0
  167         107.016    -794.415          -0.256      -0.263             167              -0
  209        -367.875     869.128           0.000       0.000             209              -0
  232        -476.006    -209.825          -0.822      -2.488             232               0
  228         -88.467    -324.444           0.000       0.000             228               0
   41         165.048    -384.955          -2.532       3.796              41              -0
  119         -22.003    -513.338           0.000       0.000             119              -0
  176         -14.710    -104.719          -1.561      -1.486             176               0
   24          89.364    -235.796           0.000       0.000              24               0
   22        -604.945     261.748          -0.205      -0.315              22              -0
  130        -791.608     280.104           0.000       0.000             130              -0
  246         174.898      69.366          -0.332      -2.691             246               0
   37       -1421.313     347.049           0.000       0.000              37               0
  109         904.096     414.963          -3.370       3.376             109              -0
  132         877.947    -206.351           0.000       0.000             132              -0
  242         497.157    -125.904          -1.715      -1.338             242               0
  185         118.111    -608.311           0.000       0.000             185               0
   63          47.858    -408.561          -0.149      -0.372              63              -0
  123           6.562    -319.075           0.000       0.000             123              -0
  222        1105.060    -504.416           0.215      -2.918             222               0
  186        -121.853    -463.048           0.000       0.000             186               0
  240         706.594    -280.677          -4.325       2.896             240              -0
   70        -280.699    -304.523           0.000       0.000              70              -0
  112       -1112.297     435.461          -1.018      -2.297             112               0
   35        -473.394     233.607           0.000       0.000              35               0
   75        -791.058     -47.403          -0.082      -0.441              75              -0
   42         132.989     340.511           0.000       0.000              42              -0
  149        -417.169    -321.269           0.884      -3.195             149               0
  210        1147.862    -514.596           0.000       0.000             210               0
  123         473.372   -1043.516          -5.524       2.294             123              -0
   70         652.691   -1304.505           0.000       0.000              70              -0
  115        -185.517    -161.696          -1.705      -2.185             115               0
  135        -323.952    -805.985           0.000       0.000             135               0
  196        -213.061     754.889           0.007      -0.532             196              -0
  144        -442.940    -168.347           0.000       0.000             144              -0
   32        1319.719    -216.155           1.799      -3.573              32               0
   29        -183.618    1215.458           0.000       0.000              29               0
   31        -189.575      67.495          -7.219       1.442              31              -0
   66        -484.777     340.874           0.000       0.000              66              -0
   20         -34.925    -634.920          -0.090      -3.686              20               0
  114         -37.582    -393.185           0.000       0.000             114               0
  247         338.460      67.517           0.142      -0.670             247              -0
  253        -701.258    -407.894           0.000       0.000             253              -0
  150         908.208     878.088           3.262      -4.179             150               0
  117         103.275     389.271           0.000       0.000             117               0
   18        -705.475    -830.275         -10.073       0.009              18              -0
  228        -264.984    -830.594           0.000       0.000             228              -0
   77         392.069     174.657          -0.613      -4.970              77               0
   84          21.907     271.683           0.000       0.000              84               0
   78          17.273    -981.325           0.402      -0.936              78              -0
   76        -764.191    -120.419           0.000       0.000              76              -0
   69        -219.502   -1096.544           6.308      -5.441              69               0
  198         735.539    -275.234           0.000       0.000             198               0
  205         135.305       0.046         -16.657      -3.298             205               0
   15        -422.282    1640.915           0.000       0.000              15              -0
  161         -77.289   -1328.076           3.488      -9.041             161               0
  208        -238.254    -570.633           0.000       0.000             208               0
   64        -351.513    -289.480           1.214      -1.767              64              -0
   70        -231.930    -391.714           0.000       0.000              70              -0
  154        -363.761     874.817          18.574     -10.522             154               0
  169        -307.262     170.837           0.000       0.000             169               0
  175         577.872     508.976         -56.898     -23.510             175               0
   99        1008.884    -307.988           0.000       0.000              99              -0
  217        -703.898     470.178           0.000       0.000             217               0
