SINAL     NFT                         FFT                         NFT INVERSA     FFT INVERSA
-----     -----------------------     -----------------------     -----------     -----------
  155       15528.000       0.000           0.000       0.000             155               0
  146         578.527     288.119           0.000      -0.000             146               0
  138         563.737      58.826           0.000       0.000             138               0
  174        -555.698     135.134           0.000      -0.000             174               0
   75         -61.568     539.098           0.000       0.000              75               0
  151          15.678     328.100           0.000      -0.000             151               0
  147        1221.379      77.777           0.000       0.000             147               0
  193         332.009     273.071           0.000      -0.000             193               0
   60        -299.191    -341.157           0.000       0.000              60               0
   19         -90.551    -288.246           0.000      -0.000              19               0
   72       -1135.597      -0.794           0.000       0.000              72               0
   76        -173.681    -614.544           0.000      -0.000              76               0
  121           7.999    -473.534           0.000       0.000             121               0
  187         -86.745    -289.671           0.000      -0.000             187               0
   60         275.555    -601.339           0.000       0.000              60               0
   25         569.553    -369.276           0.000      -0.000              25               0
  245        -737.183     907.388           0.000       0.000             245               0
  107        1162.746     106.544           0.000      -0.000             107               0
  189         207.541    -584.254           0.000       0.000             189               0
  218        -124.872     493.859           0.000      -0.000             218               0
   45         570.547     558.100           0.000       0.000              45               0
  225         639.847     -22.769           0.000      -0.000             225               0
  243         485.710      40.331           0.000       0.000             243               0
   75         -54.625    -328.641           0.000      -0.000              75               0
  171         860.740   -1148.649           0.000       0.000             171               0
  137          52.061    1432.959           0.000      -0.000             137               0
   77        -759.361    -676.854           0.000       0.000              77               0
   18        -693.059     271.125           0.000      -0.000              18               0
  153        -168.323    -192.614           0.000       0.000             153               0
   48         398.533     107.373           0.000      -0.000              48               0
  240         590.723    1155.434           0.000       0.000             240               0
   51        -368.104      51.195           0.000      -0.000              51               0
  124         269.977     426.000           0.000       0.000             124               0
   13       -1523.982     133.746           0.000      -0.000              13               0
   92         416.481     522.526           0.000       0.000              92               0
   58        -369.597    -138.650           0.000      -0.000              58               0
  143        -467.950     593.145           0.000       0.000             143               0
  123          11.215    -131.877           0.000      -0.000             123               0
  198        -480.304     -43.533           0.000       0.000             198               0
   68       -1017.884     234.119           0.000      -0.000              68               0
   17         425.370   -1003.400           0.000       0.000              17               0
  104        1669.114    -307.465           0.000      -0.000             104               0
   61         244.471     424.486           0.000       0.000              61               0
   36        -794.943   -1227.953           0.000      -0.000              36               0
  232         171.496    -266.276           0.000       0.000             232               0
  185       -1256.575    -133.677           0.000      -0.000             185               0
  182         815.660     776.967           0.000       0.000             182               0
   16         592.331     376.551           0.000      -0.000              16               0
   76         889.168    -112.586           0.000       0.000              76               0
   96          -2.983     245.438           0.000      -0.000              96               0
   71         250.064      84.251           0.000       0.000              71               0
  117        -606.480    -435.971           0.000      -0.000             117               0
  159         -11.962     221.251           0.000       0.000             159               0
   96         -82.945    -548.911           0.000      -0.000              96               0
   55         639.489     433.274           0.000       0.000              55               0
  176         183.640     345.111           0.000      -0.000             176               0
  127         301.110     164.103           0.000       0.000             127               0
   65        -981.598   -1110.704           0.000      -0.000              65               0
   35          15.605     -75.209           0.000       0.000              35               0
  244         401.093    -435.694           0.000      -0.000             244               0
  178         383.697     756.064           0.000       0.000             178               0
  218        -491.168   -1024.266           0.000      -0.000             218               0
   18         -71.279     186.161           0.000       0.000              18               0
   64        -434.921    1627.198           0.000      -0.000              64               0
  252        -308.000      -0.056           0.000       0.000             252               0
   11        -434.773   -1627.256           0.000       0.000              11               0
  186         -71.248    -186.122           0.000       0.000             186               0
  114        -491.225    1024.223           0.000       0.000             114               0
  151         383.792    -756.042           0.000       0.000             151               0
  131         401.056     435.742           0.000       0.000             131               0
  196          15.579      75.217           0.000       0.000             196               0
  134        -981.674    1110.596           0.000       0.000             134               0
  161         301.166    -164.133           0.000       0.000             161               0
    4         183.695    -345.125           0.000       0.000               4               0
   32         639.527    -433.219           0.000       0.000              32               0
  244         -83.002     548.899           0.000       0.000             244               0
  171         -11.948    -221.268           0.000       0.000             171               0
    5        -606.497     435.901           0.000       0.000               5               0
   59         250.106     -84.264           0.000       0.000              59               0
   34          -2.926    -245.458           0.000       0.000              34               0
  104         889.181     112.638           0.000       0.000             104               0
  207         592.351    -376.527           0.000       0.000             207               0
    4         815.671    -776.888           0.000       0.000               4               0
   90       -1256.615     133.605           0.000       0.000              90               0
  215         171.482     266.316           0.000       0.000             215               0
  212        -795.021    1227.868           0.000       0.000             212               0
  103         244.566    -424.497           0.000       0.000             103               0
  254        1669.087     307.605           0.000       0.000             254               0
   56         425.213    1003.397           0.000       0.000              56               0
   21       -1017.909    -234.260           0.000       0.000              21               0
   77        -480.302      43.455           0.000       0.000              77               0
  222          11.206     131.829           0.000       0.000             222               0
   17        -467.900    -593.221           0.000       0.000              17               0
  199        -369.587     138.589           0.000       0.000             199               0
   54         416.518    -522.523           0.000       0.000              54               0
   92       -1523.950    -133.896           0.000       0.000              92               0
   78         270.068    -425.999           0.000       0.000              78               0
  240        -368.054     -51.254           0.000       0.000             240               0
    5         590.861   -1155.388           0.000       0.000               5               0
   61         398.545    -107.310           0.000       0.000              61               0
  132        -168.348     192.608           0.000       0.000             132               0
  112        -693.021    -271.176           0.000       0.000             112               0
  194        -759.358     676.772           0.000       0.000             194               0
  141          52.265   -1432.941           0.000       0.000             141               0
   53         860.696    1148.752           0.000       0.000              53               0
   36         -54.615     328.609           0.000       0.000              36               0
  253         485.762     -40.319           0.000       0.000             253               0
  219         639.875      22.793           0.000       0.000             219               0
   25         570.601    -558.071           0.000       0.000              25               0
  246        -124.816    -493.852           0.000       0.000             246               0
  115         207.531     584.277           0.000       0.000             115               0
  219        1162.754    -106.471           0.000       0.000             219               0
  131        -737.104    -907.433           0.000       0.000             131               0
  111         569.552     369.365           0.000       0.000             111               0
   49         275.507     601.373           0.000       0.000              49               0
  123         -86.764     289.661           0.000       0.000             123               0
   91           7.970     473.527           0.000       0.000              91               0
   97        -173.727     614.501           0.000       0.000              97               0
   80       -1135.551       0.666           0.000       0.000              80               0
  234         -90.492     288.211           0.000       0.000             234               0
  198        -299.125     341.087           0.000       0.000             198               0
  128         332.144    -273.088           0.000       0.000             128               0
  239        1221.459     -77.710           0.000       0.000             239               0
  219          15.762    -328.131           0.000       0.000             219               0
   24         -61.432    -539.115           0.000       0.000              24               0
   66        -555.527    -135.180           0.000       0.000              66               0
  146         563.982     -58.784           0.000       0.000             146               0
  163         578.964    -288.069           0.000       0.000             163               0
