SINAL     NFT                         FFT                         NFT INVERSA     FFT INVERSA
-----     -----------------------     -----------------------     -----------     -----------
  235       17435.000       0.000           0.000       0.000             235               1
   76         552.056     272.730         -10.698      10.423              76               0
  155         337.691    -490.853           0.000       0.000             155              -0
  227        -158.185    -549.684         -33.729      11.142             227               0
  111         261.054    -596.138           0.000       0.000             111               0
  235           5.797     853.903          30.781      20.528             235              -0
  255        -404.552     377.425           0.000       0.000             255              -0
   61          67.907     299.754          -8.563       8.994              61               0
   23         867.679   -1251.199           0.000       0.000              23               0
  126          66.547    -394.127          -1.403       0.911             126               0
  246          36.553     256.892           0.000       0.000             246              -0
   69         267.352     136.244          -9.724       1.199              69               0
  221       -1755.733    -389.274           0.000       0.000             221               0
  162         413.873    -173.645          10.218      10.200             162              -0
   86         305.684    -267.832           0.000       0.000              86              -0
  202        -403.885   -1042.187          -3.469       4.445             202               0
  222         182.705     124.481           0.000       0.000             222               0
  194         268.162    1046.684          -0.840       0.335             194               0
  247        -459.640     137.652           0.000       0.000             247              -0
   17          28.296     275.683          -5.796      -0.428              17               0
  229         -91.067     195.706           0.000       0.000             229               0
  198        -265.399     347.900           5.111       7.635             198              -0
  212         -44.652     462.813           0.000       0.000             212              -0
   15         747.280     706.071          -3.628       1.608              15               0
   27         749.112     635.673           0.000       0.000              27               0
   56          12.568    -745.545          -0.626       0.116              56               0
  207         114.333    -657.797           0.000       0.000             207              -0
  101        -291.515      95.746          -4.094      -1.133             101               0
   69        -227.908    -205.517           0.000       0.000              69               0
  168         383.718     413.851           2.659       6.404             168              -0
  118        -470.664      51.198           0.000       0.000             118              -0
   29        1000.900    -660.287          -2.295       1.791              29               0
  138        -629.994    -917.006           0.000       0.000             138               0
  133        -513.103    1010.058          -0.506      -0.007             133               0
  127        -681.549     -43.106           0.000       0.000             127              -0
  114         447.227     814.844          -3.083      -1.552             114               0
  193        -860.774     264.735           0.000       0.000             193               0
  200        -222.641      66.495           1.126       5.633             200              -0
  252         -95.014     423.973           0.000       0.000             252              -0
   12         625.167    1156.815          -2.596       0.064              12               0
  141        -316.861     -48.109           0.000       0.000             141               0
   19         -90.247     250.132          -0.424      -0.090              19               0
   57         275.268    -378.990           0.000       0.000              57              -0
  107         319.265    -681.215          -2.368      -1.848             107               0
   24        1348.015     -60.923           0.000       0.000              24               0
  164        -103.646    -519.167           0.004       5.070             164              -0
  245        -256.285    -232.040           0.000       0.000             245              -0
   86       -1576.238     278.104          -2.203       0.272              86               0
  176        1335.347   -1005.498           0.000       0.000             176               0
  190        -119.857     158.673          -0.361      -0.155             190              -0
  113         -26.410     332.431           0.000       0.000             113              -0
  152        1312.052   -1948.285          -1.798      -2.084             152               0
   59         925.111     163.722           0.000       0.000              59               0
  176         710.113    -842.688          -0.913       4.610             176              -0
  114         565.819    -145.073           0.000       0.000             114              -0
   47         107.115    -466.184          -2.030      -0.783              47               0
  144         348.041     397.070           0.000       0.000             144               0
   21         172.396     543.567          -0.307      -0.211              21              -0
  243         698.660    -488.850           0.000       0.000             243              -0
  131        -285.348     240.679          -1.298      -2.291             131               0
    9         -86.723      99.726           0.000       0.000               9               0
  201        -520.781    -287.601          -1.734       4.197             201              -0
  175         168.801     -67.043           0.000       0.000             175              -0
   11         467.064     689.185           0.000       0.000              11               0
  128        1573.000       0.045           0.000       0.000             128               0
  103         467.075    -689.159          -0.256      -0.263             103              -0
  250         168.751      67.067           0.000       0.000             250              -0
  104        -520.825     287.548          -0.822      -2.488             104               0
  147         -86.707     -99.751           0.000       0.000             147               0
  236        -285.299    -240.703          -2.532       3.796             236              -0
  218         698.643     488.895           0.000       0.000             218              -0
  114         172.449    -543.568          -1.561      -1.486             114               0
  120         348.085    -397.016           0.000       0.000             120               0
  222         107.095     466.218          -0.205      -0.315             222              -0
   52         565.833     145.137           0.000       0.000              52              -0
  156         710.057     842.748          -0.332      -2.691             156               0
   62         925.124    -163.635           0.000       0.000              62               0
   25        1311.844    1948.367          -3.370       3.376              25              -0
  239         -26.443    -332.499           0.000       0.000             239              -0
  106        -119.864    -158.696          -1.715      -1.338             106               0
  230        1335.201    1005.578           0.000       0.000             230               0
  194       -1576.266    -278.280          -0.149      -0.372             194              -0
   36        -256.281     231.999           0.000       0.000              36              -0
  181        -103.648     519.123           0.215      -2.918             181               0
  129        1348.018      60.999           0.000       0.000             129               0
   29         319.171     681.196          -4.325       2.896              29              -0
   42         275.200     378.938           0.000       0.000              42              -0
   74         -90.260    -250.213          -1.018      -2.297              74               0
  251        -316.873      48.006           0.000       0.000             251               0
  178         625.246   -1156.817          -0.082      -0.441             178              -0
   67         -95.019    -423.995           0.000       0.000              67              -0
  235        -222.670     -66.536           0.884      -3.195             235               0
   22        -860.753    -264.840           0.000       0.000              22               0
  115         447.293    -814.817          -5.524       2.294             115              -0
  129        -681.567      43.045           0.000       0.000             129              -0
  145        -513.002   -1010.077          -1.705      -2.185             145               0
  221        -630.019     916.982           0.000       0.000             221               0
  114        1000.872     660.340           0.007      -0.532             114              -0
  176        -470.653     -51.282           0.000       0.000             176              -0
  247         383.767    -413.839           1.799      -3.573             247               0
  141        -227.920     205.487           0.000       0.000             141               0
  233        -291.480     -95.779          -7.219       1.442             233              -0
  198         114.314     657.788           0.000       0.000             198              -0
   91          12.547     745.476          -0.090      -3.686              91               0
  226         749.196    -635.688           0.000       0.000             226               0
  163         747.330    -706.046           0.142      -0.670             163              -0
   40         -44.635    -462.834           0.000       0.000              40              -0
   25        -265.370    -347.932           3.262      -4.179              25               0
  112         -91.037    -195.723           0.000       0.000             112               0
   17          28.329    -275.691         -10.073       0.009              17              -0
  148        -459.603    -137.707           0.000       0.000             148              -0
  187         268.284   -1046.649          -0.613      -4.970             187               0
  155         182.729    -124.410           0.000       0.000             155               0
  162        -403.945    1042.173           0.402      -0.936             162              -0
  176         305.695     267.840           0.000       0.000             176              -0
   43         413.851     173.665           6.308      -5.441              43               0
  202       -1755.727     389.102           0.000       0.000             202               0
   48         267.455    -136.249         -16.657      -3.298              48               0
  133          36.646    -256.889           0.000       0.000             133              -0
  145          66.597     394.144           3.488      -9.041             145               0
  161         867.638    1251.229           0.000       0.000             161               0
  213          67.974    -299.818           1.214      -1.767             213              -0
   59        -404.444    -377.499           0.000       0.000              59              -0
  204           5.980    -853.898          18.574     -10.522             204               0
  109         261.130     596.177           0.000       0.000             109               0
   53        -158.061     549.651         -56.898     -23.510              53               0
  252         337.905     490.833           0.000       0.000             252              -0
   69         552.545    -272.730           0.000       0.000              69               0
