SINAL     NFT                         FFT                         NFT INVERSA     FFT INVERSA
-----     -----------------------     -----------------------     -----------     -----------
   84       16579.000       0.000           0.000       0.000              84               0
  152        -243.233    -369.949           0.000      -0.000             152               0
  218         101.707     540.921           0.000       0.000             218               0
  141        1411.943      85.434           0.000      -0.000             141               0
   31        -543.075     204.745           0.000       0.000              31               0
   14          -1.192     675.872           0.000      -0.000              14               0
  244        -244.289    -901.617           0.000       0.000             244               0
  223        -135.098    -593.523           0.000      -0.000             223               0
  149        -425.015     -74.184           0.000       0.000             149               0
  147        1715.784     548.588           0.000      -0.000             147               0
  101        -640.671     435.412           0.000       0.000             101               0
  185         -27.341    -106.304           0.000      -0.000             185               0
   21        -643.693    1386.430           0.000       0.000              21               0
   40        -119.361     951.237           0.000      -0.000              40               0
   96        -373.579     535.007           0.000       0.000              96               0
  152          50.581    -468.206           0.000      -0.000             152               0
   71        1071.901     268.536           0.000       0.000              71               0
  210        -717.118      10.165           0.000      -0.000             210               0
  200        -799.843    -979.485           0.000       0.000             200               0
    1        -320.182    -822.838           0.000      -0.000               1               0
  116         -76.775    -476.837           0.000       0.000             116               0
   47         122.013     379.128           0.000      -0.000              47               0
  100        -436.369    -864.392           0.000       0.000             100               0
   50          87.132   -1239.003           0.000      -0.000              50               0
  185        -217.711    -534.271           0.000       0.000             185               0
  222         399.086    -462.816           0.000      -0.000             222               0
   89        -206.452      68.002           0.000       0.000              89               0
   84        -595.468    -352.507           0.000      -0.000              84               0
  214        -340.428     -36.333           0.000       0.000             214               0
  209       -1069.408    -114.868           0.000      -0.000             209               0
   52       -1308.077    -367.738           0.000       0.000              52               0
  145         460.597    -648.066           0.000      -0.000             145               0
  122         -47.016     762.005           0.000       0.000             122               0
   35        -158.962    -667.799           0.000      -0.000              35               0
   62       -1192.568    1066.031           0.000       0.000              62               0
   69         182.885    1092.561           0.000      -0.000              69               0
  151         286.949    -359.739           0.000       0.000             151               0
  152         641.240      16.014           0.000      -0.000             152               0
   45        -629.216    -459.920           0.000       0.000              45               0
  226        -520.595    -658.399           0.000      -0.000             226               0
  193         119.364    -182.241           0.000       0.000             193               0
  223         576.677    -128.611           0.000      -0.000             223               0
  164         605.247     514.721           0.000       0.000             164               0
  204        -433.326     860.405           0.000      -0.000             204               0
  163        -206.444    -761.812           0.000       0.000             163               0
  193         544.457     471.050           0.000      -0.000             193               0
  155         495.021   -1098.312           0.000       0.000             155               0
  216        -714.261    -206.770           0.000      -0.000             216               0
  247        -183.889    -401.471           0.000       0.000             247               0
   46         524.838    -355.620           0.000      -0.000              46               0
  204         -96.821     410.959           0.000       0.000             204               0
  171          57.068    -146.115           0.000      -0.000             171               0
   95        -340.650     545.997           0.000       0.000              95               0
  102        -515.801    -709.873           0.000      -0.000             102               0
  177         -26.169    -794.247           0.000       0.000             177               0
  143        -424.058     488.414           0.000      -0.000             143               0
  186        -196.607     413.824           0.000       0.000             186               0
   47         421.317    -620.295           0.000      -0.000              47               0
  199         712.124     169.990           0.000       0.000             199               0
  177         644.228    -435.485           0.000      -0.000             177               0
   71         992.128    -570.060           0.000       0.000              71               0
   51        -274.723     664.482           0.000      -0.000              51               0
  189         599.960     193.716           0.000       0.000             189               0
   36        -577.662     -18.983           0.000      -0.000              36               0
   53         571.000       0.023           0.000       0.000              53               0
    3        -577.657      18.930           0.000       0.000               3               0
  127         599.993    -193.671           0.000       0.000             127               0
   76        -274.646    -664.476           0.000       0.000              76               0
  148         992.101     570.178           0.000       0.000             148               0
   38         644.178     435.537           0.000       0.000              38               0
  231         712.105    -169.927           0.000       0.000             231               0
  221         421.210     620.322           0.000       0.000             221               0
  187        -196.627    -413.855           0.000       0.000             187               0
  240        -424.046    -488.419           0.000       0.000             240               0
  125         -26.258     794.272           0.000       0.000             125               0
   38        -515.875     709.804           0.000       0.000              38               0
   99        -340.596    -546.045           0.000       0.000              99               0
   18          57.067     146.121           0.000       0.000              18               0
  116         -96.776    -410.954           0.000       0.000             116               0
  236         524.803     355.688           0.000       0.000             236               0
   41        -183.946     401.463           0.000       0.000              41               0
  109        -714.263     206.717           0.000       0.000             109               0
  138         494.956    1098.327           0.000       0.000             138               0
  239         544.483    -471.036           0.000       0.000             239               0
   89        -206.528     761.759           0.000       0.000              89               0
  101        -433.240    -860.478           0.000       0.000             101               0
  229         605.306    -514.656           0.000       0.000             229               0
  147         576.643     128.683           0.000       0.000             147               0
  220         119.305     182.269           0.000       0.000             220               0
   65        -520.680     658.355           0.000       0.000              65               0
  136        -629.241     459.838           0.000       0.000             136               0
  107         641.251     -15.994           0.000       0.000             107               0
   57         286.890     359.712           0.000       0.000              57               0
   48         182.923   -1092.584           0.000       0.000              48               0
  156       -1192.505   -1066.097           0.000       0.000             156               0
  203        -159.007     667.814           0.000       0.000             203               0
  230         -46.952    -761.984           0.000       0.000             230               0
  249         460.502     648.142           0.000       0.000             249               0
   25       -1308.146     367.633           0.000       0.000              25               0
   16       -1069.395     114.780           0.000       0.000              16               0
  185        -340.395      36.316           0.000       0.000             185               0
    4        -595.458     352.467           0.000       0.000               4               0
  137        -206.393     -68.003           0.000       0.000             137               0
  180         399.078     462.876           0.000       0.000             180               0
  111        -217.739     534.274           0.000       0.000             111               0
   16          87.043    1239.004           0.000       0.000              16               0
    4        -436.420     864.302           0.000       0.000               4               0
   93         122.070    -379.153           0.000       0.000              93               0
   68         -76.805     476.826           0.000       0.000              68               0
  142        -320.243     822.786           0.000       0.000             142               0
   50        -799.893     979.352           0.000       0.000              50               0
   78        -717.036     -10.308           0.000       0.000              78               0
  239        1071.981    -268.502           0.000       0.000             239               0
  248          50.551     468.142           0.000       0.000             248               0
   48        -373.511    -535.123           0.000       0.000              48               0
  238        -119.248    -951.303           0.000       0.000             238               0
  157        -643.525   -1386.482           0.000       0.000             157               0
  223         -27.282     106.318           0.000       0.000             223               0
  119        -640.535    -435.468           0.000       0.000             119               0
  114        1715.896    -548.422           0.000       0.000             114               0
   36        -424.997      74.184           0.000       0.000              36               0
   44        -135.084     593.527           0.000       0.000              44               0
  148        -244.280     901.557           0.000       0.000             148               0
  154          -1.034    -675.915           0.000       0.000             154               0
  245        -542.904    -204.799           0.000       0.000             245               0
  183        1412.117     -85.327           0.000       0.000             183               0
  227         101.942    -540.906           0.000       0.000             227               0
   20        -242.834     369.938           0.000       0.000              20               0
