SINAL     NFT                         FFT                         NFT INVERSA     FFT INVERSA
-----     -----------------------     -----------------------     -----------     -----------
  184       15571.000       0.000           0.000       0.000             184               1
    0         220.654     694.746         -51.963     -82.669               0               0
  213         540.312    -485.323           0.000       0.000             213              -0
  242         366.023    -657.654         -33.729      11.142             242               0
  145         198.938    -375.567           0.000       0.000             145               0
   93         -93.742    -311.366         -16.018      35.988              93              -0
  197         185.423    -632.060           0.000       0.000             197              -0
  129        -244.326    -235.314          -8.563       8.994             129               0
  128         571.588   -1027.340           0.000       0.000             128               0
  192         717.782     152.864          -3.902     -10.217             192               0
  203         395.238     885.388           0.000       0.000             203              -0
    3         227.631     720.866          -9.724       1.199               3               0
  229        1474.397     136.942           0.000       0.000             229               0
  208       -1725.178    -115.359          -8.870      12.555             208              -0
   92        -175.799    -115.796           0.000       0.000              92              -0
  118         620.058    -875.255          -3.469       4.445             118               0
   23        -603.208    -190.815           0.000       0.000              23               0
  101         656.240    1010.049          -0.991      -5.830             101               0
  110         923.053     143.333           0.000       0.000             110              -0
   23          27.889     749.994          -5.796      -0.428              23               0
  198        -363.376     227.512           0.000       0.000             198               0
  103        -524.644     159.980          -7.095       6.735             103              -0
  158        -340.726     219.634           0.000       0.000             158              -0
  202        -186.732     437.136          -3.628       1.608             202               0
   48        -510.204    -549.493           0.000       0.000              48               0
   24          38.483     491.099           0.116      -4.160              24               0
  107        -756.024     312.552           0.000       0.000             107              -0
  156         170.822     311.302          -4.094      -1.133             156               0
   39         172.863     889.009           0.000       0.000              39               0
  104         460.859     584.455          -6.243       3.940             104              -0
   35         504.033    -324.508           0.000       0.000              35              -0
  111        -515.427    1028.867          -2.295       1.791             111               0
   51        -219.026     819.986           0.000       0.000              51               0
  176        -826.169      13.519           0.736      -3.226             176               0
   67        -278.512     166.759           0.000       0.000              67              -0
  255        -487.741     555.686          -3.083      -1.552             255               0
  102        -799.504     269.137           0.000       0.000             102               0
  107         -81.031     620.150          -5.710       2.193             107              -0
   13         289.189    1061.719           0.000       0.000              13              -0
   41         321.329     235.238          -2.596       0.064              41               0
   76         281.194    1373.457           0.000       0.000              76               0
    6       -1517.950   -1325.060           1.158      -2.589               6               0
  121         902.009     524.760           0.000       0.000             121              -0
  181         -76.881    -712.231          -2.368      -1.848             181               0
  227         803.560    -189.074           0.000       0.000             227               0
  201         290.206    -811.970          -5.320       0.915             201              -0
   40        -260.450    -510.850           0.000       0.000              40              -0
   69        -287.129    -622.595          -2.203       0.272              69               0
   59         791.207     267.221           0.000       0.000              59               0
   89        -151.649     750.876           1.486      -2.095              89              -0
   10         567.714     394.681           0.000       0.000              10              -0
  243         636.061     547.864          -1.798      -2.084             243               0
  176         479.201    -620.290           0.000       0.000             176               0
  137         879.587    -357.377          -5.001      -0.130             137              -0
  157         270.207    1046.079           0.000       0.000             157              -0
  104         -90.274     468.782          -2.030      -0.783             104               0
   71       -1442.616      67.545           0.000       0.000              71               0
  116        -225.044      56.882           1.767      -1.671             116              -0
   68         745.329    -412.380           0.000       0.000              68              -0
    4         151.015    -192.152          -1.298      -2.291               4               0
  164        -318.095     255.947           0.000       0.000             164               0
  189         266.241     166.356          -4.716      -1.067             189              -0
   17        1080.888     865.545           0.000       0.000              17              -0
  152         214.938     -76.683           0.000       0.000             152               0
  208        -701.000      -0.055           0.000       0.000             208               0
  109         214.969      76.639           2.029      -1.276             109              -0
  207        1080.961    -865.496           0.000       0.000             207              -0
  217         266.219    -166.348          -0.822      -2.488             217               0
   18        -318.089    -255.984           0.000       0.000              18               0
   87         151.005     192.155          -4.439      -1.976              87              -0
  183         745.269     412.408           0.000       0.000             183              -0
   12        -225.092     -56.950          -1.561      -1.486              12               0
  199       -1442.603     -67.716           0.000       0.000             199               0
  181         -90.175    -468.838           2.294      -0.876             181              -0
   62         270.349   -1046.059           0.000       0.000              62              -0
  118         879.586     357.465          -0.332      -2.691             118               0
  204         479.154     620.292           0.000       0.000             204               0
  133         636.103    -547.859          -4.147      -2.930             133              -0
   21         567.722    -394.659           0.000       0.000              21              -0
   82        -151.600    -750.888          -1.715      -1.338              82               0
  125         791.208    -267.122           0.000       0.000             125               0
   20        -287.213     622.592           2.584      -0.439              20              -0
  242        -260.490     510.823           0.000       0.000             242              -0
  166         290.153     811.961           0.215      -2.918             166               0
   80         803.528     189.096           0.000       0.000              80               0
  241         -76.966     712.161          -3.815      -4.019             241              -0
  233         901.999    -524.739           0.000       0.000             233              -0
  171       -1518.089    1324.846          -1.018      -2.297             171               0
  126         281.331   -1373.531           0.000       0.000             126               0
   36         321.341    -235.268           2.930       0.082              36              -0
   81         289.247   -1061.742           0.000       0.000              81              -0
  130         -81.025    -620.173           0.884      -3.195             130               0
  108        -799.508    -269.223           0.000       0.000             108               0
  122        -487.693    -555.745          -3.399      -5.385             122              -0
  132        -278.498    -166.797           0.000       0.000             132              -0
  232        -826.150     -13.627          -1.705      -2.185             232               0
   54        -218.922    -820.043           0.000       0.000              54               0
  180        -515.291   -1028.905           3.388       0.773             180              -0
  123         504.054     324.547           0.000       0.000             123              -0
  219         460.922    -584.446           1.799      -3.573             219               0
   24         172.935    -888.996           0.000       0.000              24               0
  184         170.831    -311.274          -2.810      -7.317             184              -0
  172        -755.997    -312.607           0.000       0.000             172              -0
   44          38.540    -491.074          -0.090      -3.686              44               0
  228        -510.234     549.454           0.000       0.000             228               0
   84        -186.668    -437.168           4.089       1.829              84              -0
  120        -340.680    -219.665           0.000       0.000             120              -0
  128        -524.586    -160.031           3.262      -4.179             128               0
   10        -363.288    -227.556           0.000       0.000              10               0
   40          28.035    -749.989          -1.817     -10.570              40              -0
    2         923.123    -143.246           0.000       0.000               2              -0
  245         656.333   -1009.960          -0.613      -4.970             245               0
   84        -603.199     190.825           0.000       0.000              84               0
  255         620.018     875.323           5.431       3.852             255              -0
  252        -175.803     115.765           0.000       0.000             252              -0
  209       -1725.098     115.196           6.308      -5.441             209               0
   32        1474.515    -136.845           0.000       0.000              32               0
   55         227.743    -720.857           0.471     -18.073              55               0
  110         395.376    -885.319           0.000       0.000             110              -0
   56         717.848    -152.733           3.488      -9.041              56               0
  187         571.533    1027.428           0.000       0.000             187               0
    0        -244.300     235.302           9.631      10.184               0              -0
   42         185.443     632.079           0.000       0.000              42              -0
  178         -93.676     311.349          18.574     -10.522             178               0
    1         199.030     375.575           0.000       0.000               1               0
   85         366.121     657.660          14.458     -63.932              85               0
  237         540.479     485.311           0.000       0.000             237              -0
  238         221.115    -694.767           0.000       0.000             238               0
