SINAL     NFT                         FFT                         NFT INVERSA     FFT INVERSA
-----     -----------------------     -----------------------     -----------     -----------
  194       16727.000       0.000           0.000       0.000             194               1
   22         357.148     100.384         -10.698      10.423              22               0
  251         -67.429     815.984           0.000       0.000             251              -0
  103         641.133     142.942         -33.729      11.142             103               0
  118        -207.952    -340.103           0.000       0.000             118               0
   15         554.859     958.065          30.781      20.528              15              -0
  208         199.013    -231.133           0.000       0.000             208              -0
  115        -543.676     -29.748          -8.563       8.994             115               0
   34         376.031     247.544           0.000       0.000              34               0
  224          35.540      87.138          -1.403       0.911             224               0
  239        -732.101     257.463           0.000       0.000             239              -0
   66         272.448     841.469          -9.724       1.199              66               0
  110         -12.876    -295.930           0.000       0.000             110               0
   36         640.600    -526.254          10.218      10.200              36              -0
   79         247.399     -64.193           0.000       0.000              79              -0
   87         513.135    1018.375          -3.469       4.445              87               0
  255         219.402    -391.278           0.000       0.000             255               0
   47        -326.289     169.100          -0.840       0.335              47               0
   33        -378.834   -1092.723           0.000       0.000              33              -0
  208         -89.864    -218.630          -5.796      -0.428             208               0
   75         156.445    -617.980           0.000       0.000              75               0
  161         161.138     764.671           5.111       7.635             161              -0
  146        -430.849     279.483           0.000       0.000             146              -0
  158         170.399     768.236          -3.628       1.608             158               0
  116           1.110     -42.460           0.000       0.000             116               0
   88          69.499    1017.187          -0.626       0.116              88               0
  176           2.638   -1112.975           0.000       0.000             176              -0
   83          85.746   -1072.192          -4.094      -1.133              83               0
   26          29.763    1001.284           0.000       0.000              26               0
  129        -362.740    -686.776           2.659       6.404             129              -0
  138         525.707     289.202           0.000       0.000             138              -0
  203       -1140.900     938.384          -2.295       1.791             203               0
   86        -832.994     -64.025           0.000       0.000              86               0
  187          -4.769    -338.094          -0.506      -0.007             187               0
  121        -200.854     250.929           0.000       0.000             121              -0
  116         760.880     -10.619          -3.083      -1.552             116               0
  111       -1074.206     146.052           0.000       0.000             111               0
   71          38.920     512.010           1.126       5.633              71              -0
   13         611.803    1351.239           0.000       0.000              13              -0
  168         196.644     883.748          -2.596       0.064             168               0
  134         539.228      90.047           0.000       0.000             134               0
  255         364.110    -438.540          -0.424      -0.090             255               0
   31        1665.671    -335.182           0.000       0.000              31              -0
  239        -357.010    1106.185          -2.368      -1.848             239               0
  215        -162.492    -897.041           0.000       0.000             215               0
  236          25.167     648.389           0.004       5.070             236              -0
  161         224.387     450.521           0.000       0.000             161              -0
  109        -158.039     883.149          -2.203       0.272             109               0
  253        -657.455    1092.675           0.000       0.000             253               0
  111       -1414.911    -589.852          -0.361      -0.155             111              -0
  233         131.109    -737.133           0.000       0.000             233              -0
  142        -191.803     121.410          -1.798      -2.084             142               0
   57       -1265.244     325.147           0.000       0.000              57               0
  126         636.438     787.980          -0.913       4.610             126              -0
   15         976.467    -444.416           0.000       0.000              15              -0
  223         -37.882     416.104          -2.030      -0.783             223               0
   38        1131.611     296.073           0.000       0.000              38               0
   65        -720.724     -43.002          -0.307      -0.211              65              -0
  122        -371.171     347.208           0.000       0.000             122              -0
  253         128.468    -428.007          -1.298      -2.291             253               0
   77         -71.384    -551.164           0.000       0.000              77               0
   92         897.991     130.892          -1.734       4.197              92              -0
   45         829.053     314.955           0.000       0.000              45              -0
    4        1550.225    -503.451           0.000       0.000               4               0
  108        -201.000      -0.012           0.000       0.000             108               0
  168        1550.188     503.550          -0.256      -0.263             168              -0
  130         829.040    -314.923           0.000       0.000             130              -0
  242         897.941    -130.828          -0.822      -2.488             242               0
   82         -71.491     551.136           0.000       0.000              82               0
   83         128.385     427.962          -2.532       3.796              83              -0
  114        -371.178    -347.293           0.000       0.000             114              -0
  159        -720.710      42.898          -1.561      -1.486             159               0
   98        1131.644    -296.024           0.000       0.000              98               0
  229         -37.864    -416.132          -0.205      -0.315             229              -0
   85         976.403     444.456           0.000       0.000              85              -0
    1         636.418    -787.970          -0.332      -2.691               1               0
  160       -1265.274    -325.263           0.000       0.000             160               0
  248        -191.803    -121.426          -3.370       3.376             248              -0
   17         131.008     737.120           0.000       0.000              17              -0
   91       -1414.978     589.649          -1.715      -1.338              91               0
  220        -657.325   -1092.809           0.000       0.000             220               0
  136        -157.918    -883.188          -0.149      -0.372             136              -0
  221         224.457    -450.510           0.000       0.000             221              -0
   23          25.241    -648.374           0.215      -2.918              23               0
   41        -162.540     897.008           0.000       0.000              41               0
  234        -356.852   -1106.239          -4.325       2.896             234              -0
   84        1665.679     335.326           0.000       0.000              84              -0
   66         364.059     438.531          -1.018      -2.297              66               0
   59         539.221     -90.070           0.000       0.000              59               0
   80         196.701    -883.791          -0.082      -0.441              80              -0
  226         611.886   -1351.196           0.000       0.000             226              -0
  156          38.910    -511.979           0.884      -3.195             156               0
   86       -1074.198    -146.120           0.000       0.000              86               0
   39         760.882      10.690          -5.524       2.294              39              -0
  190        -200.861    -250.938           0.000       0.000             190              -0
  214          -4.827     338.092          -1.705      -2.185             214               0
   14        -833.019      63.924           0.000       0.000              14               0
  191       -1140.782    -938.488           0.007      -0.532             191              -0
  218         525.773    -289.126           0.000       0.000             218              -0
    4        -362.777     686.746           1.799      -3.573               4               0
  242          29.878   -1001.265           0.000       0.000             242               0
  206          85.680    1072.228          -7.219       1.442             206              -0
  128           2.566    1112.918           0.000       0.000             128              -0
  220          69.604   -1017.235          -0.090      -3.686             220               0
   27           1.126      42.437           0.000       0.000              27               0
  124         170.475    -768.237           0.142      -0.670             124              -0
   94        -430.803    -279.514           0.000       0.000              94              -0
  100         161.236    -764.625           3.262      -4.179             100               0
   82         156.413     618.029           0.000       0.000              82               0
  236         -89.867     218.637         -10.073       0.009             236              -0
  234        -378.895    1092.671           0.000       0.000             234              -0
  204        -326.218    -169.169          -0.613      -4.970             204               0
    0         219.435     391.251           0.000       0.000               0               0
   75         513.268   -1018.356           0.402      -0.936              75              -0
  217         247.432      64.228           0.000       0.000             217              -0
   38         640.581     526.294           6.308      -5.441              38               0
  247         -12.883     295.878           0.000       0.000             247               0
   68         272.535    -841.481         -16.657      -3.298              68               0
  174        -732.041    -257.527           0.000       0.000             174              -0
  162          35.619     -87.141           3.488      -9.041             162               0
  112         376.108    -247.517           0.000       0.000             112               0
  161        -543.605      29.700           1.214      -1.767             161              -0
  248         199.099     231.122           0.000       0.000             248              -0
   47         555.035    -958.025          18.574     -10.522              47               0
  238        -207.860     340.093           0.000       0.000             238               0
  121         641.300    -142.910         -56.898     -23.510             121               0
  157         -67.141    -815.984           0.000       0.000             157              -0
  196         357.602    -100.324           0.000       0.000             196               0
