SINAL     NFT                         FFT                         NFT INVERSA     FFT INVERSA
-----     -----------------------     -----------------------     -----------     -----------
  156       15999.000       0.000           0.000       0.000             156               1
  119        -818.673    -536.814         -10.698      10.423             119               0
   45         -26.698      -1.449           0.000       0.000              45              -0
   43        -777.379     692.261         -33.729      11.142              43               0
   28        -636.730    -139.375           0.000       0.000              28               0
    7         847.999    1051.198          30.781      20.528               7              -0
  110        -758.325     235.482           0.000       0.000             110              -0
  197        -252.258     764.462          -8.563       8.994             197               0
   36         696.320     146.528           0.000       0.000              36               0
    6         -27.494      54.017          -1.403       0.911               6               0
  231        -401.909     -57.017           0.000       0.000             231              -0
   34        -730.657    -159.314          -9.724       1.199              34               0
  105         853.685     353.830           0.000       0.000             105               0
  132          58.019    -825.923          10.218      10.200             132              -0
   87        -455.778     255.540           0.000       0.000              87              -0
  246         520.907    -254.863          -3.469       4.445             246               0
  210         558.216       3.631           0.000       0.000             210               0
  168         780.539    1084.045          -0.840       0.335             168               0
   25        2013.044    -889.112           0.000       0.000              25              -0
  183         273.934    -396.019          -5.796      -0.428             183               0
   29        -750.179     919.659           0.000       0.000              29               0
  238        -628.447     507.932           5.111       7.635             238              -0
  195         455.899    -139.534           0.000       0.000             195              -0
  201         263.351      -9.899          -3.628       1.608             201               0
  127         703.507    -653.483           0.000       0.000             127               0
    0         497.908    -452.551          -0.626       0.116              -0               0
   61         326.252     553.753           0.000       0.000              61              -0
   78        -914.960    -441.597          -4.094      -1.133              78               0
  243         788.774      60.417           0.000       0.000             243               0
  248        -359.984    -254.622           2.659       6.404             248              -0
  139        -481.081     550.116           0.000       0.000             139              -0
  143       -1178.808     443.251          -2.295       1.791             143               0
  233         563.992     578.999           0.000       0.000             233               0
   82        -850.597    -922.589          -0.506      -0.007              82               0
   63         322.288    -507.544           0.000       0.000              63              -0
  186        1276.180     862.611          -3.083      -1.552             186               0
  206         -40.254     581.068           0.000       0.000             206               0
   37         230.940      68.056           1.126       5.633              37              -0
   58         201.817    -110.590           0.000       0.000              58              -0
   27         271.781     878.169          -2.596       0.064              27               0
   47         724.870     231.259           0.000       0.000              47               0
  227          34.405    -416.594          -0.424      -0.090             227               0
   90        -863.702   -1111.567           0.000       0.000              90              -0
  241         932.634    -223.927          -2.368      -1.848             241               0
  202        -824.197     277.494           0.000       0.000             202               0
  120        -638.646    -784.341           0.004       5.070             120              -0
   54       -1199.156     545.941           0.000       0.000              54              -0
   34        -183.404     -35.355          -2.203       0.272              34               0
  231        -300.197     -98.396           0.000       0.000             231               0
  106          66.788    -339.524          -0.361      -0.155             106              -0
  253         312.214    -538.799           0.000       0.000             253              -0
  211         909.477    -109.169          -1.798      -2.084             211               0
  230        -272.965      98.055           0.000       0.000             230               0
  120        1030.482     651.706          -0.913       4.610             120              -0
  113         679.826    -415.153           0.000       0.000             113              -0
  177        -697.196      62.980          -2.030      -0.783             177               0
   15        -260.696    -548.740           0.000       0.000              15               0
   84        -299.951    -995.384          -0.307      -0.211              84              -0
   85        -431.697    1035.258           0.000       0.000              85              -0
  156         -69.411     671.433          -1.298      -2.291             156               0
  158         -70.195    -248.346           0.000       0.000             158               0
   19         384.485    -220.413          -1.734       4.197              19              -0
   70         115.033    -982.324           0.000       0.000              70              -0
  234         687.996     107.247           0.000       0.000             234               0
  136        -395.000      -0.011           0.000       0.000             136               0
  198         688.010    -107.164          -0.256      -0.263             198              -0
   67         114.936     982.335           0.000       0.000              67              -0
   81         384.446     220.413          -0.822      -2.488              81               0
  200         -70.243     248.296           0.000       0.000             200               0
  187         -69.378    -671.473          -2.532       3.796             187              -0
   45        -431.623   -1035.261           0.000       0.000              45              -0
  202        -300.030     995.394          -1.561      -1.486             202               0
  244        -260.731     548.697           0.000       0.000             244               0
  188        -697.146     -63.061          -0.205      -0.315             188              -0
  148         679.846     415.179           0.000       0.000             148              -0
  185        1030.535    -651.641          -0.332      -2.691             185               0
   89        -272.961     -98.068           0.000       0.000              89               0
  250         909.463     109.258          -3.370       3.376             250              -0
   97         312.130     538.823           0.000       0.000              97              -0
  112          66.716     339.506          -1.715      -1.338             112               0
  193        -300.242      98.343           0.000       0.000             193               0
  161        -183.446      35.312          -0.149      -0.372             161              -0
   46       -1199.124    -546.041           0.000       0.000              46              -0
  210        -638.686     784.283           0.215      -2.918             210               0
   64        -824.114    -277.580           0.000       0.000              64               0
   12         932.650     224.014          -4.325       2.896              12              -0
   81        -863.773    1111.469           0.000       0.000              81              -0
  195          34.432     416.526          -1.018      -2.297             195               0
  155         724.927    -231.271           0.000       0.000             155               0
    8         271.867    -878.179          -0.082      -0.441               8              -0
    9         201.822     110.592           0.000       0.000               9              -0
   11         230.958     -68.073           0.884      -3.195              11               0
  150         -40.177    -581.099           0.000       0.000             150               0
   74        1276.254    -862.487          -5.524       2.294              74              -0
   75         322.195     507.598           0.000       0.000              75              -0
  246        -850.692     922.482          -1.705      -2.185             246               0
   71         564.025    -579.003           0.000       0.000              71               0
  132       -1178.783    -443.367           0.007      -0.532             132              -0
  161        -480.997    -550.147           0.000       0.000             161              -0
  170        -359.948     254.603           1.799      -3.573             170               0
    9         788.807     -60.351           0.000       0.000               9               0
  213        -914.965     441.506          -7.219       1.442             213              -0
  184         326.365    -553.730           0.000       0.000             184              -0
   56         497.916     452.604          -0.090      -3.686              56               0
   32         703.474     653.517           0.000       0.000              32               0
  115         263.357       9.881           0.142      -0.670             115              -0
  217         455.880     139.527           0.000       0.000             217              -0
  128        -628.402    -508.026           3.262      -4.179             128               0
  153        -750.037    -919.714           0.000       0.000             153               0
   24         274.007     396.065         -10.073       0.009              24              -0
  159        2013.019     889.242           0.000       0.000             159              -0
   62         780.615   -1084.011          -0.613      -4.970              62               0
   81         558.199      -3.572           0.000       0.000              81               0
  248         520.855     254.900           0.402      -0.936             248              -0
  161        -455.770    -255.579           0.000       0.000             161              -0
   20          57.971     825.909           6.308      -5.441              20               0
   50         853.703    -353.792           0.000       0.000              50               0
   32        -730.684     159.232         -16.657      -3.298              32               0
  236        -401.880      56.952           0.000       0.000             236              -0
   68         -27.438     -54.057           3.488      -9.041              68               0
  189         696.359    -146.513           0.000       0.000             189               0
  231        -252.183    -764.511           1.214      -1.767             231              -0
  122        -758.243    -235.562           0.000       0.000             122              -0
  122         848.147   -1051.120          18.574     -10.522             122               0
  111        -636.689     139.339           0.000       0.000             111               0
   23        -777.191    -692.309         -56.898     -23.510              23               0
  132         -26.496       1.485           0.000       0.000             132              -0
  129        -818.296     536.757           0.000       0.000             129               0
