SINAL     NFT                         FFT                         NFT INVERSA     FFT INVERSA
-----     -----------------------     -----------------------     -----------     -----------
   45       16675.000       0.000           0.000       0.000              45               1
  111       -1069.655    -228.290         -10.698      10.423             111               0
    7        -332.858     200.482           0.000       0.000               7              -0
  242        -270.718    -849.271         -33.729      11.142             242               0
    0        -273.245      15.006           0.000       0.000               0               0
  127           3.398    -406.658          30.781      20.528             127              -0
  166        -173.559     380.272           0.000       0.000             166              -0
   44         320.276      57.193          -8.563       8.994              44               0
  235         720.868    -699.586           0.000       0.000             235               0
   91        -869.454    1014.612          -1.403       0.911              91               0
   58        -778.466     468.350           0.000       0.000              58              -0
  227        1529.869     -82.643          -9.724       1.199             227               0
  140        -991.310    -192.090           0.000       0.000             140               0
  127        -231.616    1189.267          10.218      10.200             127              -0
   59        -458.947    -496.504           0.000       0.000              59              -0
  101         829.168    -301.956          -3.469       4.445             101               0
  159        -228.859     -17.055           0.000       0.000             159               0
  144        -408.130     -37.166          -0.840       0.335             144               0
  155        -650.112      68.378           0.000       0.000             155              -0
  197         409.946      -7.413          -5.796      -0.428             197               0
   11        -186.546     210.583           0.000       0.000              11               0
  255        -507.250    -432.361           5.111       7.635             255              -0
   29         674.236    -115.702           0.000       0.000              29              -0
  174         771.506       7.856          -3.628       1.608             174               0
  201         -10.302    -254.124           0.000       0.000             201               0
   22        -546.037      35.489          -0.626       0.116              22               0
  169         169.431     -31.109           0.000       0.000             169              -0
  213        -491.399     585.899          -4.094      -1.133             213               0
    2        -654.164    -606.810           0.000       0.000               2               0
   88         186.153    1038.124           2.659       6.404              88              -0
   60         284.845    -715.601           0.000       0.000              60              -0
   55          14.172     -64.582          -2.295       1.791              55               0
   71         469.980    1027.012           0.000       0.000              71               0
  186         370.747     143.239          -0.506      -0.007             186               0
  210         425.394    -237.807           0.000       0.000             210              -0
  253        -373.755     -39.663          -3.083      -1.552             253               0
  216         460.438      66.207           0.000       0.000             216               0
   59        -256.262     239.780           1.126       5.633              59              -0
  230          31.012     446.821           0.000       0.000             230              -0
  175          41.726      80.413          -2.596       0.064             175               0
  124        -430.703    -358.897           0.000       0.000             124               0
    5         126.527     732.833          -0.424      -0.090               5               0
   23         258.508     676.975           0.000       0.000              23              -0
  155        1332.546     667.865          -2.368      -1.848             155               0
   80         578.089     385.896           0.000       0.000              80               0
  107        -745.843     -25.789           0.004       5.070             107              -0
  192           1.336     110.801           0.000       0.000             192              -0
  205        1109.878     785.211          -2.203       0.272             205               0
  233         756.803     702.941           0.000       0.000             233               0
  134          50.750    -337.257          -0.361      -0.155             134              -0
  202       -1164.294    -949.158           0.000       0.000             202              -0
  156          13.187   -1430.084          -1.798      -2.084             156               0
  117       -1192.654    -357.888           0.000       0.000             117               0
  228        -281.800     552.149          -0.913       4.610             228              -0
    0         269.478   -1078.638           0.000       0.000              -0              -0
  243        -274.039      53.892          -2.030      -0.783             243               0
  160        -403.894     287.627           0.000       0.000             160               0
  235       -1343.934    -206.168          -0.307      -0.211             235              -0
  145        -568.589     320.696           0.000       0.000             145              -0
  159       -1885.654    -953.395          -1.298      -2.291             159               0
  252         739.391    -221.049           0.000       0.000             252               0
  129         190.919    -279.290          -1.734       4.197             129              -0
  107         -67.387    -702.533           0.000       0.000             107              -0
   27         -49.364    -316.654           0.000       0.000              27               0
  117        -855.000      -0.011           0.000       0.000             117               0
  136         -49.371     316.694          -0.256      -0.263             136              -0
  161         -67.437     702.547           0.000       0.000             161              -0
  109         190.893     279.308          -0.822      -2.488             109               0
  255         739.309     221.121           0.000       0.000             255               0
  177       -1885.782     953.219          -2.532       3.796             177              -0
  191        -568.556    -320.771           0.000       0.000             191              -0
  122       -1343.924     206.045          -1.561      -1.486             122               0
    9        -403.815    -287.663           0.000       0.000               9               0
   40        -273.986     -53.890          -0.205      -0.315              40              -0
   74         269.412    1078.654           0.000       0.000              74              -0
  207        -281.756    -552.183          -0.332      -2.691             207               0
   37       -1192.652     357.820           0.000       0.000              37               0
  115          13.113    1430.077          -3.370       3.376             115              -0
  133       -1164.309     948.992           0.000       0.000             133              -0
  235          50.824     337.165          -1.715      -1.338             235               0
   79         756.938    -702.957           0.000       0.000              79               0
  224        1109.963    -785.150          -0.149      -0.372             224              -0
  106           1.337    -110.816           0.000       0.000             106              -0
  241        -745.805      25.693           0.215      -2.918             241               0
  172         578.189    -385.889           0.000       0.000             172               0
   75        1332.614    -667.780          -4.325       2.896              75              -0
  121         258.540    -676.959           0.000       0.000             121              -0
  133         126.568    -732.798          -1.018      -2.297             133               0
  160        -430.735     358.878           0.000       0.000             160               0
   40          41.747     -80.422          -0.082      -0.441              40              -0
   93          31.059    -446.821           0.000       0.000              93              -0
   14        -256.220    -239.791           0.884      -3.195              14               0
  114         460.460     -66.157           0.000       0.000             114               0
  236        -373.739      39.638          -5.524       2.294             236              -0
  192         425.404     237.832           0.000       0.000             192              -0
  246         370.771    -143.236          -1.705      -2.185             246               0
  221         470.061   -1026.965           0.000       0.000             221               0
   29          14.159      64.621           0.007      -0.532              29              -0
  192         284.777     715.615           0.000       0.000             192              -0
   69         186.212   -1038.108           1.799      -3.573              69               0
  124        -654.230     606.767           0.000       0.000             124               0
  159        -491.330    -585.940          -7.219       1.442             159              -0
   28         169.447      31.143           0.000       0.000              28              -0
  194        -546.009     -35.518          -0.090      -3.686             194               0
  161         -10.272     254.133           0.000       0.000             161               0
  101         771.535      -7.788           0.142      -0.670             101              -0
  143         674.207     115.766           0.000       0.000             143              -0
  212        -507.304     432.309           3.262      -4.179             212               0
   19        -186.514    -210.613           0.000       0.000              19               0
  177         409.942       7.445         -10.073       0.009             177              -0
   65        -650.110     -68.434           0.000       0.000              65              -0
  203        -408.104      37.132          -0.613      -4.970             203               0
  173        -228.813      17.038           0.000       0.000             173               0
   96         829.161     302.020           0.402      -0.936              96              -0
  132        -458.991     496.423           0.000       0.000             132              -0
    7        -231.498   -1189.304           6.308      -5.441               7               0
  223        -991.260     192.021           0.000       0.000             223               0
   48        1529.899      82.756         -16.657      -3.298              48               0
   86        -778.430    -468.432           0.000       0.000              86              -0
   53        -869.298   -1014.653           3.488      -9.041              53               0
   79         720.885     699.679           0.000       0.000              79               0
   45         320.318     -57.168           1.214      -1.767              45              -0
  170        -173.482    -380.266           0.000       0.000             170              -0
   40           3.425     406.680          18.574     -10.522              40               0
  201        -273.162     -15.013           0.000       0.000             201               0
  123        -270.668     849.243         -56.898     -23.510             123               0
   21        -332.651    -200.529           0.000       0.000              21              -0
  185       -1069.236     228.190           0.000       0.000             185               0
