SINAL     NFT                         FFT                         NFT INVERSA     FFT INVERSA
-----     -----------------------     -----------------------     -----------     -----------
  103       14444.000       0.000           0.000       0.000             103               0
  211         766.421    -374.004           0.000      -0.000             211               0
  224         824.360     624.649           0.000       0.000             224               0
  104         203.539     217.299           0.000      -0.000             104               0
   62         905.936     317.857           0.000       0.000              62               0
  221         201.776     577.394           0.000      -0.000             221               0
  157          -8.738    -310.626           0.000       0.000             157               0
   69         273.166     611.559           0.000      -0.000              69               0
    7        -525.447    -154.255           0.000       0.000               7               0
  105         553.222    -117.744           0.000      -0.000             105               0
  153        -805.531     143.376           0.000       0.000             153               0
  185         442.444     -86.961           0.000      -0.000             185               0
   83        -114.365    -644.709           0.000       0.000              83               0
  110         756.095    -472.876           0.000      -0.000             110               0
   50        -225.241     145.790           0.000       0.000              50               0
   66         -38.110     124.081           0.000      -0.000              66               0
  202       -1028.976     -66.940           0.000       0.000             202               0
   48         266.079   -1000.584           0.000      -0.000              48               0
   48         387.033    -536.643           0.000       0.000              48               0
  166        -192.041     688.755           0.000      -0.000             166               0
   67         909.919    1113.002           0.000       0.000              67               0
  115          86.034    -851.585           0.000      -0.000             115               0
  212        -775.489    1769.270           0.000       0.000             212               0
   51          61.621     152.675           0.000      -0.000              51               0
   88         606.008    -260.208           0.000       0.000              88               0
  127        -128.720    -446.614           0.000      -0.000             127               0
  144        -243.254    -657.400           0.000       0.000             144               0
  159          10.818   -1168.627           0.000      -0.000             159               0
   31        -426.865    -309.031           0.000       0.000              31               0
   16         195.003    -262.061           0.000      -0.000              16               0
  238        -360.440    -134.541           0.000       0.000             238               0
  102         290.795    -839.362           0.000      -0.000             102               0
  139       -1037.025     624.985           0.000       0.000             139               0
  234        -378.063     414.874           0.000      -0.000             234               0
   58        -931.321    -155.633           0.000       0.000              58               0
   69        -264.529    -978.618           0.000      -0.000              69               0
   58        -331.127    -507.127           0.000       0.000              58               0
   99        -864.656      60.863           0.000      -0.000              99               0
  206         485.327     278.479           0.000       0.000             206               0
  173         -24.115     493.246           0.000      -0.000             173               0
    0        -289.879     406.891           0.000       0.000              -0               0
   66         -88.104    -703.133           0.000      -0.000              66               0
   17        -117.260    -214.197           0.000       0.000              17               0
  168         857.955    -124.918           0.000      -0.000             168               0
  184        -488.402    -194.815           0.000       0.000             184               0
  204       -1049.878    1203.027           0.000      -0.000             204               0
   73         -78.563     680.719           0.000       0.000              73               0
   73         850.335    -179.503           0.000      -0.000              73               0
  107         298.952     221.070           0.000       0.000             107               0
    1        -823.732    -479.097           0.000      -0.000               1               0
  247        -571.099     138.424           0.000       0.000             247               0
  175         -37.627    -143.047           0.000      -0.000             175               0
    6        -638.825   -1141.794           0.000       0.000               6               0
  166         132.723     563.997           0.000      -0.000             166               0
   32         182.649   -1242.275           0.000       0.000              32               0
  143          66.616     463.609           0.000      -0.000             143               0
   73         813.334    -759.108           0.000       0.000              73               0
  204          -0.038       9.014           0.000      -0.000             204               0
  203         382.214     -66.982           0.000       0.000             203               0
   75          95.367      -9.040           0.000      -0.000              75               0
  125         255.784    -781.487           0.000       0.000             125               0
   19         -98.250     -32.997           0.000      -0.000              19               0
  207         -80.620     -55.183           0.000       0.000             207               0
  115         501.833     -76.553           0.000      -0.000             115               0
   21        -454.000      -0.009           0.000       0.000              21               0
   19         501.832      76.614           0.000       0.000              19               0
   40         -80.633      55.195           0.000       0.000              40               0
  217         -98.245      33.016           0.000       0.000             217               0
  120         255.727     781.517           0.000       0.000             120               0
  246          95.371       9.039           0.000       0.000             246               0
  163         382.208      67.017           0.000       0.000             163               0
  199          -0.035      -8.998           0.000       0.000             199               0
   65         813.258     759.174           0.000       0.000              65               0
   44          66.622    -463.596           0.000       0.000              44               0
  151         182.515    1242.286           0.000       0.000             151               0
  120         132.727    -563.995           0.000       0.000             120               0
   32        -638.949    1141.733           0.000       0.000              32               0
   67         -37.656     143.000           0.000       0.000              67               0
   14        -571.103    -138.496           0.000       0.000              14               0
  109        -823.747     478.998           0.000       0.000             109               0
   36         299.009    -221.083           0.000       0.000              36               0
   75         850.309     179.531           0.000       0.000              75               0
   70         -78.553    -680.769           0.000       0.000              70               0
    0       -1049.788   -1203.099           0.000       0.000              -0               0
   97        -488.376     194.813           0.000       0.000              97               0
  161         857.960     125.006           0.000       0.000             161               0
  100        -117.296     214.199           0.000       0.000             100               0
  124         -88.173     703.105           0.000       0.000             124               0
   97        -289.847    -406.948           0.000       0.000              97               0
   37         -24.069    -493.248           0.000       0.000              37               0
   97         485.323    -278.417           0.000       0.000              97               0
  142        -864.678     -60.900           0.000       0.000             142               0
  187        -331.168     507.131           0.000       0.000             187               0
   82        -264.620     978.586           0.000       0.000              82               0
   13        -931.328     155.514           0.000       0.000              13               0
  106        -378.007    -414.928           0.000       0.000             106               0
  106       -1036.926    -625.045           0.000       0.000             106               0
   39         290.776     839.411           0.000       0.000              39               0
  147        -360.416     134.509           0.000       0.000             147               0
  156         195.013     262.084           0.000       0.000             156               0
  127        -426.861     309.011           0.000       0.000             127               0
  199          10.758    1168.618           0.000       0.000             199               0
   44        -243.271     657.333           0.000       0.000              44               0
   43        -128.703     446.545           0.000       0.000              43               0
  110         606.022     260.187           0.000       0.000             110               0
   14          61.640    -152.754           0.000       0.000              14               0
   52        -775.303   -1769.351           0.000       0.000              52               0
  239          86.033     851.588           0.000       0.000             239               0
  162         910.046   -1112.950           0.000       0.000             162               0
   98        -191.965    -688.730           0.000       0.000              98               0
  125         387.013     536.721           0.000       0.000             125               0
   91         265.992    1000.599           0.000       0.000              91               0
   15       -1028.957      66.820           0.000       0.000              15               0
   10         -38.039    -124.103           0.000       0.000              10               0
  209        -225.161    -145.806           0.000       0.000             209               0
  171         756.108     472.942           0.000       0.000             171               0
  140        -114.381     644.672           0.000       0.000             140               0
   57         442.469      86.955           0.000       0.000              57               0
   62        -805.465    -143.475           0.000       0.000              62               0
  242         553.279     117.764           0.000       0.000             242               0
  138        -525.389     154.169           0.000       0.000             138               0
  210         273.311    -611.563           0.000       0.000             210               0
  220          -8.664     310.600           0.000       0.000             220               0
   80         201.951    -577.408           0.000       0.000              80               0
  191         906.089    -317.790           0.000       0.000             191               0
  108         203.705    -217.289           0.000       0.000             108               0
  240         824.624    -624.566           0.000       0.000             240               0
  105         766.765     374.084           0.000       0.000             105               0
