SINAL     NFT                         FFT                         NFT INVERSA     FFT INVERSA
-----     -----------------------     -----------------------     -----------     -----------
   65       15798.000       0.000           0.000       0.000              65               1
  129        -427.486     543.778         -10.698      10.423             129               0
   64        -553.057    -282.110           0.000       0.000              64              -0
  240        -455.831     363.577         -33.729      11.142             240               0
  175         563.698     -13.210           0.000       0.000             175               0
  160         -81.400    -891.872          30.781      20.528             160              -0
  169        -130.299   -1021.616           0.000       0.000             169              -0
   53        -344.027    -328.546          -8.563       8.994              53               0
   55         -87.274     233.486           0.000       0.000              55               0
  169        -387.027    -232.864          -1.403       0.911             169               0
  220        -605.907   -1098.422           0.000       0.000             220              -0
   92          16.821     537.713          -9.724       1.199              92               0
  104         677.877     469.915           0.000       0.000             104               0
   40       -1083.322    -821.953          10.218      10.200              40              -0
   51         304.666   -1229.968           0.000       0.000              51              -0
  120         -26.815      57.346          -3.469       4.445             120               0
   61        -586.350     -17.128           0.000       0.000              61               0
   96         565.839     689.291          -0.840       0.335              96               0
   70        -448.428    -479.482           0.000       0.000              70              -0
   86       -1625.488      19.226          -5.796      -0.428              86               0
   82        -349.998    -771.887           0.000       0.000              82               0
  145        -869.453     972.429           5.111       7.635             145              -0
  177         997.152     194.856           0.000       0.000             177              -0
  165        -204.928      29.388          -3.628       1.608             165               0
  104        -270.789     304.833           0.000       0.000             104               0
  147          80.163     343.243          -0.626       0.116             147               0
   22        -184.468   -1388.638           0.000       0.000              22              -0
   55        1541.976     359.462          -4.094      -1.133              55               0
  246          -2.036      81.592           0.000       0.000             246               0
  237        -113.082    -447.198           2.659       6.404             237              -0
  218       -1007.383     444.614           0.000       0.000             218              -0
  216         479.517   -1312.826          -2.295       1.791             216               0
   74         955.994      38.028           0.000       0.000              74               0
  200        -885.464    -210.128          -0.506      -0.007             200               0
  114         151.041     920.197           0.000       0.000             114              -0
   90         545.727    -160.286          -3.083      -1.552              90               0
   77        -518.406      51.633           0.000       0.000              77               0
  210         118.332     539.399           1.126       5.633             210              -0
    8        -567.054    -255.006           0.000       0.000               8              -0
    3         167.331   -1539.186          -2.596       0.064               3               0
  121         966.111     861.004           0.000       0.000             121               0
  226         857.908    -127.630          -0.424      -0.090             226               0
   70         803.535     -74.223           0.000       0.000              70              -0
   86         586.687    -493.968          -2.368      -1.848              86               0
  133        -111.454    1023.243           0.000       0.000             133               0
  215          -4.440    -367.260           0.004       5.070             215              -0
   87         279.677    -103.356           0.000       0.000              87              -0
  147         -68.817    -239.131          -2.203       0.272             147               0
    3        -795.657    -127.149           0.000       0.000               3               0
    1        -243.169     332.807          -0.361      -0.155               1              -0
   28        -408.312    -606.868           0.000       0.000              28              -0
  158         324.721    -466.105          -1.798      -2.084             158               0
  242         583.890    -806.877           0.000       0.000             242               0
   85          69.727    -121.687          -0.913       4.610              85              -0
  117         596.412     -54.862           0.000       0.000             117              -0
  111         763.992    -267.330          -2.030      -0.783             111               0
   56         -80.124     777.629           0.000       0.000              56               0
  182        -292.014     283.190          -0.307      -0.211             182              -0
   96        -514.162     660.252           0.000       0.000              96              -0
  177        -147.519     634.389          -1.298      -2.291             177               0
  142        -979.613      92.836           0.000       0.000             142               0
   57        -326.887      15.115          -1.734       4.197              57              -0
   27           6.568     492.065           0.000       0.000              27              -0
  229         -67.622    -214.923           0.000       0.000             229               0
  113       -1778.000      -0.082           0.000       0.000             113               0
  175         -67.597     214.889          -0.256      -0.263             175              -0
  255           6.619    -492.088           0.000       0.000             255              -0
  206        -326.891     -15.155          -0.822      -2.488             206               0
    3        -979.585     -92.945           0.000       0.000               3               0
   62        -147.429    -634.421          -2.532       3.796              62              -0
  163        -514.070    -660.287           0.000       0.000             163              -0
  165        -291.936    -283.198          -1.561      -1.486             165               0
  173         -79.992    -777.597           0.000       0.000             173               0
   65         764.019     267.443          -0.205      -0.315              65              -0
   41         596.418      54.945           0.000       0.000              41              -0
  242          69.725     121.733          -0.332      -2.691             242               0
  234         583.825     806.949           0.000       0.000             234               0
   71         324.656     466.129          -3.370       3.376              71              -0
   14        -408.382     606.809           0.000       0.000              14              -0
  124        -243.145    -332.847          -1.715      -1.338             124               0
  191        -795.644     127.084           0.000       0.000             191               0
   96         -68.788     239.119          -0.149      -0.372              96              -0
  103         279.704     103.368           0.000       0.000             103              -0
  229          -4.443     367.229           0.215      -2.918             229               0
  228        -111.322   -1023.255           0.000       0.000             228               0
   95         586.696     494.037          -4.325       2.896              95              -0
  162         803.556      74.285           0.000       0.000             162              -0
   32         857.900     127.690          -1.018      -2.297              32               0
   15         966.149    -860.893           0.000       0.000              15               0
  175         167.146    1539.215          -0.082      -0.441             175              -0
  139        -567.101     254.909           0.000       0.000             139              -0
  198         118.369    -539.416           0.884      -3.195             198               0
  204        -518.394     -51.679           0.000       0.000             204               0
  225         545.723     160.313          -5.524       2.294             225              -0
   65         151.096    -920.178           0.000       0.000              65              -0
  253        -885.465     210.087          -1.705      -2.185             253               0
  184         956.019     -37.915           0.000       0.000             184               0
   24         479.369    1312.861           0.007      -0.532              24              -0
   28       -1007.359    -444.722           0.000       0.000              28              -0
  151        -113.088     447.182           1.799      -3.573             151               0
  122          -1.985     -81.609           0.000       0.000             122               0
   80        1542.002    -359.316          -7.219       1.442              80              -0
   27        -184.627    1388.608           0.000       0.000              27              -0
  214          80.167    -343.288          -0.090      -3.686             214               0
  230        -270.781    -304.874           0.000       0.000             230               0
  223        -204.920     -29.419           0.142      -0.670             223              -0
  119         997.135    -194.791           0.000       0.000             119              -0
   27        -869.424    -972.478           3.262      -4.179              27               0
   61        -350.092     771.886           0.000       0.000              61               0
  253       -1625.475     -19.363         -10.073       0.009             253              -0
  131        -448.403     479.430           0.000       0.000             131              -0
  117         565.928    -689.247          -0.613      -4.970             117               0
  198        -586.334      17.106           0.000       0.000             198               0
  161         -26.774     -57.308           0.402      -0.936             161              -0
  102         304.573    1230.011           0.000       0.000             102              -0
   19       -1083.355     821.818           6.308      -5.441              19               0
  238         677.962    -469.897           0.000       0.000             238               0
   22          16.871    -537.691         -16.657      -3.298              22               0
  121        -605.978    1098.381           0.000       0.000             121              -0
  243        -386.997     232.802           3.488      -9.041             243               0
    3         -87.200    -233.499           0.000       0.000               3               0
  181        -343.992     328.533           1.214      -1.767             181              -0
   15        -130.306    1021.596           0.000       0.000              15              -0
  139         -81.380     891.808          18.574     -10.522             139               0
   46         563.783      13.187           0.000       0.000              46               0
  168        -455.695    -363.657         -56.898     -23.510             168               0
    4        -552.881     282.025           0.000       0.000               4              -0
   26        -427.013    -543.846           0.000       0.000              26               0
