SINAL     NFT                         FFT                         NFT INVERSA     FFT INVERSA
-----     -----------------------     -----------------------     -----------     -----------
  109       17645.000       0.000           0.000       0.000             109               0
  174         539.140     234.588           0.000      -0.000             174               0
  154        -122.020    -342.182           0.000       0.000             154               0
   53        -421.123     270.468           0.000      -0.000              53               0
  148         -58.240     535.405           0.000       0.000             148               0
  205         798.153    -659.160           0.000      -0.000             205               0
  127         464.698    -538.088           0.000       0.000             127               0
  162        -589.913     707.765           0.000      -0.000             162               0
   73          37.611     331.276           0.000       0.000              73               0
  123         153.789    1089.649           0.000      -0.000             123               0
  211         174.612    -163.477           0.000       0.000             211               0
   51        -792.669     173.592           0.000      -0.000              51               0
  231          61.285    -410.244           0.000       0.000             231               0
  201        -332.921    -302.484           0.000      -0.000             201               0
   95        -210.858     153.972           0.000       0.000              95               0
   17        -691.319    -244.276           0.000      -0.000              17               0
  251          40.447     371.660           0.000       0.000             251               0
  148         927.698    -610.426           0.000      -0.000             148               0
   46       -1183.533    -935.607           0.000       0.000              46               0
  144         419.096     647.772           0.000      -0.000             144               0
   90         424.754    -464.064           0.000       0.000              90               0
   70        1330.543    1127.656           0.000      -0.000              70               0
  168          55.470    -407.207           0.000       0.000             168               0
  212         780.497     421.859           0.000      -0.000             212               0
  224        -216.021    -190.399           0.000       0.000             224               0
  202         456.626      99.879           0.000      -0.000             202               0
  212         -57.287     186.365           0.000       0.000             212               0
  125        -652.207     134.722           0.000      -0.000             125               0
  150        -131.969    -175.179           0.000       0.000             150               0
  190         727.371     -43.683           0.000      -0.000             190               0
  234        -791.233     462.209           0.000       0.000             234               0
  172         460.352    -412.918           0.000      -0.000             172               0
  212         123.993    -269.004           0.000       0.000             212               0
   98        -616.952    -471.556           0.000      -0.000              98               0
   73        -554.240    -731.303           0.000       0.000              73               0
   15        -181.115     151.077           0.000      -0.000              15               0
   69       -1162.255   -1319.853           0.000       0.000              69               0
  209         130.249     411.115           0.000      -0.000             209               0
   12         582.464      93.316           0.000       0.000              12               0
  177        1083.455     801.636           0.000      -0.000             177               0
  139          52.975     -36.169           0.000       0.000             139               0
   98         162.992    -443.351           0.000      -0.000              98               0
   62        -237.649    -493.831           0.000       0.000              62               0
   58        -328.150    -349.943           0.000      -0.000              58               0
   99        -361.751     205.912           0.000       0.000              99               0
  249        -896.017     403.456           0.000      -0.000             249               0
   46         438.265     -82.153           0.000       0.000              46               0
  198        -853.470    -370.990           0.000      -0.000             198               0
  106        1085.558     257.713           0.000       0.000             106               0
   15        1141.341     729.202           0.000      -0.000              15               0
  183        -955.407     120.950           0.000       0.000             183               0
   33         584.218    1483.035           0.000      -0.000              33               0
  202          88.639     418.220           0.000       0.000             202               0
  211        -216.711     513.216           0.000      -0.000             211               0
  234         137.473     378.276           0.000       0.000             234               0
  235         163.952    -358.784           0.000      -0.000             235               0
    6         441.369     581.515           0.000       0.000               6               0
   41        -260.035    -358.382           0.000      -0.000              41               0
   63       -1137.443     585.879           0.000       0.000              63               0
  168         381.367     463.965           0.000      -0.000             168               0
   43       -1172.481     205.171           0.000       0.000              43               0
  245        -343.778       3.217           0.000      -0.000             245               0
  125        -779.419     790.510           0.000       0.000             125               0
   77         199.293    -292.056           0.000      -0.000              77               0
    7        -377.000      -0.035           0.000       0.000               7               0
  253         199.256     292.015           0.000       0.000             253               0
  203        -779.368    -790.621           0.000       0.000             203               0
  224        -343.780      -3.273           0.000       0.000             224               0
  112       -1172.437    -205.308           0.000       0.000             112               0
   82         381.431    -463.965           0.000       0.000              82               0
   98       -1137.369    -585.980           0.000       0.000              98               0
   63        -259.998     358.343           0.000       0.000              63               0
  239         441.464    -581.499           0.000       0.000             239               0
  131         163.945     358.773           0.000       0.000             131               0
   11         137.519    -378.310           0.000       0.000              11               0
  177        -216.647    -513.268           0.000       0.000             177               0
  110          88.706    -418.248           0.000       0.000             110               0
   43         584.347   -1482.984           0.000       0.000              43               0
  226        -955.365    -121.003           0.000       0.000             226               0
  137        1141.447    -729.083           0.000       0.000             137               0
  222        1085.542    -257.578           0.000       0.000             222               0
   62        -853.532     370.945           0.000       0.000              62               0
  136         438.243      82.190           0.000       0.000             136               0
  237        -895.997    -403.521           0.000       0.000             237               0
  206        -361.713    -205.909           0.000       0.000             206               0
   92        -328.151     349.946           0.000       0.000              92               0
  127        -237.650     493.819           0.000       0.000             127               0
  153         162.996     443.348           0.000       0.000             153               0
  230          53.016      36.140           0.000       0.000             230               0
  139        1083.541    -801.550           0.000       0.000             139               0
   87         582.442     -93.243           0.000       0.000              87               0
  184         130.231    -411.056           0.000       0.000             184               0
   87       -1162.384    1319.778           0.000       0.000              87               0
  103        -181.088    -151.096           0.000       0.000             103               0
   84        -554.286     731.260           0.000       0.000              84               0
   73        -616.947     471.482           0.000       0.000              73               0
  165         124.022     268.987           0.000       0.000             165               0
  145         460.335     412.915           0.000       0.000             145               0
  198        -791.162    -462.307           0.000       0.000             198               0
   94         727.403      43.732           0.000       0.000              94               0
   76        -131.980     175.146           0.000       0.000              76               0
  195        -652.162    -134.803           0.000       0.000             195               0
  167         -57.210    -186.386           0.000       0.000             167               0
   85         456.679     -99.848           0.000       0.000              85               0
  188        -215.987     190.363           0.000       0.000             188               0
  146         780.579    -421.806           0.000       0.000             146               0
   77          55.479     407.189           0.000       0.000              77               0
  225        1330.659   -1127.547           0.000       0.000             225               0
  195         424.697     464.116           0.000       0.000             195               0
  150         419.117    -647.716           0.000       0.000             150               0
  228       -1183.600     935.530           0.000       0.000             228               0
  144         927.674     610.471           0.000       0.000             144               0
  203          40.459    -371.682           0.000       0.000             203               0
   40        -691.334     244.206           0.000       0.000              40               0
  149        -210.814    -154.001           0.000       0.000             149               0
  225        -332.908     302.447           0.000       0.000             225               0
   63          61.286     410.216           0.000       0.000              63               0
  116        -792.600    -173.698           0.000       0.000             116               0
  124         174.675     163.443           0.000       0.000             124               0
   11         153.942   -1089.666           0.000       0.000              11               0
   97          37.696    -331.268           0.000       0.000              97               0
  209        -589.762    -707.786           0.000       0.000             209               0
  234         464.768     538.157           0.000       0.000             234               0
  246         798.186     659.205           0.000       0.000             246               0
   27         -58.105    -535.435           0.000       0.000              27               0
  255        -420.945    -270.495           0.000       0.000             255               0
   61        -121.790     342.172           0.000       0.000              61               0
  196         539.640    -234.550           0.000       0.000             196               0
