SINAL     NFT                         FFT                         NFT INVERSA     FFT INVERSA
-----     -----------------------     -----------------------     -----------     -----------
   72       16701.000       0.000           0.000       0.000              72               1
   97        -202.589    -332.513         -10.698      10.423              97               0
  248         142.252     -30.891           0.000       0.000             248              -0
   16        -596.014    -911.819         -33.729      11.142              16               0
   44          31.366     533.486           0.000       0.000              44               0
   83        -526.094     169.396          30.781      20.528              83              -0
   19        -561.536     303.607           0.000       0.000              19              -0
  169         524.153    1028.910          -8.563       8.994             169               0
   98         472.526     623.109           0.000       0.000              98               0
  244          90.736     767.149          -1.403       0.911             244               0
  111        -166.599     168.702           0.000       0.000             111              -0
  194        -520.787     316.111          -9.724       1.199             194               0
  150         -99.557     375.902           0.000       0.000             150               0
  101        -918.375    -992.958          10.218      10.200             101              -0
  246         314.768     371.451           0.000       0.000             246              -0
  176         -31.956    -327.278          -3.469       4.445             176               0
  250         948.282    -602.298           0.000       0.000             250               0
   85         168.885   -1237.597          -0.840       0.335              85               0
  215        -201.939     154.629           0.000       0.000             215              -0
  235        -364.694      65.445          -5.796      -0.428             235               0
    0         424.478    -721.278           0.000       0.000               0               0
   57        -899.903   -1155.988           5.111       7.635              57              -0
  174         507.945     -12.634           0.000       0.000             174              -0
  144         904.132     453.582          -3.628       1.608             144               0
   99        -806.000     295.648           0.000       0.000              99               0
   62        -282.093     122.629          -0.626       0.116              62               0
  190       -1746.197    -670.339           0.000       0.000             190              -0
  218         817.884    -798.294          -4.094      -1.133             218               0
    9        1055.929     107.136           0.000       0.000               9               0
  125        -357.286    -285.884           2.659       6.404             125              -0
   13         273.205    -550.181           0.000       0.000              13              -0
  253        -355.357    -559.097          -2.295       1.791             253               0
  160        -354.014     637.009           0.000       0.000             160               0
  171         -49.962    1725.330          -0.506      -0.007             171               0
  241         628.618    -894.479           0.000       0.000             241              -0
   92        -172.521    -502.222          -3.083      -1.552              92               0
    0        -197.924     -12.132           0.000       0.000              -0               0
   51        -246.704    -253.600           1.126       5.633              51              -0
  183        -123.393     230.745           0.000       0.000             183              -0
  174        -613.595     260.824          -2.596       0.064             174               0
    6         570.330     694.017           0.000       0.000               6               0
  249           7.917     572.019          -0.424      -0.090             249               0
   40        -165.257     176.504           0.000       0.000              40              -0
  139       -1033.735     413.922          -2.368      -1.848             139               0
   34         531.802     126.762           0.000       0.000              34               0
  129        -865.243     690.369           0.004       5.070             129              -0
  249        -699.215     294.450           0.000       0.000             249              -0
   57        -464.943     -90.836          -2.203       0.272              57               0
  100         355.741    -154.296           0.000       0.000             100               0
   19         155.742    -236.914          -0.361      -0.155              19              -0
  234        -137.857    -331.520           0.000       0.000             234              -0
  175         233.396     -37.901          -1.798      -2.084             175               0
  173        -594.591    1788.768           0.000       0.000             173               0
  250         583.436    1734.400          -0.913       4.610             250              -0
   86         169.682   -1080.026           0.000       0.000              86              -0
  237         158.751    1203.538          -2.030      -0.783             237               0
  160          95.087     609.404           0.000       0.000             160               0
  195         462.201   -1314.933          -0.307      -0.211             195              -0
  118         683.468      27.772           0.000       0.000             118              -0
   49         245.284     -91.842          -1.298      -2.291              49               0
   74        -983.562    -540.963           0.000       0.000              74               0
  249         682.084     325.019          -1.734       4.197             249              -0
  127         -69.941     466.955           0.000       0.000             127              -0
  214         363.095      96.922           0.000       0.000             214               0
  169       -1873.000      -0.096           0.000       0.000             169               0
  205         363.150     -96.926          -0.256      -0.263             205              -0
    8         -69.879    -466.981           0.000       0.000               8              -0
  202         682.106    -324.954          -0.822      -2.488             202               0
   55        -983.599     540.879           0.000       0.000              55               0
  101         245.324      91.839          -2.532       3.796             101              -0
  153         683.489     -27.724           0.000       0.000             153              -0
  175         462.081    1314.916          -1.561      -1.486             175               0
  185          95.125    -609.487           0.000       0.000             185               0
  179         158.845   -1203.548          -0.205      -0.315             179              -0
   13         169.586    1079.988           0.000       0.000              13              -0
   43         583.551   -1734.424          -0.332      -2.691              43               0
  154        -594.464   -1788.786           0.000       0.000             154               0
  188         233.387      37.984          -3.370       3.376             188              -0
    7        -137.897     331.534           0.000       0.000               7              -0
   63         155.712     236.927          -1.715      -1.338              63               0
   61         355.692     154.312           0.000       0.000              61               0
  203        -464.995      90.769          -0.149      -0.372             203              -0
  144        -699.210    -294.542           0.000       0.000             144              -0
  120        -865.165    -690.453           0.215      -2.918             120               0
  134         531.817    -126.719           0.000       0.000             134               0
   34       -1033.699    -414.013          -4.325       2.896              34              -0
  161        -165.206    -176.523           0.000       0.000             161              -0
   61           7.995    -572.022          -1.018      -2.297              61               0
  206         570.386    -693.948           0.000       0.000             206               0
   11        -613.580    -260.841          -0.082      -0.441              11              -0
  200        -123.359    -230.716           0.000       0.000             200              -0
  253        -246.710     253.611           0.884      -3.195             253               0
   85        -197.902      12.141           0.000       0.000              85               0
  224        -172.528     502.223          -5.524       2.294             224              -0
   42         628.559     894.486           0.000       0.000              42              -0
  242         -49.827   -1725.355          -1.705      -2.185             242               0
  153        -353.957    -636.973           0.000       0.000             153               0
   79        -355.375     559.127           0.007      -0.532              79              -0
   27         273.184     550.226           0.000       0.000              27              -0
  248        -357.275     285.860           1.799      -3.573             248               0
  202        1055.958    -107.027           0.000       0.000             202               0
  113         817.758     798.379          -7.219       1.442             113              -0
   13       -1746.280     670.168           0.000       0.000              13              -0
   67        -282.047    -122.684          -0.090      -3.686              67               0
  118        -805.915    -295.725           0.000       0.000             118               0
  248         904.223    -453.486           0.142      -0.670             248              -0
  122         507.934      12.726           0.000       0.000             122              -0
   76        -899.986    1155.937           3.262      -4.179              76               0
   46         424.448     721.288           0.000       0.000              46               0
   69        -364.669     -65.499         -10.073       0.009              69              -0
  220        -201.882    -154.631           0.000       0.000             220              -0
  243         168.834    1237.611          -0.613      -4.970             243               0
  122         948.250     602.332           0.000       0.000             122               0
  146         -31.987     327.220           0.402      -0.936             146              -0
   15         314.788    -371.456           0.000       0.000              15              -0
  249        -918.451     992.835           6.308      -5.441             249               0
   60         -99.490    -375.982           0.000       0.000              60               0
    1        -520.716    -316.201         -16.657      -3.298               1               0
   89        -166.519    -168.765           0.000       0.000              89              -0
   48          90.870    -767.182           3.488      -9.041              48               0
  132         472.636    -623.089           0.000       0.000             132               0
  208         524.266   -1028.858           1.214      -1.767             208              -0
  128        -561.475    -303.624           0.000       0.000             128              -0
  201        -525.995    -169.417          18.574     -10.522             201               0
  219          31.518    -533.441           0.000       0.000             219               0
  149        -595.939     911.796         -56.898     -23.510             149               0
   48         142.481      30.898           0.000       0.000              48              -0
  129        -202.172     332.488           0.000       0.000             129               0
