SINAL     NFT                         FFT                         NFT INVERSA     FFT INVERSA
-----     -----------------------     -----------------------     -----------     -----------
  251       17833.000       0.000           0.000       0.000             251               0
  132        -595.192    -113.601           0.000      -0.000             132               0
  204         504.038     252.800           0.000       0.000             204               0
   43         295.611     722.268           0.000      -0.000              43               0
  150        -455.291    -217.266           0.000       0.000             150               0
  124        -844.982     288.959           0.000      -0.000             124               0
   82          84.338     -76.431           0.000       0.000              82               0
   78         584.651     873.968           0.000      -0.000              78               0
  131        -306.514    -293.242           0.000       0.000             131               0
  122        -252.165    -412.098           0.000      -0.000             122               0
  117        -560.510     -14.267           0.000       0.000             117               0
  149          -1.881    -154.046           0.000      -0.000             149               0
  224        1225.695     222.810           0.000       0.000             224               0
  134         -80.766    -614.199           0.000      -0.000             134               0
  205        -176.977   -1480.813           0.000       0.000             205               0
   42       -1200.659    -915.982           0.000      -0.000              42               0
   36        1042.558    -394.048           0.000       0.000              36               0
  137         228.268   -1056.880           0.000      -0.000             137               0
  170         590.067     403.845           0.000       0.000             170               0
  253         508.483    -470.145           0.000      -0.000             253               0
   65         910.967     376.662           0.000       0.000              65               0
  243        1125.384     -31.856           0.000      -0.000             243               0
   57        1040.223     286.721           0.000       0.000              57               0
  237        -567.247    -125.277           0.000      -0.000             237               0
   72        -269.678      76.590           0.000       0.000              72               0
    0         156.372    -193.217           0.000      -0.000              -0               0
   75         251.676    -341.652           0.000       0.000              75               0
   60         134.108     623.660           0.000      -0.000              60               0
   59         845.589     330.706           0.000       0.000              59               0
   82         722.772    -328.556           0.000      -0.000              82               0
  187         945.634    -201.214           0.000       0.000             187               0
  255        -759.196     -55.088           0.000      -0.000             255               0
  228         737.986     373.019           0.000       0.000             228               0
   69         273.324    1177.627           0.000      -0.000              69               0
   92        -113.449    -840.763           0.000       0.000              92               0
  253        -327.244     775.981           0.000      -0.000             253               0
  104         -48.817    -561.221           0.000       0.000             104               0
   99        -148.254     851.990           0.000      -0.000              99               0
  210         -93.763   -1008.247           0.000       0.000             210               0
  125        -529.164     259.976           0.000      -0.000             125               0
  210        -435.585     407.569           0.000       0.000             210               0
  208        -474.305   -1030.743           0.000      -0.000             208               0
  180         364.116    -300.731           0.000       0.000             180               0
   58         606.795    1282.261           0.000      -0.000              58               0
  192         161.321     185.279           0.000       0.000             192               0
   15         648.063    -530.121           0.000      -0.000              15               0
  241        -612.331    1139.553           0.000       0.000             241               0
  162        -158.544     515.094           0.000      -0.000             162               0
  248        -678.530    -354.100           0.000       0.000             248               0
   38         575.709    -403.704           0.000      -0.000              38               0
  231          66.693      -4.711           0.000       0.000             231               0
   80          38.123      47.613           0.000      -0.000              80               0
  158         304.103     391.636           0.000       0.000             158               0
   32        -385.285    1249.830           0.000      -0.000              32               0
  220         429.386     345.476           0.000       0.000             220               0
  235         492.683    -274.893           0.000      -0.000             235               0
   84        1043.763    -426.214           0.000       0.000              84               0
  241        -334.255    -230.356           0.000      -0.000             241               0
   77        -643.892    1194.964           0.000       0.000              77               0
   43          50.922    -615.896           0.000      -0.000              43               0
   60          88.392     635.002           0.000       0.000              60               0
  170        1669.819    1114.982           0.000      -0.000             170               0
  134        -411.330    -399.623           0.000       0.000             134               0
  176        -556.104       0.434           0.000      -0.000             176               0
  223         843.000       0.011           0.000       0.000             223               0
  247        -556.114      -0.527           0.000       0.000             247               0
   69        -411.314     399.514           0.000       0.000              69               0
   19        1669.925   -1114.905           0.000       0.000              19               0
  240          88.406    -635.001           0.000       0.000             240               0
  233          50.841     615.867           0.000       0.000             233               0
  101        -643.796   -1195.044           0.000       0.000             101               0
  199        -334.230     230.335           0.000       0.000             199               0
  241        1043.756     426.275           0.000       0.000             241               0
  182         492.647     274.876           0.000       0.000             182               0
  156         429.386    -345.511           0.000       0.000             156               0
  139        -385.194   -1249.892           0.000       0.000             139               0
  236         304.135    -391.600           0.000       0.000             236               0
  119          38.119     -47.604           0.000       0.000             119               0
   15          66.692       4.716           0.000       0.000              15               0
  124         575.650     403.736           0.000       0.000             124               0
  142        -678.581     353.992           0.000       0.000             142               0
  121        -158.496    -515.164           0.000       0.000             121               0
  122        -612.205   -1139.608           0.000       0.000             122               0
  158         648.051     530.176           0.000       0.000             158               0
  151         161.347    -185.304           0.000       0.000             151               0
  186         606.899   -1282.201           0.000       0.000             186               0
  229         364.057     300.806           0.000       0.000             229               0
   50        -474.420    1030.688           0.000       0.000              50               0
  217        -435.554    -407.641           0.000       0.000             217               0
  207        -529.123    -260.017           0.000       0.000             207               0
   36         -93.819    1008.210           0.000       0.000              36               0
  112        -148.156    -852.036           0.000       0.000             112               0
  246         -48.838     561.193           0.000       0.000             246               0
    1        -327.144    -776.028           0.000       0.000               1               0
  214        -113.466     840.720           0.000       0.000             214               0
   52         273.479   -1177.641           0.000       0.000              52               0
  142         738.041    -372.943           0.000       0.000             142               0
   94        -759.155      55.038           0.000       0.000              94               0
  189         945.684     201.292           0.000       0.000             189               0
   20         722.774     328.593           0.000       0.000              20               0
   81         845.620    -330.664           0.000       0.000              81               0
   31         134.157    -623.642           0.000       0.000              31               0
   31         251.654     341.686           0.000       0.000              31               0
  188         156.360     193.219           0.000       0.000             188               0
  155        -269.654     -76.624           0.000       0.000             155               0
  228        -567.189     125.216           0.000       0.000             228               0
   67        1040.325    -286.642           0.000       0.000              67               0
  187        1125.412      31.950           0.000       0.000             187               0
  173         910.999    -376.571           0.000       0.000             173               0
   81         508.436     470.202           0.000       0.000              81               0
  183         590.090    -403.768           0.000       0.000             183               0
  113         228.172    1056.926           0.000       0.000             113               0
   39        1042.485     394.140           0.000       0.000              39               0
  226       -1200.761     915.886           0.000       0.000             226               0
  148        -177.065    1480.755           0.000       0.000             148               0
  219         -80.765     614.107           0.000       0.000             219               0
  207        1225.732    -222.775           0.000       0.000             207               0
   39          -1.914     153.999           0.000       0.000              39               0
   30        -560.499      14.178           0.000       0.000              30               0
  209        -252.157     412.029           0.000       0.000             209               0
  191        -306.473     293.141           0.000       0.000             191               0
  215         584.783    -873.972           0.000       0.000             215               0
  227          84.368      76.409           0.000       0.000             227               0
  252        -844.883    -289.062           0.000       0.000             252               0
   82        -455.168     217.186           0.000       0.000              82               0
    5         295.850    -722.277           0.000       0.000               5               0
    1         504.278    -252.762           0.000       0.000               1               0
  144        -594.743     113.542           0.000       0.000             144               0
