SINAL     NFT                         FFT                         NFT INVERSA     FFT INVERSA
-----     -----------------------     -----------------------     -----------     -----------
  170       16756.000       0.000           0.000       0.000             170               0
  150         687.821     218.885           0.000      -0.000             150               0
  219          27.219     177.105           0.000       0.000             219               0
  202         414.723    -209.233           0.000      -0.000             202               0
   79        -251.559    -288.510           0.000       0.000              79               0
   74        -341.209    -639.514           0.000      -0.000              74               0
  240        -629.145    -212.156           0.000       0.000             240               0
   17        1480.903     211.869           0.000      -0.000              17               0
  214        -169.537    1067.926           0.000       0.000             214               0
   82         917.264     458.118           0.000      -0.000              82               0
  188       -1220.422   -1040.144           0.000       0.000             188               0
  118         381.339    -784.559           0.000      -0.000             118               0
  156         782.511    -645.417           0.000       0.000             156               0
  191         133.992    -674.793           0.000      -0.000             191               0
  245         -66.639    -414.747           0.000       0.000             245               0
   94         960.759    1423.511           0.000      -0.000              94               0
  205         -35.666    -338.140           0.000       0.000             205               0
  221        1212.055    -302.705           0.000      -0.000             221               0
   85        -862.546     290.973           0.000       0.000              85               0
   11         506.370     -34.904           0.000      -0.000              11               0
   72          55.699    -200.646           0.000       0.000              72               0
   46        -778.930    -612.692           0.000      -0.000              46               0
  234         654.706     787.859           0.000       0.000             234               0
   42         648.478      -3.751           0.000      -0.000              42               0
   57        -103.194    -292.789           0.000       0.000              57               0
  156          73.188     819.601           0.000      -0.000             156               0
  143        -476.180    -109.811           0.000       0.000             143               0
    3       -1036.061      48.066           0.000      -0.000               3               0
  183         -28.607     985.416           0.000       0.000             183               0
  121        -536.977    -333.181           0.000      -0.000             121               0
   39         289.591    -389.720           0.000       0.000              39               0
  219         376.446     -53.833           0.000      -0.000             219               0
  222         -68.017      36.001           0.000       0.000             222               0
  141       -1207.159     492.876           0.000      -0.000             141               0
  216        -608.120     203.841           0.000       0.000             216               0
  113        -827.250    1107.148           0.000      -0.000             113               0
   28        -391.261    -252.776           0.000       0.000              28               0
   67        -125.172     -77.975           0.000      -0.000              67               0
   30         189.522    -835.433           0.000       0.000              30               0
  252        -513.626    1064.167           0.000      -0.000             252               0
  156           4.337     -10.029           0.000       0.000             156               0
  253         969.598    -804.104           0.000      -0.000             253               0
  107       -1085.348    -141.160           0.000       0.000             107               0
   41         441.298    -685.911           0.000      -0.000              41               0
  150        -200.238     948.487           0.000       0.000             150               0
  252        1193.794     351.329           0.000      -0.000             252               0
   76         709.949    -288.631           0.000       0.000              76               0
   84         876.533    -948.025           0.000      -0.000              84               0
   40         255.631     589.877           0.000       0.000              40               0
   28         519.183     402.702           0.000      -0.000              28               0
  164        -243.591    -376.406           0.000       0.000             164               0
  124        -906.763     259.418           0.000      -0.000             124               0
  145         534.385    -523.213           0.000       0.000             145               0
   66        -751.671     417.283           0.000      -0.000              66               0
  230        -642.834   -1498.733           0.000       0.000             230               0
  164         174.846    -451.415           0.000      -0.000             164               0
   95        -155.624     462.709           0.000       0.000              95               0
  251        -381.676    -572.786           0.000      -0.000             251               0
  142          81.889     282.050           0.000       0.000             142               0
  153         812.172     342.151           0.000      -0.000             153               0
  205         339.041     190.411           0.000       0.000             205               0
   65        -469.092    1338.522           0.000      -0.000              65               0
   69        -326.009     922.041           0.000       0.000              69               0
    8         502.740    -483.018           0.000      -0.000               8               0
    1        1468.000       0.044           0.000       0.000               1               0
   73         502.648     482.995           0.000       0.000              73               0
   64        -325.970    -922.140           0.000       0.000              64               0
   71        -468.977   -1338.568           0.000       0.000              71               0
  222         339.076    -190.361           0.000       0.000             222               0
  244         812.183    -342.068           0.000       0.000             244               0
   13          81.869    -282.013           0.000       0.000              13               0
   89        -381.750     572.767           0.000       0.000              89               0
  226        -155.592    -462.707           0.000       0.000             226               0
   11         174.787     451.468           0.000       0.000              11               0
  201        -642.978    1498.656           0.000       0.000             201               0
  246        -751.611    -417.388           0.000       0.000             246               0
  154         534.355     523.231           0.000       0.000             154               0
  159        -906.728    -259.523           0.000       0.000             159               0
    9        -243.563     376.356           0.000       0.000               9               0
   35         519.267    -402.692           0.000       0.000              35               0
    7         255.719    -589.845           0.000       0.000               7               0
  194         876.481     948.098           0.000       0.000             194               0
  213         709.929     288.642           0.000       0.000             213               0
   91        1193.787    -351.275           0.000       0.000              91               0
  240        -200.205    -948.497           0.000       0.000             240               0
   32         441.197     685.964           0.000       0.000              32               0
  166       -1085.369     141.060           0.000       0.000             166               0
  113         969.530     804.152           0.000       0.000             113               0
  121           4.293       9.966           0.000       0.000             121               0
   19        -513.557   -1064.223           0.000       0.000              19               0
  159         189.437     835.445           0.000       0.000             159               0
  247        -125.211      77.922           0.000       0.000             247               0
  117        -391.316     252.682           0.000       0.000             117               0
  174        -827.171   -1107.256           0.000       0.000             174               0
  209        -608.099    -203.898           0.000       0.000             209               0
  140       -1207.078    -492.977           0.000       0.000             140               0
  212         -67.948     -35.998           0.000       0.000             212               0
   13         376.479      53.868           0.000       0.000              13               0
  228         289.561     389.731           0.000       0.000             228               0
   48        -537.000     333.088           0.000       0.000              48               0
  131         -28.516    -985.446           0.000       0.000             131               0
   39       -1036.031     -48.149           0.000       0.000              39               0
   82        -476.122     109.752           0.000       0.000              82               0
    8          73.323    -819.596           0.000       0.000               8               0
  181        -103.152     292.791           0.000       0.000             181               0
   81         648.533       3.789           0.000       0.000              81               0
  158         654.782    -787.790           0.000       0.000             158               0
  220        -778.958     612.647           0.000       0.000             220               0
  244          55.743     200.638           0.000       0.000             244               0
  165         506.403      34.930           0.000       0.000             165               0
  181        -862.457    -291.047           0.000       0.000             181               0
  249        1212.097     302.806           0.000       0.000             249               0
  248         -35.652     338.102           0.000       0.000             248               0
   38         960.912   -1423.422           0.000       0.000              38               0
   26         -66.651     414.796           0.000       0.000              26               0
  124         133.984     674.826           0.000       0.000             124               0
   75         782.491     645.482           0.000       0.000              75               0
  228         381.273     784.569           0.000       0.000             228               0
   28       -1220.456    1039.972           0.000       0.000              28               0
  240         917.381    -458.125           0.000       0.000             240               0
  161        -169.377   -1067.965           0.000       0.000             161               0
   95        1480.965    -211.727           0.000       0.000              95               0
  214        -629.133     212.118           0.000       0.000             214               0
  115        -341.171     639.475           0.000       0.000             115               0
    5        -251.447     288.456           0.000       0.000               5               0
   75         414.876     209.227           0.000       0.000              75               0
  212          27.474    -177.140           0.000       0.000             212               0
  159         688.292    -218.848           0.000       0.000             159               0
