SINAL     NFT                         FFT                         NFT INVERSA     FFT INVERSA
-----     -----------------------     -----------------------     -----------     -----------
    2       32673.000       0.000           0.000       0.000               2               1
  163         -63.238     429.578         -15.616      22.518             163               0
  196         956.493   -1780.999           0.000       0.000             196              -0
  107         154.616     909.103         -66.546      24.736             107               0
   29       -1042.742    1044.770           0.000       0.000              29               0
  191        1425.680    -428.273          64.655      34.503             191              -0
   71         550.879    -175.950           0.000       0.000              71              -0
  135         324.464    1403.738         -15.463      19.321             135               0
  146       -1608.468      86.373           0.000       0.000             146               0
  233       -1097.078    -319.837          -1.976       2.325             233               0
  152        -108.586    -657.884           0.000       0.000             152              -0
  124         944.395    -838.718         -18.776       4.949             124               0
   35         125.578    -546.174           0.000       0.000              35               0
  204        -388.316     814.555          23.532      15.701             204              -0
   11        -356.143    -805.702           0.000       0.000              11              -0
  223         755.743    1082.864          -5.106       9.841             223               0
  129          11.606    -491.115           0.000       0.000             129               0
  152         122.688    -844.741          -1.168       1.128             152               0
  116         813.917     438.133           0.000       0.000             116              -0
  133         956.533     457.798         -11.166       1.797             133               0
   10        -130.293    1033.818           0.000       0.000              10               0
  124        -529.746     -82.136          13.638      11.177             124              -0
  208        -319.141    1713.518           0.000       0.000             208              -0
  156         463.115     489.430          -5.833       4.908             156               0
   55         -48.760    -988.392           0.000       0.000              55               0
   91         -82.934   -1057.533          -0.873       0.691              91               0
  174         495.775     549.829           0.000       0.000             174              -0
  232        -674.065     970.835          -8.018       0.493             232               0
   18         120.399     125.112           0.000       0.000              18               0
  109        1464.423     666.527           9.126       9.114             109              -0
   83        -366.909     909.848           0.000       0.000              83              -0
  124        -570.765   -1097.361          -2.722       4.670             124               0
  210        1931.139    -840.951           0.000       0.000             210               0
  168         615.885    -248.750          -0.718       0.462             168               0
  176         503.909    -170.491           0.000       0.000             176              -0
  104         202.020     828.895          -6.271      -0.231             104               0
  160          34.090    1445.935           0.000       0.000             160               0
   50         -93.360   -2447.577           6.505       7.916              50              -0
  185         342.235    1085.121           0.000       0.000             185              -0
   88         106.096     781.414          -4.039       2.223              88               0
   30        -954.329    -518.732           0.000       0.000              30               0
   85        -825.955    1209.658          -0.621       0.318              85               0
  248        -684.130    -190.842           0.000       0.000             248              -0
  198         556.214      -1.752          -5.142      -0.698             198               0
  219       -1532.373    -726.700           0.000       0.000             219               0
  124        -995.178    1440.847           4.764       7.120             124              -0
  114         822.491    1184.549           0.000       0.000             114              -0
  134        1027.191     844.335          -2.847       2.396             134               0
  223        -358.239     343.806           0.000       0.000             223               0
  161        -685.370    -410.008          -0.553       0.218             161               0
  107        -297.387     755.059           0.000       0.000             107              -0
  211       -2002.567   -1304.849          -4.340      -1.031             211               0
   35       -1712.770     429.924           0.000       0.000              35               0
  197         545.001     495.055           3.503       6.543             197              -0
  240        -463.741    -159.914           0.000       0.000             240              -0
  128       -1507.859    -438.298          -3.239       1.026             128               0
  229         205.233     614.913           0.000       0.000             229               0
   31         698.080   -1168.909          -0.502       0.143              31               0
  118        -184.570     183.713           0.000       0.000             118              -0
   39        -467.231     367.067          -3.730      -1.283              39               0
  135         282.913   -1197.069           0.000       0.000             135               0
   14        -386.233   -1220.656           2.531       6.099              14              -0
  116        -183.078    -480.095           0.000       0.000             116              -0
  143       -1115.750      82.407          -2.147       1.899             143               0
   74       -1792.986     -64.082           0.000       0.000              74               0
  181        -276.600   -1343.170          -0.462       0.084             181               0
  219        1159.074      96.802           0.000       0.000             219              -0
   74        -452.614     117.688          -3.243      -1.485              74               0
  216        1010.194     173.880           0.000       0.000             216               0
    5        -550.310     -58.445           1.745       5.739               5              -0
   30        -436.378     593.368           0.000       0.000              30              -0
  172        -866.494    -650.090          -2.758       0.306             172               0
  239        -476.965     -62.429           0.000       0.000             239               0
   69       -1346.473     274.061          -0.429       0.035              69               0
    4       -1005.674   -1123.176           0.000       0.000               4              -0
   12        -304.914      56.762          -2.837      -1.653              12               0
   60         728.585      -2.659           0.000       0.000              60               0
  236       -1933.437    1075.442           1.085       5.438             236              -0
  212         452.287     355.461           0.000       0.000             212              -0
   63         -54.436    -336.727          -2.346       0.743              63               0
   34        1006.830     929.001           0.000       0.000              34               0
  147       -1170.593     355.940          -0.401      -0.007             147               0
   34         289.583    -892.212           0.000       0.000              34              -0
  109        -128.015     407.133          -2.488      -1.798             109               0
   50       -1662.191    -266.696           0.000       0.000              50               0
   24        -348.718      67.662           0.513       5.176              24              -0
  226        1705.650     457.426           0.000       0.000             226              -0
   78         815.984   -1987.734          -2.415      -0.208              78               0
   14       -1598.558    1334.071           0.000       0.000              14               0
   92          66.912     508.897          -0.376      -0.044              92               0
   96       -1055.786     -55.040           0.000       0.000              96              -0
  151        -652.969      41.501          -2.178      -1.926             151               0
  176         546.982     380.448           0.000       0.000             176               0
   20       -1499.068     629.205           0.003       4.943              20              -0
   49         551.757     179.828           0.000       0.000              49              -0
  248          86.405    1536.653          -2.112       0.557             248               0
   17        -999.080    -511.114           0.000       0.000              17               0
  186        -470.379    -129.951          -0.354      -0.077             186              -0
  199         806.166   -1219.892           0.000       0.000             199              -0
  176        -174.367    -591.832          -1.897      -2.043             176               0
  118        1031.728      82.162           0.000       0.000             118               0
  203         705.412     272.424          -0.463       4.730             203              -0
   94         626.152    -666.356           0.000       0.000              94              -0
   47          50.556     205.628          -2.139      -0.620              47               0
  113         -34.717     736.579           0.000       0.000             113               0
  164        1259.671    1025.314          -0.333      -0.107             164              -0
  140          91.764     -57.731           0.000       0.000             140              -0
  140        -184.199    -643.907          -1.636      -2.151             140               0
   55       -1356.537     -84.326           0.000       0.000              55               0
  124        -352.918     -49.446          -0.898       4.531             124              -0
   50        -411.278     466.003           0.000       0.000              50              -0
  190         708.435    -637.650          -2.067      -0.178             190               0
  249       -1532.404    1013.890           0.000       0.000             249               0
  245        -529.595     747.952          -0.314      -0.136             245              -0
   12         104.567    -601.317           0.000       0.000              12              -0
  193         358.166      -2.668          -1.388      -2.253             193               0
   59         978.473    -223.019           0.000       0.000              59               0
  109        -651.323    -230.415          -1.314       4.341             109              -0
  211        -393.040     147.928           0.000       0.000             211              -0
   90        -701.160     721.978          -1.896      -0.984              90               0
  101         556.426    -598.858           0.000       0.000             101               0
   95        -133.820    -769.031          -0.295      -0.164              95              -0
  100         480.710    -949.595           0.000       0.000             100              -0
   34        -389.012    -819.275          -1.148      -2.353              34               0
  134         593.864    -739.848           0.000       0.000             134               0
  107        -950.965   -1503.384          -1.718       4.156             107              -0
   92       -1831.643     495.341           0.000       0.000              92              -0
  103        -453.791   -1373.158           0.000       0.000             103               0
  184        1177.000       0.213           0.000       0.000             184               0
   37        -454.146    1373.203          -0.276      -0.192              37              -0
   29       -1831.568    -495.536           0.000       0.000              29              -0
  167        -951.073    1503.342          -0.911      -2.451             167               0
  181         593.842     739.970           0.000       0.000             181               0
   44        -389.092     819.220          -2.120       3.972              44              -0
  172         480.598     949.643           0.000       0.000             172              -0
  158        -133.931     768.928          -1.664      -1.332             158               0
  254         556.302     598.817           0.000       0.000             254               0
  122        -701.072    -722.189          -0.258      -0.219             122              -0
  123        -392.988    -148.003           0.000       0.000             123              -0
  188        -651.270     230.292          -0.672      -2.550             188               0
   31         978.497     223.143           0.000       0.000              31               0
  207         358.124       2.689          -2.526       3.786             207              -0
  184         104.388     601.246           0.000       0.000             184              -0
   71        -529.551    -748.140          -1.832      -0.951              71               0
  110       -1532.188   -1014.120           0.000       0.000             110               0
   90         708.389     637.791          -0.239      -0.247              90              -0
  133        -411.220    -466.085           0.000       0.000             133              -0
  198        -352.935      49.408          -0.427      -2.652             198               0
  240       -1356.479      84.113           0.000       0.000             240               0
   93        -184.153     643.839          -2.946       3.594              93              -0
  248          91.908      57.640           0.000       0.000             248              -0
  160        1259.908   -1025.160          -1.423      -1.692             160               0
  101         -34.591    -736.540           0.000       0.000             101               0
  223          50.646    -205.531          -0.219      -0.277             223              -0
  226         626.091     666.495           0.000       0.000             226              -0
  107         705.466    -272.302          -0.169      -2.758             107               0
  140        1031.671     -81.931           0.000       0.000             140               0
   62        -174.546     591.859          -3.388       3.392              62              -0
  149         805.861    1219.981           0.000       0.000             149              -0
  177        -470.540     129.765          -1.868      -1.089             177               0
  168        -999.201     510.795           0.000       0.000             168               0
  149          86.672   -1536.732          -0.198      -0.308             149              -0
  162         551.695    -179.739           0.000       0.000             162              -0
  126       -1499.006    -629.460           0.106      -2.872             126               0
  104         547.036    -380.323           0.000       0.000             104               0
    5        -653.036     -41.581          -3.863       3.175               5              -0
  239       -1055.783      54.856           0.000       0.000             239              -0
  254          67.011    -508.898          -1.153      -2.096             254               0
  226       -1598.245   -1334.207           0.000       0.000             226               0
  254         815.805    1987.939          -0.175      -0.342             254              -0
  150        1705.669    -457.197           0.000       0.000             150              -0
   39        -348.880     -67.706           0.407      -2.997              39               0
  134       -1662.265     266.412           0.000       0.000             134               0
  115        -127.880    -407.139          -4.387       2.936             115              -0
  232         289.423     892.238           0.000       0.000             232              -0
  248       -1170.493    -356.221          -1.559      -1.852             248               0
  145        1007.024    -928.826           0.000       0.000             145               0
   92         -54.545     336.736          -0.150      -0.379              92              -0
  243         452.233    -355.416           0.000       0.000             243              -0
   21       -1933.286   -1075.715           0.745      -3.137              21               0
   38         728.605       2.887           0.000       0.000              38               0
   49        -305.000     -56.707          -4.978       2.665              49              -0
  191       -1005.931    1123.040           0.000       0.000             191              -0
   91       -1346.405    -274.301          -0.821      -2.592              91               0
  179        -476.916      62.385           0.000       0.000             179               0
  252        -866.534     649.929          -0.120      -0.423             252              -0
  151        -436.181    -593.455           0.000       0.000             151              -0
   50        -550.186      58.384           1.135      -3.298              50               0
  199        1010.293    -173.679           0.000       0.000             199               0
  127        -452.566    -117.704          -5.665       2.351             127              -0
   30        1159.064     -96.502           0.000       0.000              30              -0
   42        -276.970    1343.166          -1.853      -2.095              42               0
   29       -1793.042      63.755           0.000       0.000              29               0
    4       -1115.637     -82.558          -0.086      -0.474               4              -0
  222        -183.050     480.134           0.000       0.000             222              -0
   59        -386.344    1220.604           1.599      -3.491              59               0
   55         282.772    1197.006           0.000       0.000              55               0
   47        -467.128    -367.258          -6.491       1.974              47              -0
  127        -184.458    -183.755           0.000       0.000             127              -0
    5         697.907    1168.956          -0.363      -3.278               5               0
   11         205.247    -614.966           0.000       0.000              11               0
   90       -1507.962     438.000          -0.043      -0.536              90              -0
  237        -463.697     159.740           0.000       0.000             237              -0
  143         545.045    -495.035           2.173      -3.729             143               0
   56       -1712.758    -430.198           0.000       0.000              56               0
   83       -2002.659    1304.448          -7.523       1.502              83              -0
  119        -297.077    -755.217           0.000       0.000             119              -0
  121        -685.275     409.809          -1.083      -3.420             121               0
  122        -357.971    -344.002           0.000       0.000             122               0
  183        1027.477    -844.270           0.011      -0.617             183              -0
  222         822.669   -1184.449           0.000       0.000             222              -0
  117        -994.975   -1440.918           2.918      -4.037             117               0
  244       -1532.372     726.534           0.000       0.000             244               0
   11         556.341       1.838          -8.881       0.881              11              -0
  208        -684.102     190.678           0.000       0.000             208              -0
  182        -825.636   -1209.790           0.378      -4.387             182               0
  157        -954.219     518.592           0.000       0.000             157               0
  216         106.451    -781.411           0.084      -0.725             216              -0
  237         342.582   -1084.926           0.000       0.000             237              -0
   51         -93.620    2447.560           3.946      -4.463              51               0
   32          34.504   -1446.040           0.000       0.000              32               0
   54         202.340    -828.789         -10.792       0.007              54              -0
   30         504.056     170.671           0.000       0.000              30              -0
  114         616.011     248.922          -1.298      -4.926             114               0
   18        1931.032     841.294           0.000       0.000              18               0
   96        -570.963    1097.151           0.192      -0.885              96              -0
  172        -366.622    -910.036           0.000       0.000             172              -0
   90        1464.616    -666.302           5.495      -5.104              90               0
  134         120.401    -125.109           0.000       0.000             134               0
  168        -673.837    -970.932         -13.749      -1.345             168               0
   94         495.960    -549.630           0.000       0.000              94              -0
   11         -83.046    1057.590           1.958      -6.752              11               0
   47         -48.828     988.290           0.000       0.000              47               0
  221         463.268    -489.505           0.370      -1.149             221              -0
  137        -318.796   -1713.586           0.000       0.000             137              -0
   42        -529.629      82.085           8.160      -6.208              42               0
  176        -129.920   -1033.808           0.000       0.000             176               0
   49         956.779    -457.543         -19.078      -3.782              49               0
  199         814.069    -437.864           0.000       0.000             199              -0
  184         122.608     844.853           0.841      -9.762             184               0
  185          11.628     491.093           0.000       0.000             185               0
  242         755.997   -1082.699           0.732      -1.685             242              -0
  132        -356.219     805.697           0.000       0.000             132              -0
  168        -388.041    -814.565          14.004      -8.629             168               0
  217         125.668     546.303           0.000       0.000             217               0
   47         944.367     838.909         -31.960      -9.672              47               0
  131        -108.648     657.828           0.000       0.000             131              -0
   60       -1097.008     319.572           8.871     -17.098              60               0
  215       -1608.137     -86.747           0.000       0.000             215               0
  176         325.114   -1403.687           1.907      -3.424             176              -0
   95         551.242     176.112           0.000       0.000              95              -0
   39        1425.923     428.486          38.296     -18.691              39               0
   60       -1042.163   -1044.952           0.000       0.000              60               0
  194         155.430    -908.929        -112.830     -46.647             194               0
  252         957.072    1781.223           0.000       0.000             252              -0
  200         -61.462    -429.629           0.000       0.000             200               0
