SINAL     NFT                         FFT                         NFT INVERSA     FFT INVERSA
-----     -----------------------     -----------------------     -----------     -----------
  198       31806.000       0.000           0.000       0.000             198               1
  217         997.042    -398.708         -15.616      22.518             217               0
   28        1571.588   -1655.691           0.000       0.000              28              -0
    2       -1190.670      -4.155         -66.546      24.736               2               0
  206         693.512    -590.308           0.000       0.000             206               0
   95        -284.225    1569.996          64.655      34.503              95              -0
   12         136.590    -201.844           0.000       0.000              12              -0
  238         655.113    -156.198         -15.463      19.321             238               0
  233       -1082.190     441.024           0.000       0.000             233               0
   22        -252.675    -540.135          -1.976       2.325              22               0
  253        -204.590    1301.501           0.000       0.000             253              -0
  242        -498.535   -1177.915         -18.776       4.949             242               0
  237        -461.831   -1220.993           0.000       0.000             237               0
  157        -721.154    -670.635          23.532      15.701             157              -0
   54        -895.635    -140.274           0.000       0.000              54              -0
  243        -650.714    -989.780          -5.106       9.841             243               0
   52          95.097     839.831           0.000       0.000              52               0
  157         278.935    1394.204          -1.168       1.128             157               0
   44        1751.454    1248.558           0.000       0.000              44              -0
    3         -84.272     505.300         -11.166       1.797               3               0
   77          92.497     226.288           0.000       0.000              77               0
  171        2085.372     118.764          13.638      11.177             171              -0
  213         113.404    -930.207           0.000       0.000             213              -0
   83        1004.360    -286.719          -5.833       4.908              83               0
  204         994.872    -514.250           0.000       0.000             204               0
  206         733.345    1885.062          -0.873       0.691             206               0
  217         730.832    -614.337           0.000       0.000             217              -0
  219         467.702       2.698          -8.018       0.493             219               0
  247         880.911    1329.956           0.000       0.000             247               0
   30       -1483.259    1276.982           9.126       9.114              30              -0
  203        -396.310     107.697           0.000       0.000             203              -0
  152         109.608    -151.094          -2.722       4.670             152               0
  123        2097.196   -1339.835           0.000       0.000             123               0
   24        -188.822    2028.150          -0.718       0.462              24               0
  225       -1264.464    -453.873           0.000       0.000             225              -0
  140        -109.941     313.237          -6.271      -0.231             140               0
   16         439.966     532.488           0.000       0.000              16               0
  154         626.120    -906.233           6.505       7.916             154              -0
  189         -56.120     671.714           0.000       0.000             189              -0
   86         394.854    -801.825          -4.039       2.223              86               0
  208        -247.307     543.234           0.000       0.000             208               0
  196        -667.201     305.953          -0.621       0.318             196               0
  184         148.233    -787.163           0.000       0.000             184              -0
  215        1056.482     206.703          -5.142      -0.698             215               0
  152         294.234     179.470           0.000       0.000             152               0
   77        -252.132     859.754           4.764       7.120              77              -0
  123         447.818      15.855           0.000       0.000             123              -0
  173         224.547     235.262          -2.847       2.396             173               0
  203         745.730    -609.471           0.000       0.000             203               0
  240         543.851   -1308.466          -0.553       0.218             240               0
   89        1455.277     304.285           0.000       0.000              89              -0
  155        -236.409    -337.649          -4.340      -1.031             155               0
  118        -863.149   -1394.318           0.000       0.000             118               0
   89         874.607     280.292           3.503       6.543              89              -0
   63         292.438    -279.184           0.000       0.000              63              -0
   83        -676.654    -243.676          -3.239       1.026              83               0
  161         248.109    -520.127           0.000       0.000             161               0
  175         702.389    1723.261          -0.502       0.143             175               0
   10       -1111.947    1029.403           0.000       0.000              10              -0
  233        1336.583     -80.230          -3.730      -1.283             233               0
   78         469.022    -751.918           0.000       0.000              78               0
   61         671.246     401.175           2.531       6.099              61              -0
  141        1325.480    -766.921           0.000       0.000             141              -0
   52         487.715     894.001          -2.147       1.899              52               0
   61        1020.970     431.044           0.000       0.000              61               0
    4         948.958     971.594          -0.462       0.084               4               0
  203        1303.620     479.168           0.000       0.000             203              -0
   61         600.889    1200.523          -3.243      -1.485              61               0
   47         325.261     407.327           0.000       0.000              47               0
   97         312.688     339.917           1.745       5.739              97              -0
  201        1344.882    -276.732           0.000       0.000             201              -0
  147       -1621.644    -486.914          -2.758       0.306             147               0
  141        1072.080     608.567           0.000       0.000             141               0
  216        -308.283    1117.162          -0.429       0.035             216               0
   76         757.444   -1056.834           0.000       0.000              76              -0
  126         399.668   -1306.949          -2.837      -1.653             126               0
  116        -381.342   -1125.140           0.000       0.000             116               0
   95         664.910    -526.195           1.085       5.438              95              -0
   65        -662.698    -869.384           0.000       0.000              65              -0
  129       -1443.174    -378.721          -2.346       0.743             129               0
   14       -1259.422     107.438           0.000       0.000              14               0
  183        -283.704    1115.399          -0.401      -0.007             183               0
   12         803.933    -779.489           0.000       0.000              12              -0
  181        -511.842      12.616          -2.488      -1.798             181               0
   25         202.138    -292.324           0.000       0.000              25               0
  150        -636.729    -967.396           0.513       5.176             150              -0
  177        -670.877     472.632           0.000       0.000             177              -0
   59        -779.303     738.230          -2.415      -0.208              59               0
  181       -2016.010     -46.834           0.000       0.000             181               0
   41        -833.826     136.345          -0.376      -0.044              41               0
  113        -990.580   -1014.380           0.000       0.000             113              -0
  187        -694.913    -685.509          -2.178      -1.926             187               0
  119        -257.532    -667.284           0.000       0.000             119               0
   33       -1372.643     141.626           0.003       4.943              33              -0
   19        -544.401      91.560           0.000       0.000              19              -0
  132         545.446    -162.599          -2.112       0.557             132               0
   89        1006.865    -765.792           0.000       0.000              89               0
  124        -639.864     851.925          -0.354      -0.077             124              -0
  107        -632.882     598.914           0.000       0.000             107              -0
  134         262.259     979.906          -1.897      -2.043             134               0
  252        -485.411      43.851           0.000       0.000             252               0
   95         619.614     358.109          -0.463       4.730              95              -0
    2         538.157     273.817           0.000       0.000               2              -0
   76          85.424     195.122          -2.139      -0.620              76               0
   32         573.411    1041.263           0.000       0.000              32               0
   23         539.123   -1572.585          -0.333      -0.107              23              -0
  154        -789.917    -668.893           0.000       0.000             154              -0
  130       -1052.426      -1.683          -1.636      -2.151             130               0
   42         921.528   -1050.127           0.000       0.000              42               0
  115        -230.791    -629.886          -0.898       4.531             115              -0
  118         202.097    -165.930           0.000       0.000             118              -0
  103          -8.104     586.989          -2.067      -0.178             103               0
  171       -1505.456     272.645           0.000       0.000             171               0
  187        -677.190     321.504          -0.314      -0.136             187              -0
   60       -1305.884   -1167.757           0.000       0.000              60              -0
   10       -1182.413     409.726          -1.388      -2.253              10               0
   87        -124.421    -233.080           0.000       0.000              87               0
  107        1539.225    -328.055          -1.314       4.341             107              -0
  153          37.395     -50.365           0.000       0.000             153              -0
   61         126.256    1661.911          -1.896      -0.984              61               0
  252         520.902    -196.820           0.000       0.000             252               0
  199         215.154   -1604.223          -0.295      -0.164             199              -0
  194         257.570   -1130.883           0.000       0.000             194              -0
   60         522.057    -365.450          -1.148      -2.353              60               0
  169         430.701     758.229           0.000       0.000             169               0
  136       -1856.957     260.332          -1.718       4.156             136              -0
  133        1492.218    -335.473           0.000       0.000             133              -0
   17         350.191      63.867           0.000       0.000              17               0
  205         528.000       0.044           0.000       0.000             205               0
  230         350.199     -63.799          -0.276      -0.192             230              -0
  127        1492.040     335.709           0.000       0.000             127              -0
  128       -1856.980    -260.671          -0.911      -2.451             128               0
  151         430.903    -758.099           0.000       0.000             151               0
   85         521.999     365.653          -2.120       3.972              85              -0
  107         257.358    1130.979           0.000       0.000             107              -0
  111         214.867    1604.161          -1.664      -1.332             111               0
  106         520.829     196.701           0.000       0.000             106               0
   94         126.477   -1661.959          -0.258      -0.219              94              -0
  211          37.369      50.423           0.000       0.000             211              -0
  188        1539.056     328.318          -0.672      -2.550             188               0
  214        -124.693     233.026           0.000       0.000             214               0
   38       -1182.510    -409.913          -2.526       3.786              38              -0
  231       -1306.131    1167.507           0.000       0.000             231              -0
  138        -677.145    -321.710          -1.832      -0.951             138               0
  224       -1505.342    -272.936           0.000       0.000             224               0
  210          -7.883    -586.967          -0.239      -0.247             210              -0
  215         202.126     166.033           0.000       0.000             215              -0
  245        -230.843     629.889          -0.427      -2.652             245               0
   92         921.332    1050.242           0.000       0.000              92               0
  126       -1052.464       1.451          -2.946       3.594             126              -0
   98        -789.928     668.732           0.000       0.000              98              -0
   14         538.969    1572.505          -1.423      -1.692              14               0
  206         573.613   -1041.353           0.000       0.000             206               0
  248          85.468    -195.189          -0.219      -0.277             248              -0
  170         538.204    -273.808           0.000       0.000             170              -0
   95         619.604    -358.068          -0.169      -2.758              95               0
   75        -485.466     -44.012           0.000       0.000              75               0
  136         262.372    -979.917          -3.388       3.392             136              -0
   17        -632.831    -599.008           0.000       0.000              17              -0
  102        -639.675    -851.947          -1.868      -1.089             102               0
  162        1006.747     766.032           0.000       0.000             162               0
  157         545.291     162.682          -0.198      -0.308             157              -0
   27        -544.544     -91.648           0.000       0.000              27              -0
   59       -1372.681    -141.808           0.106      -2.872              59               0
   35        -257.664     667.285           0.000       0.000              35               0
   14        -695.082     685.386          -3.863       3.175              14              -0
   18        -990.780    1014.127           0.000       0.000              18              -0
   97        -833.828    -136.599          -1.153      -2.096              97               0
   61       -2015.957      46.405           0.000       0.000              61               0
  153        -779.030    -738.408          -0.175      -0.342             153              -0
  150        -670.658    -472.691           0.000       0.000             150              -0
  163        -636.728     967.312           0.407      -2.997             163               0
   33         202.223     292.301           0.000       0.000              33               0
  199        -511.713     -12.738          -4.387       2.936             199              -0
  142         803.878     779.537           0.000       0.000             142              -0
  181        -283.537   -1115.502          -1.559      -1.852             181               0
   21       -1259.370    -107.591           0.000       0.000              21               0
   48       -1443.075     378.537          -0.150      -0.379              48              -0
  178        -662.586     869.286           0.000       0.000             178              -0
  215         665.027     526.293           0.745      -3.137             215               0
   45        -381.358    1125.036           0.000       0.000              45               0
   82         399.645    1306.884          -4.978       2.665              82              -0
   95         757.390    1056.707           0.000       0.000              95              -0
  211        -307.968   -1117.430          -0.821      -2.592             211               0
  216        1072.266    -608.456           0.000       0.000             216               0
  122       -1621.568     486.568          -0.120      -0.423             122              -0
    6        1345.058     276.806           0.000       0.000               6              -0
   18         312.873    -340.030           1.135      -3.298              18               0
   32         325.488    -407.429           0.000       0.000              32               0
  140         601.268   -1200.522          -5.665       2.351             140              -0
   96        1303.835    -479.003           0.000       0.000              96              -0
  197         949.200    -971.462          -1.853      -2.095             197               0
  180        1021.090    -430.868           0.000       0.000             180               0
  237         487.921    -893.861          -0.086      -0.474             237              -0
   95        1325.384     767.175           0.000       0.000              95              -0
   81         671.293    -401.071           1.599      -3.491              81               0
   34         468.897     751.965           0.000       0.000              34               0
  131        1336.492      80.327          -6.491       1.974             131              -0
  149       -1111.812   -1029.688           0.000       0.000             149              -0
  144         702.718   -1723.071          -0.363      -3.278             144               0
  194         247.994     520.292           0.000       0.000             194               0
   80        -676.661     243.604          -0.043      -0.536              80              -0
  181         292.484     279.247           0.000       0.000             181              -0
   87         874.662    -280.088           2.173      -3.729              87               0
    6        -863.353    1394.189           0.000       0.000               6               0
   39        -236.301     337.530          -7.523       1.502              39              -0
  151        1455.440    -304.051           0.000       0.000             151              -0
   15         543.657    1308.524          -1.083      -3.420              15               0
  243         745.634     609.450           0.000       0.000             243               0
  176         224.583    -235.363           0.011      -0.617             176              -0
  210         447.815     -15.901           0.000       0.000             210              -0
   43        -251.967    -859.870           2.918      -4.037              43               0
   57         294.335    -179.437           0.000       0.000              57               0
   19        1056.519    -206.525          -8.881       0.881              19              -0
  210         148.036     787.136           0.000       0.000             210              -0
   84        -667.152    -306.162           0.378      -4.387              84               0
  203        -247.136    -543.293           0.000       0.000             203               0
   66         394.791     801.842           0.084      -0.725              66              -0
   23         -55.940    -671.779           0.000       0.000              23              -0
  159         626.027     906.267           3.946      -4.463             159               0
   63         440.052    -532.531           0.000       0.000              63               0
  138        -109.914    -313.309         -10.792       0.007             138              -0
   29       -1264.457     453.547           0.000       0.000              29              -0
  247        -188.259   -2028.193          -1.298      -4.926             247               0
  134        2097.066    1340.213           0.000       0.000             134               0
  164         109.534     150.988           0.192      -0.885             164              -0
  188        -396.294    -107.918           0.000       0.000             188              -0
   80       -1482.889   -1277.340           5.495      -5.104              80               0
  140         881.352   -1329.781           0.000       0.000             140               0
   45         467.851      -2.552         -13.749      -1.345              45               0
   18         730.866     614.404           0.000       0.000              18              -0
   27         733.780   -1884.928           1.958      -6.752              27               0
  169         994.880     514.519           0.000       0.000             169               0
   53        1004.356     286.915           0.370      -1.149              53              -0
   78         113.333     930.173           0.000       0.000              78              -0
  163        2085.414    -118.527           8.160      -6.208             163               0
  113          92.478    -226.373           0.000       0.000             113               0
  214         -84.130    -505.416         -19.078      -3.782             214               0
   65        1751.667   -1248.314           0.000       0.000              65              -0
   88         279.072   -1394.090           0.841      -9.762              88               0
  216          95.153    -839.632           0.000       0.000             216               0
  111        -650.931     989.811           0.732      -1.685             111              -0
   91        -895.628     140.193           0.000       0.000              91              -0
  254        -721.165     670.586          14.004      -8.629             254               0
  218        -461.898    1220.909           0.000       0.000             218               0
  161        -498.564    1177.682         -31.960      -9.672             161               0
  209        -204.182   -1301.631           0.000       0.000             209              -0
  122        -252.572     540.069           8.871     -17.098             122               0
  210       -1081.820    -441.250           0.000       0.000             210               0
    4         655.430     156.286           1.907      -3.424               4              -0
   11         136.864     201.785           0.000       0.000              11              -0
  121        -283.565   -1570.027          38.296     -18.691             121               0
  225         693.867     590.513           0.000       0.000             225               0
    8       -1190.002       4.018        -112.830     -46.647               8               0
  142        1572.291    1655.936           0.000       0.000             142              -0
  226         998.653     398.735           0.000       0.000             226               0
