SINAL     NFT                         FFT                         NFT INVERSA     FFT INVERSA
-----     -----------------------     -----------------------     -----------     -----------
   99       34248.000       0.000           0.000       0.000              99               0
  249        -577.284    -341.391           0.000      -0.000             249               0
  112        2354.738    1618.486           0.000       0.000             112               0
  170        1308.846     850.879           0.000      -0.000             170               0
   65         866.594    1656.625           0.000       0.000              65               0
  127        -269.643   -1174.711           0.000      -0.000             127               0
  112         566.013     555.371           0.000       0.000             112               0
   37        -935.305    -294.530           0.000      -0.000              37               0
   45        -608.301     -49.813           0.000       0.000              45               0
  205         359.864     -22.369           0.000      -0.000             205               0
  146        -299.447     745.306           0.000       0.000             146               0
  107         611.653     276.694           0.000      -0.000             107               0
  245        -799.658    -156.493           0.000       0.000             245               0
  209        -760.994    1971.572           0.000      -0.000             209               0
  137       -1175.278    1006.063           0.000       0.000             137               0
  208        2576.091    -333.193           0.000      -0.000             208               0
  179        1277.789    1162.592           0.000       0.000             179               0
  211         313.799     709.145           0.000      -0.000             211               0
  169        -299.538     742.573           0.000       0.000             169               0
  145         865.329    -674.629           0.000      -0.000             145               0
   22        2218.280    -465.543           0.000       0.000              22               0
   37         -42.884    -673.871           0.000      -0.000              37               0
   13          77.180    -541.266           0.000       0.000              13               0
    4        -584.341    -304.857           0.000      -0.000               4               0
  168        -910.085    1166.530           0.000       0.000             168               0
   57         989.975     -98.835           0.000      -0.000              57               0
  195         217.436      31.916           0.000       0.000             195               0
   93        1045.070     400.211           0.000      -0.000              93               0
   54         -23.919     546.703           0.000       0.000              54               0
  138        -203.570    -246.938           0.000      -0.000             138               0
  153        -500.784    1591.724           0.000       0.000             153               0
  231         623.889     285.220           0.000      -0.000             231               0
   29        -710.872    -433.917           0.000       0.000              29               0
   20        -379.063    -333.038           0.000      -0.000              20               0
   75        -819.407   -1091.940           0.000       0.000              75               0
  104        -440.768      83.312           0.000      -0.000             104               0
  142        -821.125      66.727           0.000       0.000             142               0
   25         495.105    -783.705           0.000      -0.000              25               0
   77       -1068.075     498.184           0.000       0.000              77               0
  158         166.169    1262.105           0.000      -0.000             158               0
  125       -1584.530    -366.670           0.000       0.000             125               0
  120        -276.166     347.586           0.000      -0.000             120               0
   72         837.808    -774.299           0.000       0.000              72               0
   75         849.328    -411.291           0.000      -0.000              75               0
   27         -39.304    -705.529           0.000       0.000              27               0
   55         121.168    -808.287           0.000      -0.000              55               0
    2         567.218      -5.698           0.000       0.000               2               0
  203         105.274    -151.183           0.000      -0.000             203               0
  134        -906.001     662.670           0.000       0.000             134               0
  216        -232.011     283.534           0.000      -0.000             216               0
  212        1343.424     786.046           0.000       0.000             212               0
  187         282.038    -732.117           0.000      -0.000             187               0
  185        -929.899    -225.920           0.000       0.000             185               0
  100        1664.871    -259.978           0.000      -0.000             100               0
  166        -408.968     481.393           0.000       0.000             166               0
   87        -388.240    -112.328           0.000      -0.000              87               0
  101        -636.749     770.890           0.000       0.000             101               0
  218         650.170     802.949           0.000      -0.000             218               0
    6        -285.590     102.872           0.000       0.000               6               0
   50         439.482     265.121           0.000      -0.000              50               0
   98         785.718    -519.278           0.000       0.000              98               0
  146       -1489.606    -909.226           0.000      -0.000             146               0
   65         191.095     135.534           0.000       0.000              65               0
  167        -315.558      13.423           0.000      -0.000             167               0
   46        -734.049     665.950           0.000       0.000              46               0
  245        -336.129    -415.827           0.000      -0.000             245               0
  107        -465.453    -293.700           0.000       0.000             107               0
  189        -306.359     294.043           0.000      -0.000             189               0
  209       -1032.172   -1555.467           0.000       0.000             209               0
   57        -194.585     742.200           0.000      -0.000              57               0
   93       -2049.662   -1620.374           0.000       0.000              93               0
  223        -646.096    -235.907           0.000      -0.000             223               0
  236        1230.485    -287.574           0.000       0.000             236               0
   90        -552.701    -689.760           0.000      -0.000              90               0
  155        -907.578    -178.044           0.000       0.000             155               0
  117         873.601    1636.506           0.000      -0.000             117               0
   66        -703.085    -254.030           0.000       0.000              66               0
  159         103.212    -500.999           0.000      -0.000             159               0
  207        -794.180     393.205           0.000       0.000             207               0
   21        1090.570     -56.812           0.000      -0.000              21               0
   34         142.204    1354.231           0.000       0.000              34               0
  235       -1452.298     693.961           0.000      -0.000             235               0
  142       -1369.420     -96.529           0.000       0.000             142               0
  135         698.735   -2724.988           0.000      -0.000             135               0
  128        -200.739    -247.671           0.000       0.000             128               0
  192        1480.696   -1022.172           0.000      -0.000             192               0
  105        2646.509    -102.976           0.000       0.000             105               0
  159         351.717    -396.344           0.000      -0.000             159               0
    0          74.861     415.558           0.000       0.000              -0               0
  173        -453.037     262.900           0.000      -0.000             173               0
  144        -112.569   -1270.178           0.000       0.000             144               0
  232         237.440    -398.396           0.000      -0.000             232               0
  252         525.832    -446.778           0.000       0.000             252               0
  160        -761.450     918.442           0.000      -0.000             160               0
  126         615.331    -670.084           0.000       0.000             126               0
   58         -59.932     526.944           0.000      -0.000              58               0
  175        -739.157    -179.923           0.000       0.000             175               0
    9        -418.642    1224.874           0.000      -0.000               9               0
  193        -221.535     -26.266           0.000       0.000             193               0
  167         724.369    -966.915           0.000      -0.000             167               0
  154       -1086.439    -473.213           0.000       0.000             154               0
   28        -602.333   -1154.961           0.000      -0.000              28               0
  176         205.236    -296.689           0.000       0.000             176               0
  190        -234.449     599.869           0.000      -0.000             190               0
  148         459.554    -667.645           0.000       0.000             148               0
   88         -82.029    1131.570           0.000      -0.000              88               0
  181         338.145     213.160           0.000       0.000             181               0
  232        -312.571    -114.903           0.000      -0.000             232               0
   36         675.146   -1000.607           0.000       0.000              36               0
  110         802.560    -813.076           0.000      -0.000             110               0
  107         787.453    -389.781           0.000       0.000             107               0
  253       -1454.161    -754.998           0.000      -0.000             253               0
  218         557.756     898.229           0.000       0.000             218               0
   72        -901.221    1181.690           0.000      -0.000              72               0
  201        -565.006     484.819           0.000       0.000             201               0
  205         311.171    -923.624           0.000      -0.000             205               0
  248       -1624.838    -430.810           0.000       0.000             248               0
  238        1172.542     659.002           0.000      -0.000             238               0
  233        1012.384     289.214           0.000       0.000             233               0
  142       -1305.567     211.776           0.000      -0.000             142               0
   87        -401.320     235.187           0.000       0.000              87               0
  227        -102.449    -676.699           0.000      -0.000             227               0
  133        -767.407       4.104           0.000       0.000             133               0
  243         -63.599    -392.768           0.000      -0.000             243               0
  179        -562.285     397.010           0.000       0.000             179               0
  214        -539.181    1176.150           0.000      -0.000             214               0
  240        -258.231    -612.828           0.000       0.000             240               0
   97        -249.139    -154.406           0.000      -0.000              97               0
   46       -1992.000      -0.164           0.000       0.000              46               0
   87        -249.077     154.363           0.000       0.000              87               0
  130        -258.302     612.709           0.000       0.000             130               0
  170        -538.960   -1176.288           0.000       0.000             170               0
  119        -562.168    -397.038           0.000       0.000             119               0
  196         -63.631     392.802           0.000       0.000             196               0
  105        -767.366      -4.212           0.000       0.000             105               0
   69        -102.507     676.660           0.000       0.000              69               0
  230        -401.253    -235.309           0.000       0.000             230               0
  245       -1305.399    -212.019           0.000       0.000             245               0
   31        1012.577    -289.055           0.000       0.000              31               0
  170        1172.591    -658.756           0.000       0.000             170               0
  245       -1624.937     430.608           0.000       0.000             245               0
   43         311.068     923.631           0.000       0.000              43               0
  130        -564.917    -485.011           0.000       0.000             130               0
  159        -900.932   -1181.836           0.000       0.000             159               0
   67         557.971    -897.996           0.000       0.000              67               0
  141       -1454.176     754.891           0.000       0.000             141               0
   39         787.563     389.985           0.000       0.000              39               0
   22         802.490     813.251           0.000       0.000              22               0
   84         674.965    1000.673           0.000       0.000              84               0
  100        -312.595     114.758           0.000       0.000             100               0
   75         338.197    -213.180           0.000       0.000              75               0
  155         -81.830   -1131.554           0.000       0.000             155               0
  109         459.432     667.772           0.000       0.000             109               0
  251        -234.374    -599.867           0.000       0.000             251               0
  108         205.151     296.828           0.000       0.000             108               0
  200        -602.567    1154.893           0.000       0.000             200               0
  144       -1086.448     473.003           0.000       0.000             144               0
   71         724.270     966.953           0.000       0.000              71               0
  156        -221.553      26.086           0.000       0.000             156               0
   89        -418.426   -1224.985           0.000       0.000              89               0
  207        -739.117     179.821           0.000       0.000             207               0
   91         -59.731    -526.923           0.000       0.000              91               0
   37         615.264     670.196           0.000       0.000              37               0
  219        -761.237    -918.541           0.000       0.000             219               0
   85         525.848     446.956           0.000       0.000              85               0
   96         237.404     398.494           0.000       0.000              96               0
  169        -112.752    1270.130           0.000       0.000             169               0
  227        -452.908    -263.049           0.000       0.000             227               0
   34          75.072    -415.525           0.000       0.000              34               0
  242         351.837     396.450           0.000       0.000             242               0
  196        2646.550     103.472           0.000       0.000             196               0
  151        1480.362    1022.450           0.000       0.000             151               0
   35        -200.939     247.673           0.000       0.000              35               0
  233         698.109    2725.004           0.000       0.000             233               0
  206       -1369.587      96.036           0.000       0.000             206               0
  167       -1452.144    -694.392           0.000       0.000             167               0
  140         142.535   -1354.254           0.000       0.000             140               0
  107        1090.532      57.009           0.000       0.000             107               0
  230        -794.173    -393.326           0.000       0.000             230               0
  134         103.113     501.013           0.000       0.000             134               0
   74        -703.114     253.821           0.000       0.000              74               0
   74         873.847   -1636.352           0.000       0.000              74               0
   47        -907.667     178.013           0.000       0.000              47               0
  101        -552.767     689.720           0.000       0.000             101               0
   37        1230.389     287.795           0.000       0.000              37               0
   71        -646.298     235.843           0.000       0.000              71               0
   50       -2049.946    1619.981           0.000       0.000              50               0
   10        -194.399    -742.279           0.000       0.000              10               0
  234       -1032.379    1555.248           0.000       0.000             234               0
  188        -306.230    -294.202           0.000       0.000             188               0
  136        -465.436     293.564           0.000       0.000             136               0
  146        -336.138     415.666           0.000       0.000             146               0
  118        -733.854    -666.149           0.000       0.000             118               0
   46        -315.440     -13.493           0.000       0.000              46               0
  157         191.181    -135.496           0.000       0.000             157               0
  194       -1489.623     908.948           0.000       0.000             194               0
   27         785.810     519.288           0.000       0.000              27               0
   92         439.590    -265.172           0.000       0.000              92               0
   29        -285.501    -103.030           0.000       0.000              29               0
   58         650.348    -802.921           0.000       0.000              58               0
   39        -636.590    -770.992           0.000       0.000              39               0
   78        -388.158     112.273           0.000       0.000              78               0
  122        -408.718    -481.448           0.000       0.000             122               0
  103        1664.899     260.284           0.000       0.000             103               0
  143        -929.904     225.761           0.000       0.000             143               0
  110         282.052     732.086           0.000       0.000             110               0
  156        1343.580    -785.901           0.000       0.000             156               0
  184        -232.015    -283.588           0.000       0.000             184               0
  249        -905.835    -662.790           0.000       0.000             249               0
   60         105.370     151.260           0.000       0.000              60               0
  147         567.289       5.853           0.000       0.000             147               0
  127         121.071     808.344           0.000       0.000             127               0
   39         -39.351     705.491           0.000       0.000              39               0
    0         849.307     411.378           0.000       0.000              -0               0
  220         837.615     774.333           0.000       0.000             220               0
    1        -276.224    -347.742           0.000       0.000               1               0
   23       -1584.582     366.289           0.000       0.000              23               0
  220         166.439   -1262.149           0.000       0.000             220               0
   34       -1067.920    -498.306           0.000       0.000              34               0
  100         495.040     783.803           0.000       0.000             100               0
  162        -821.082     -66.901           0.000       0.000             162               0
  230        -440.677     -83.372           0.000       0.000             230               0
   24        -819.480    1091.770           0.000       0.000              24               0
  248        -378.978     332.866           0.000       0.000             248               0
   70        -710.759     433.654           0.000       0.000              70               0
    7         624.095    -285.294           0.000       0.000               7               0
  246        -500.391   -1591.868           0.000       0.000             246               0
  154        -203.428     246.897           0.000       0.000             154               0
  204         -23.611    -546.751           0.000       0.000             204               0
  223        1045.302    -400.039           0.000       0.000             223               0
   62         217.556     -31.882           0.000       0.000              62               0
   96         990.013      98.952           0.000       0.000              96               0
  195        -909.830   -1166.667           0.000       0.000             195               0
  146        -584.203     304.838           0.000       0.000             146               0
  113          77.320     541.298           0.000       0.000             113               0
  249         -42.711     673.824           0.000       0.000             249               0
  191        2218.400     465.827           0.000       0.000             191               0
  107         865.256     674.611           0.000       0.000             107               0
  177        -299.314    -742.798           0.000       0.000             177               0
  248         314.113    -709.204           0.000       0.000             248               0
   66        1278.164   -1162.410           0.000       0.000              66               0
  144        2575.993     333.570           0.000       0.000             144               0
  210       -1175.200   -1006.369           0.000       0.000             210               0
   92        -760.572   -1971.656           0.000       0.000              92               0
  201        -799.482     156.455           0.000       0.000             201               0
  243         611.906    -276.574           0.000       0.000             243               0
  202        -299.132    -745.303           0.000       0.000             202               0
  225         360.062      22.503           0.000       0.000             225               0
   32        -608.086      49.753           0.000       0.000              32               0
  106        -934.982     294.370           0.000       0.000             106               0
  186         566.542    -555.259           0.000       0.000             186               0
  254        -269.340    1174.598           0.000       0.000             254               0
  114         867.493   -1656.570           0.000       0.000             114               0
  249        1309.702    -850.627           0.000       0.000             249               0
  246        2355.843   -1617.950           0.000       0.000             246               0
  182        -575.638     341.479           0.000       0.000             182               0
