SINAL     NFT                         FFT                         NFT INVERSA     FFT INVERSA
-----     -----------------------     -----------------------     -----------     -----------
  189       35677.000       0.000           0.000       0.000             189               0
  208        -311.517    -821.696           0.000      -0.000             208               0
  110        -998.676    -426.972           0.000       0.000             110               0
   24         355.312    1763.256           0.000      -0.000              24               0
  209         878.293      24.790           0.000       0.000             209               0
   90        -419.228     371.028           0.000      -0.000              90               0
   66        -122.923     810.012           0.000       0.000              66               0
  123        -611.218     166.215           0.000      -0.000             123               0
  172        1508.295     311.329           0.000       0.000             172               0
  182         694.207    1094.978           0.000      -0.000             182               0
   30        2246.077    -129.298           0.000       0.000              30               0
  161        -355.880   -1692.416           0.000      -0.000             161               0
  227        -422.868    1028.997           0.000       0.000             227               0
   18       -1776.095    -118.132           0.000      -0.000              18               0
  105         -54.262    -524.410           0.000       0.000             105               0
   29          78.422    -108.115           0.000      -0.000              29               0
   84       -1076.208     951.079           0.000       0.000              84               0
   15         133.068   -1174.699           0.000      -0.000              15               0
   35         454.157    -606.162           0.000       0.000              35               0
  175        -957.347     804.969           0.000      -0.000             175               0
  150        1404.438    -141.941           0.000       0.000             150               0
   48         748.736    1463.920           0.000      -0.000              48               0
  216         492.633    -499.657           0.000       0.000             216               0
  148         441.274   -1233.198           0.000      -0.000             148               0
  106        1939.559     290.088           0.000       0.000             106               0
  229        1538.689    1783.028           0.000      -0.000             229               0
  155        -329.929    -214.963           0.000       0.000             155               0
  208        -704.825     364.888           0.000      -0.000             208               0
  134         760.249     727.549           0.000       0.000             134               0
  149        -610.991   -1474.783           0.000      -0.000             149               0
  248         232.328     631.664           0.000       0.000             248               0
   41         595.691    -373.818           0.000      -0.000              41               0
  225         204.843    -499.389           0.000       0.000             225               0
  113         409.204     427.719           0.000      -0.000             113               0
  203        -530.265    -621.823           0.000       0.000             203               0
  210        -183.177    1327.357           0.000      -0.000             210               0
  125         476.410     841.746           0.000       0.000             125               0
   19         447.328     -78.540           0.000      -0.000              19               0
  139        -244.607     113.547           0.000       0.000             139               0
   88         463.038     -89.711           0.000      -0.000              88               0
   21        -452.023    -285.595           0.000       0.000              21               0
  158          91.763    -623.782           0.000      -0.000             158               0
  132         450.237     -88.666           0.000       0.000             132               0
   48         196.246     404.134           0.000      -0.000              48               0
   75        1042.361    -556.251           0.000       0.000              75               0
   94         102.563    -126.749           0.000      -0.000              94               0
  187         892.786    -373.747           0.000       0.000             187               0
  115        -843.547    1681.468           0.000      -0.000             115               0
  235         544.595    -259.462           0.000       0.000             235               0
  180        -492.622     989.938           0.000      -0.000             180               0
  222       -1835.320    -359.605           0.000       0.000             222               0
  181         177.726    -685.610           0.000      -0.000             181               0
  129        1965.704   -1081.524           0.000       0.000             129               0
  202         173.208    1104.945           0.000      -0.000             202               0
  151        -690.241    -478.770           0.000       0.000             151               0
  240        -426.288     281.525           0.000      -0.000             240               0
  116         810.382   -1064.549           0.000       0.000             116               0
  175         957.218    -270.024           0.000      -0.000             175               0
  215         443.438     535.271           0.000       0.000             215               0
  206         637.017     519.206           0.000      -0.000             206               0
  150        1552.500     352.705           0.000       0.000             150               0
  174         946.790    1311.116           0.000      -0.000             174               0
  170        -694.308     810.404           0.000       0.000             170               0
  177         758.735     -70.456           0.000      -0.000             177               0
  179         242.968    -127.994           0.000       0.000             179               0
  236        -884.907    2028.929           0.000      -0.000             236               0
    9         720.392     -50.677           0.000       0.000               9               0
   71          52.371    -755.968           0.000      -0.000              71               0
   77        1309.833   -1183.080           0.000       0.000              77               0
  170         562.302    -321.530           0.000      -0.000             170               0
  243        -235.313    -485.920           0.000       0.000             243               0
  113        1281.856   -1258.823           0.000      -0.000             113               0
  237       -1061.222     789.269           0.000       0.000             237               0
  217         118.120    -276.661           0.000      -0.000             217               0
  226        -454.794    -767.499           0.000       0.000             226               0
  254        -733.696     575.257           0.000      -0.000             254               0
   59       -1237.331    -909.101           0.000       0.000              59               0
  253         703.324   -1048.053           0.000      -0.000             253               0
  232        -266.179    2217.727           0.000       0.000             232               0
   59        1283.823    1679.635           0.000      -0.000              59               0
  232       -1098.433     860.041           0.000       0.000             232               0
  217       -1774.221   -1356.834           0.000      -0.000             217               0
  112        1297.686     160.827           0.000       0.000             112               0
  178       -1715.547    -181.153           0.000      -0.000             178               0
  141        -347.436     326.245           0.000       0.000             141               0
  185       -1259.368    -103.021           0.000      -0.000             185               0
   48         123.787     756.982           0.000       0.000              48               0
  109        -838.203   -1086.128           0.000      -0.000             109               0
   46         511.784     101.175           0.000       0.000              46               0
  103         -82.689    -171.049           0.000      -0.000             103               0
  176        -694.192     -23.629           0.000       0.000             176               0
  239        -539.837     526.868           0.000      -0.000             239               0
  144          47.329     216.581           0.000       0.000             144               0
  134         710.461      89.050           0.000      -0.000             134               0
  199       -1090.540    -448.870           0.000       0.000             199               0
   26         -85.133     407.256           0.000      -0.000              26               0
    9        -838.756   -1927.497           0.000       0.000               9               0
  129        -926.463   -1410.263           0.000      -0.000             129               0
  107       -1657.906     438.768           0.000       0.000             107               0
  128        -834.932    -720.493           0.000      -0.000             128               0
  176        -985.893    -665.537           0.000       0.000             176               0
  245        -595.424     573.855           0.000      -0.000             245               0
  182         306.157     483.231           0.000       0.000             182               0
    0         -23.515      54.313           0.000      -0.000              -0               0
  197         115.423   -1157.377           0.000       0.000             197               0
  105        -814.714    1598.901           0.000      -0.000             105               0
  219         929.885    -959.006           0.000       0.000             219               0
  112        -262.540   -1324.445           0.000      -0.000             112               0
   96         299.660    -379.936           0.000       0.000              96               0
  189         783.581     361.847           0.000      -0.000             189               0
  104        -260.070    2042.955           0.000       0.000             104               0
   14         375.894     -12.608           0.000      -0.000              14               0
   61         465.971    -321.288           0.000       0.000              61               0
  121        1382.899   -1315.858           0.000      -0.000             121               0
   10         805.975     526.876           0.000       0.000              10               0
   28        -435.611    -481.004           0.000      -0.000              28               0
  187         233.175     157.973           0.000       0.000             187               0
   68         191.582     203.319           0.000      -0.000              68               0
  154         468.823     268.854           0.000       0.000             154               0
  217         -26.658      -6.319           0.000      -0.000             217               0
   44        -308.277    1499.008           0.000       0.000              44               0
  178         772.693     -57.313           0.000      -0.000             178               0
   43        -776.836     788.713           0.000       0.000              43               0
  197        -326.809    -620.584           0.000      -0.000             197               0
  190        -784.244    -409.970           0.000       0.000             190               0
  215         -60.192     410.311           0.000      -0.000             215               0
   98         687.385     334.192           0.000       0.000              98               0
  173         787.685     199.902           0.000      -0.000             173               0
  204          -7.000      -0.044           0.000       0.000             204               0
  243         787.715    -199.849           0.000       0.000             243               0
  234         687.357    -334.131           0.000       0.000             234               0
  123         -60.239    -410.328           0.000       0.000             123               0
   55        -784.368     409.829           0.000       0.000              55               0
  150        -326.912     620.424           0.000       0.000             150               0
  246        -776.638    -788.946           0.000       0.000             246               0
   16         772.734      57.355           0.000       0.000              16               0
   89        -308.018   -1499.087           0.000       0.000              89               0
  144         -26.604       6.357           0.000       0.000             144               0
   77         468.905    -268.765           0.000       0.000              77               0
  122         191.626    -203.263           0.000       0.000             122               0
  252         233.204    -157.892           0.000       0.000             252               0
  100        -435.633     480.941           0.000       0.000             100               0
   20         806.154    -526.705           0.000       0.000              20               0
  247        1382.662    1316.093           0.000       0.000             247               0
  146         465.832     321.254           0.000       0.000             146               0
  165         375.805      12.521           0.000       0.000             165               0
  208        -259.771   -2043.022           0.000       0.000             208               0
   45         783.598    -361.579           0.000       0.000              45               0
  127         299.493     380.111           0.000       0.000             127               0
   38        -262.827    1324.426           0.000       0.000              38               0
  160         929.616     959.033           0.000       0.000             160               0
  165        -814.562   -1599.069           0.000       0.000             165               0
  197         115.170    1157.419           0.000       0.000             197               0
  242         -23.591     -54.393           0.000       0.000             242               0
   76         306.103    -483.207           0.000       0.000              76               0
  186        -595.492    -573.891           0.000       0.000             186               0
  200        -986.119     665.447           0.000       0.000             200               0
  134        -835.141     720.344           0.000       0.000             134               0
   76       -1657.853    -439.004           0.000       0.000              76               0
  210        -926.641    1410.168           0.000       0.000             210               0
   97        -838.994    1927.226           0.000       0.000              97               0
   95         -85.003    -407.436           0.000       0.000              95               0
  189       -1090.518     448.578           0.000       0.000             189               0
  219         710.564     -89.057           0.000       0.000             219               0
   22          47.349    -216.674           0.000       0.000              22               0
   79        -539.758    -527.009           0.000       0.000              79               0
  207        -694.147      23.494           0.000       0.000             207               0
  207         -82.645     170.997           0.000       0.000             207               0
  177         511.795    -101.112           0.000       0.000             177               0
  207        -838.400    1085.896           0.000       0.000             207               0
  204         123.899    -757.072           0.000       0.000             204               0
  205       -1259.385     102.755           0.000       0.000             205               0
  246        -347.344    -326.353           0.000       0.000             246               0
   96       -1715.451     180.823           0.000       0.000              96               0
   52        1297.787    -160.643           0.000       0.000              52               0
   34       -1774.425    1356.401           0.000       0.000              34               0
   32       -1098.068    -860.448           0.000       0.000              32               0
  142        1284.260   -1679.518           0.000       0.000             142               0
   50        -265.748   -2217.636           0.000       0.000              50               0
   29         703.161    1048.346           0.000       0.000              29               0
  147       -1237.471     908.884           0.000       0.000             147               0
  182        -733.477    -575.381           0.000       0.000             182               0
  132        -454.764     767.438           0.000       0.000             132               0
  213         118.209     276.623           0.000       0.000             213               0
  254       -1060.888    -789.420           0.000       0.000             254               0
   67        1281.834    1259.071           0.000       0.000              67               0
   12        -235.264     485.822           0.000       0.000              12               0
  215         562.421     321.583           0.000       0.000             215               0
  241        1309.715    1183.208           0.000       0.000             241               0
   46          52.282     755.780           0.000       0.000              46               0
  172         720.405      50.539           0.000       0.000             172               0
  126        -884.505   -2029.200           0.000       0.000             126               0
  226         243.095     128.017           0.000       0.000             226               0
  243         758.807      70.473           0.000       0.000             243               0
   54        -694.042    -810.639           0.000       0.000              54               0
  100         947.202   -1310.979           0.000       0.000             100               0
   84        1552.635    -352.416           0.000       0.000              84               0
  232         637.110    -519.073           0.000       0.000             232               0
   14         443.557    -535.123           0.000       0.000              14               0
   38         957.181     270.274           0.000       0.000              38               0
  170         810.132    1064.672           0.000       0.000             170               0
  180        -426.304    -281.646           0.000       0.000             180               0
  174        -690.268     478.600           0.000       0.000             174               0
  224         173.527   -1104.905           0.000       0.000             224               0
  213        1965.521    1081.893           0.000       0.000             213               0
   18         177.449     685.558           0.000       0.000              18               0
  209       -1835.405     359.151           0.000       0.000             209               0
  215        -492.318    -990.115           0.000       0.000             215               0
    7         544.641     259.476           0.000       0.000               7               0
   78        -843.150   -1681.616           0.000       0.000              78               0
    7         892.860     373.969           0.000       0.000               7               0
  147         102.637     126.780           0.000       0.000             147               0
  123        1042.331     556.391           0.000       0.000             123               0
  241         196.333    -404.137           0.000       0.000             241               0
   31         450.242      88.753           0.000       0.000              31               0
   78          91.660     623.769           0.000       0.000              78               0
  232        -452.014     285.441           0.000       0.000             232               0
  124         463.092      89.697           0.000       0.000             124               0
   47        -244.519    -113.675           0.000       0.000              47               0
   32         447.399      78.505           0.000       0.000              32               0
   98         476.581    -841.765           0.000       0.000              98               0
   86        -182.932   -1327.352           0.000       0.000              86               0
  160        -530.272     621.780           0.000       0.000             160               0
  226         409.397    -427.642           0.000       0.000             226               0
   80         204.858     499.437           0.000       0.000              80               0
  140         595.701     373.861           0.000       0.000             140               0
  238         232.467    -631.632           0.000       0.000             238               0
  184        -611.141    1474.615           0.000       0.000             184               0
  110         760.469    -727.556           0.000       0.000             110               0
   46        -704.659    -365.056           0.000       0.000              46               0
  208        -329.720     214.811           0.000       0.000             208               0
  102        1539.220   -1782.792           0.000       0.000             102               0
  173        1939.669    -289.642           0.000       0.000             173               0
  236         441.066    1233.297           0.000       0.000             236               0
  239         492.594     499.610           0.000       0.000             239               0
   74         749.028   -1463.850           0.000       0.000              74               0
   92        1404.357     142.197           0.000       0.000              92               0
    4        -957.247    -805.083           0.000       0.000               4               0
  164         454.100     606.312           0.000       0.000             164               0
  172         132.856    1174.652           0.000       0.000             172               0
   29       -1075.994    -951.327           0.000       0.000              29               0
   29          78.518     108.150           0.000       0.000              29               0
  214         -54.295     524.371           0.000       0.000             214               0
  187       -1775.954     117.754           0.000       0.000             187               0
  178        -422.392   -1029.049           0.000       0.000             178               0
  164        -355.779    1692.337           0.000       0.000             164               0
  172        2246.359     129.497           0.000       0.000             172               0
  235         694.572   -1094.965           0.000       0.000             235               0
   95        1508.471    -311.106           0.000       0.000              95               0
  205        -611.051    -166.370           0.000       0.000             205               0
   14        -122.515    -810.062           0.000       0.000              14               0
  161        -418.775    -371.087           0.000       0.000             161               0
  221         878.759     -24.675           0.000       0.000             221               0
   10         356.124   -1763.134           0.000       0.000              10               0
  190        -997.867     426.952           0.000       0.000             190               0
  228        -309.740     821.670           0.000       0.000             228               0
