SINAL     NFT                         FFT                         NFT INVERSA     FFT INVERSA
-----     -----------------------     -----------------------     -----------     -----------
  180       31846.000       0.000           0.000       0.000             180               1
  133        -838.620     517.316         -15.616      22.518             133               0
  232         580.902   -1089.365           0.000       0.000             232              -0
  140         411.065   -1595.601         -66.546      24.736             140               0
   10        -605.105     561.824           0.000       0.000              10               0
  234       -1260.500      46.653          64.655      34.503             234              -0
  199         629.426    -395.613           0.000       0.000             199              -0
   30         286.444    -610.394         -15.463      19.321              30               0
  124        -709.193     620.940           0.000       0.000             124               0
  201         754.145   -2007.943          -1.976       2.325             201               0
   31        -444.145    -415.287           0.000       0.000              31              -0
  239        -465.948    -570.056         -18.776       4.949             239               0
  153        -210.243   -1140.419           0.000       0.000             153               0
  246        -549.055    -512.902          23.532      15.701             246              -0
  176        1656.783    -236.684           0.000       0.000             176              -0
   60         320.691    -840.848          -5.106       9.841              60               0
   33         111.083    1333.847           0.000       0.000              33               0
  139         296.674     732.076          -1.168       1.128             139               0
   36          38.170    -257.634           0.000       0.000              36              -0
  147         318.129    -779.350         -11.166       1.797             147               0
  221         542.279     697.010           0.000       0.000             221               0
   42        -151.104    -300.281          13.638      11.177              42              -0
  123        1311.474     918.118           0.000       0.000             123              -0
  184         268.900    -748.865          -5.833       4.908             184               0
    7        -549.323     533.527           0.000       0.000               7               0
  248         495.985    -823.286          -0.873       0.691             248               0
  220        -156.903    -985.716           0.000       0.000             220              -0
   43         -82.022   -1222.441          -8.018       0.493              43               0
  101        -126.892    -947.738           0.000       0.000             101               0
  209         491.700     164.346           9.126       9.114             209              -0
   71        -146.125     328.481           0.000       0.000              71              -0
  198        1077.541    -232.637          -2.722       4.670             198               0
  201         -85.512     566.743           0.000       0.000             201               0
  162        -109.995     -73.162          -0.718       0.462             162               0
  227       -1173.759     765.279           0.000       0.000             227              -0
  131        -805.226      77.398          -6.271      -0.231             131               0
   37        1071.708      47.892           0.000       0.000              37               0
   97        -778.551    -272.413           6.505       7.916              97              -0
  186         394.092    1002.886           0.000       0.000             186              -0
  162         734.435      92.721          -4.039       2.223             162               0
  207        1517.297    -137.249           0.000       0.000             207               0
   26        1393.575     578.049          -0.621       0.318              26               0
   57        -232.239   -1388.287           0.000       0.000              57              -0
  198         435.922     126.488          -5.142      -0.698             198               0
  255        -821.158    -679.165           0.000       0.000             255               0
   47        -104.896    1290.417           4.764       7.120              47              -0
   25        1289.968    -111.821           0.000       0.000              25              -0
   92        -649.648     575.567          -2.847       2.396              92               0
   74        -921.801    -649.259           0.000       0.000              74               0
  163        -270.020    -350.302          -0.553       0.218             163               0
  150        -797.451    -228.620           0.000       0.000             150              -0
   87        -257.277     203.205          -4.340      -1.031              87               0
   42         996.955     218.205           0.000       0.000              42               0
  161         670.501      28.072           3.503       6.543             161              -0
   64         280.811   -1141.917           0.000       0.000              64              -0
    5         994.014    -356.501          -3.239       1.026               5               0
  160       -2222.619     843.289           0.000       0.000             160               0
  255         698.590     631.497          -0.502       0.143             255               0
  107        -275.319     951.584           0.000       0.000             107              -0
   49         340.718    1111.852          -3.730      -1.283              49               0
  223        -574.595   -1501.660           0.000       0.000             223               0
   19       -1576.510     254.475           2.531       6.099              19              -0
   94        -748.945    -380.459           0.000       0.000              94              -0
   93        -238.419    -889.040          -2.147       1.899              93               0
   35       -2024.960    -803.107           0.000       0.000              35               0
   54         252.165    -937.396          -0.462       0.084              54               0
   79       -1629.719   -2365.243           0.000       0.000              79              -0
  117         996.733    -139.569          -3.243      -1.485             117               0
   59         384.979    -539.149           0.000       0.000              59               0
   33         160.250     704.330           1.745       5.739              33              -0
  222       -1322.497    -143.569           0.000       0.000             222              -0
   39        -412.387     245.477          -2.758       0.306              39               0
  159          48.796   -1193.108           0.000       0.000             159               0
  213         170.403    -629.988          -0.429       0.035             213               0
    7          37.105     764.494           0.000       0.000               7              -0
  132       -1606.623     522.554          -2.837      -1.653             132               0
   61        -703.908    2120.949           0.000       0.000              61               0
   17         683.802    -418.816           1.085       5.438              17              -0
  229         168.471     586.032           0.000       0.000             229              -0
   66       -1746.501     -73.711          -2.346       0.743              66               0
  161         -61.306    1283.135           0.000       0.000             161               0
    7           0.667     137.046          -0.401      -0.007               7               0
  112         606.634   -1257.706           0.000       0.000             112              -0
  188       -1147.493   -1128.362          -2.488      -1.798             188               0
    8       -1030.653    -211.935           0.000       0.000               8               0
  206        -480.509    -310.134           0.513       5.176             206              -0
  102        -569.447     178.082           0.000       0.000             102              -0
  218         542.587    1077.929          -2.415      -0.208             218               0
   74        1019.691     549.216           0.000       0.000              74               0
  173        2787.766     723.201          -0.376      -0.044             173               0
  237         927.550    1354.581           0.000       0.000             237              -0
  219         484.152     -39.974          -2.178      -1.926             219               0
   90         654.025   -2031.643           0.000       0.000              90               0
  199        1202.414     -84.886           0.003       4.943             199              -0
  235          26.369    -758.858           0.000       0.000             235              -0
  154        1262.568     736.686          -2.112       0.557             154               0
   17        -208.507    -797.285           0.000       0.000              17               0
   15        -132.988     268.322          -0.354      -0.077              15              -0
   14        -553.294     785.406           0.000       0.000              14              -0
  201        1598.520    -786.008          -1.897      -2.043             201               0
   54        -615.138    -930.499           0.000       0.000              54               0
  142        -148.747    1143.463          -0.463       4.730             142              -0
   23        -189.741     502.770           0.000       0.000              23              -0
  205          -3.599   -1564.068          -2.139      -0.620             205               0
   64       -1169.402   -1132.163           0.000       0.000              64               0
   68        1033.535    -263.376          -0.333      -0.107              68              -0
  142        1007.584     -87.053           0.000       0.000             142              -0
  242        -653.963    -945.004          -1.636      -2.151             242               0
  106         643.527     594.117           0.000       0.000             106               0
   17         238.443     753.348          -0.898       4.531              17              -0
  128        -770.722    -293.857           0.000       0.000             128              -0
  131        -244.212     209.255          -2.067      -0.178             131               0
  249        1112.074    -841.712           0.000       0.000             249               0
  144        -272.042     -90.623          -0.314      -0.136             144              -0
  232         501.328    1378.335           0.000       0.000             232              -0
  113         754.726   -1278.833          -1.388      -2.253             113               0
  113         510.722    -364.603           0.000       0.000             113               0
  155         917.986   -1524.412          -1.314       4.341             155              -0
  225         719.092     240.001           0.000       0.000             225              -0
   69         832.003     130.746          -1.896      -0.984              69               0
   12         176.818     840.398           0.000       0.000              12               0
  231         314.583     228.143          -0.295      -0.164             231              -0
  123         592.154   -1928.154           0.000       0.000             123              -0
  131         580.368    1523.965          -1.148      -2.353             131               0
  220        -804.328    -279.926           0.000       0.000             220               0
  226        -337.882   -2916.112          -1.718       4.156             226              -0
  222        1058.319     791.165           0.000       0.000             222              -0
  132        -261.698     139.803           0.000       0.000             132               0
   36        -520.000      -0.021           0.000       0.000              36               0
  183        -261.603    -139.793          -0.276      -0.192             183              -0
  178        1058.463    -790.809           0.000       0.000             178              -0
   28        -338.415    2916.116          -0.911      -2.451              28               0
   47        -804.305     279.632           0.000       0.000              47               0
   17         580.731   -1523.845          -2.120       3.972              17              -0
  254         591.876    1928.271           0.000       0.000             254              -0
  146         314.649    -228.210          -1.664      -1.332             146               0
   18         177.015    -840.383           0.000       0.000              18               0
  176         832.077    -130.551          -0.258      -0.219             176              -0
   74         719.148    -239.775           0.000       0.000              74              -0
   38         917.711    1524.612          -0.672      -2.550              38               0
  202         510.622     364.650           0.000       0.000             202               0
  187         754.458    1278.838          -2.526       3.786             187              -0
  150         501.468   -1378.336           0.000       0.000             150              -0
   88        -272.099      90.625          -1.832      -0.951              88               0
  120        1111.865     841.871           0.000       0.000             120               0
  121        -244.299    -209.353          -0.239      -0.247             121              -0
   46        -770.790     293.670           0.000       0.000              46              -0
  188         238.603    -753.341          -0.427      -2.652             188               0
  206         643.594    -593.928           0.000       0.000             206               0
  168        -654.116     944.954          -2.946       3.594             168              -0
  227        1007.594      87.228           0.000       0.000             227              -0
   68        1033.366     263.596          -1.423      -1.692              68               0
   97       -1169.683    1131.983           0.000       0.000              97               0
   94          -3.856    1563.931          -0.219      -0.277              94              -0
  214        -189.660    -502.980           0.000       0.000             214              -0
    6        -148.544   -1143.495          -0.169      -2.758               6               0
  189        -615.203     930.422           0.000       0.000             189               0
   69        1598.412     786.167          -3.388       3.392              69              -0
  170        -553.207    -785.589           0.000       0.000             170              -0
   66        -132.900    -268.331          -1.868      -1.089              66               0
   72        -208.537     797.215           0.000       0.000              72               0
   92        1262.757    -736.495          -0.198      -0.308              92              -0
  205          26.281     758.874           0.000       0.000             205              -0
   89        1202.438      85.087           0.106      -2.872              89               0
  173         653.671    2031.640           0.000       0.000             173               0
   15         484.160      39.793          -3.863       3.175              15              -0
  197         927.828   -1354.587           0.000       0.000             197              -0
  186        2787.791    -722.785          -1.153      -2.096             186               0
  159        1019.523    -549.080           0.000       0.000             159               0
   44         542.487   -1077.808          -0.175      -0.342              44              -0
  110        -569.663    -178.086           0.000       0.000             110              -0
  117        -480.746     310.118           0.407      -2.997             117               0
  205       -1030.817     211.817           0.000       0.000             205               0
  251       -1147.688    1128.178          -4.387       2.936             251              -0
  112         606.412    1257.674           0.000       0.000             112              -0
  160           0.592    -137.248          -1.559      -1.852             160               0
  241         -61.228   -1283.234           0.000       0.000             241               0
  195       -1746.551      73.386          -0.150      -0.379             195              -0
  176         168.617    -586.046           0.000       0.000             176              -0
  211         683.654     418.833           0.745      -3.137             211               0
   99        -703.685   -2121.104           0.000       0.000              99               0
  203       -1606.533    -522.722          -4.978       2.665             203              -0
   69          37.302    -764.345           0.000       0.000              69              -0
  193         170.300     630.167          -0.821      -2.592             193               0
  107          48.548    1193.133           0.000       0.000             107               0
  251        -412.413    -245.570          -0.120      -0.423             251              -0
   63       -1322.494     143.354           0.000       0.000              63              -0
  255         160.450    -704.234           1.135      -3.298             255               0
   25         384.907     539.329           0.000       0.000              25               0
  144         996.590     139.875          -5.665       2.351             144              -0
  165       -1630.214    2365.022           0.000       0.000             165              -0
  115         251.944     937.349          -1.853      -2.095             115               0
   93       -2025.120     802.678           0.000       0.000              93               0
  205        -238.512     888.875          -0.086      -0.474             205              -0
    5        -749.003     380.180           0.000       0.000               5              -0
  174       -1576.378    -254.834           1.599      -3.491             174               0
    6        -574.667    1501.390           0.000       0.000               6               0
  112         341.033   -1112.014          -6.491       1.974             112              -0
   26        -275.065    -951.712           0.000       0.000              26              -0
  208         698.713    -631.404          -0.363      -3.278             208               0
  142       -2222.361    -843.612           0.000       0.000             142               0
  117         994.163     356.750          -0.043      -0.536             117              -0
   77         280.726    1141.934           0.000       0.000              77              -0
  131         670.586     -28.056           2.173      -3.729             131               0
  185         996.973    -218.095           0.000       0.000             185               0
   57        -257.310    -203.264          -7.523       1.502              57              -0
  148        -797.481     228.480           0.000       0.000             148              -0
  212        -270.033     350.225          -1.083      -3.420             212               0
   65        -921.824     649.007           0.000       0.000              65               0
    6        -649.360    -575.771           0.011      -0.617               6              -0
  219        1290.074     111.961           0.000       0.000             219              -0
   74        -104.657   -1290.434           2.918      -4.037              74               0
   48        -821.155     679.069           0.000       0.000              48               0
   78         436.099    -126.405          -8.881       0.881              78              -0
   27        -232.293    1388.182           0.000       0.000              27              -0
  199        1393.840    -577.929           0.378      -4.387             199               0
    1        1517.302     137.438           0.000       0.000               1               0
  142         734.399     -92.694           0.084      -0.725             142              -0
  201         394.185   -1002.848           0.000       0.000             201              -0
   72        -778.594     272.289           3.946      -4.463              72               0
  122        1071.700     -47.752           0.000       0.000             122               0
  205        -805.278     -77.586         -10.792       0.007             205              -0
  213       -1173.558    -765.486           0.000       0.000             213              -0
  107        -109.867      73.157          -1.298      -4.926             107               0
   97         -85.267    -566.731           0.000       0.000              97               0
   77        1077.590     232.855           0.192      -0.885              77              -0
   60        -146.025    -328.467           0.000       0.000              60              -0
   56         491.780    -164.158           5.495      -5.104              56               0
   68        -127.012     947.814           0.000       0.000              68               0
  145         -82.157    1222.433         -13.749      -1.345             145               0
  179        -156.967     985.618           0.000       0.000             179              -0
    4         495.928     823.228           1.958      -6.752               4               0
  234        -549.129    -533.723           0.000       0.000             234               0
   87         268.948     748.810           0.370      -1.149              87              -0
   69        1311.713    -917.983           0.000       0.000              69              -0
    6        -151.103     300.217           8.160      -6.208               6               0
  112         542.478    -696.930           0.000       0.000             112               0
  231         318.055     779.393         -19.078      -3.782             231               0
  238          38.202     257.537           0.000       0.000             238              -0
  153         296.886    -732.110           0.841      -9.762             153               0
   24         111.408   -1333.756           0.000       0.000              24               0
  205         320.685     841.007           0.732      -1.685             205              -0
  243        1656.770     237.001           0.000       0.000             243              -0
   13        -549.162     512.861          14.004      -8.629              13               0
   37        -210.369    1140.382           0.000       0.000              37               0
  206        -465.933     569.930         -31.960      -9.672             206               0
   42        -444.027     415.199           0.000       0.000              42              -0
   57         753.971    2007.945           8.871     -17.098              57               0
   73        -708.913    -621.214           0.000       0.000              73               0
   82         286.591     610.363           1.907      -3.424              82              -0
  135         629.548     395.594           0.000       0.000             135              -0
   29       -1260.222     -46.983          38.296     -18.691              29               0
    6        -604.528    -561.942           0.000       0.000               6               0
   46         411.413    1595.628        -112.830     -46.647              46               0
  222         581.515    1089.250           0.000       0.000             222              -0
   26        -836.879    -517.662           0.000       0.000              26               0
