SINAL     NFT                         FFT                         NFT INVERSA     FFT INVERSA
-----     -----------------------     -----------------------     -----------     -----------
   19       33296.000       0.000           0.000       0.000              19               1
  117        -338.708     608.499         -15.616      22.518             117               0
   50         577.472     212.549           0.000       0.000              50              -0
  218         490.101    -598.047         -66.546      24.736             218               0
   10        1220.525    -165.319           0.000       0.000              10               0
  197        -726.258    1043.227          64.655      34.503             197              -0
  220        -577.929    -669.920           0.000       0.000             220              -0
  153       -1232.134    -692.262         -15.463      19.321             153               0
   88         122.478     637.330           0.000       0.000              88               0
  168         -17.814    1044.591          -1.976       2.325             168               0
    9         524.193     980.434           0.000       0.000               9              -0
   28        1196.301    1204.525         -18.776       4.949              28               0
    7         194.127     -79.467           0.000       0.000               7               0
  215         754.821    -933.239          23.532      15.701             215              -0
  150        -864.074    2318.148           0.000       0.000             150              -0
  181       -1217.818     103.784          -5.106       9.841             181               0
  230         521.270   -1371.936           0.000       0.000             230               0
  152         114.256    -132.927          -1.168       1.128             152               0
  208        -523.457     386.123           0.000       0.000             208              -0
  245        -838.585     195.195         -11.166       1.797             245               0
   78        -417.412    -456.544           0.000       0.000              78               0
  163         642.357   -1937.761          13.638      11.177             163              -0
   36       -1434.365      29.182           0.000       0.000              36              -0
  195        -812.245    -875.294          -5.833       4.908             195               0
  148       -1143.500     502.820           0.000       0.000             148               0
  134        -974.722     706.679          -0.873       0.691             134               0
  134        -399.736     920.098           0.000       0.000             134              -0
  251        -256.007    1288.367          -8.018       0.493             251               0
  234         152.166    -210.549           0.000       0.000             234               0
   82        -703.152     255.336           9.126       9.114              82              -0
   20        2484.630    1174.114           0.000       0.000              20              -0
    7        -264.237     -79.057          -2.722       4.670               7               0
  104       -1433.187     220.071           0.000       0.000             104               0
   69         -75.313    1802.671          -0.718       0.462              69               0
   96        -599.792    -623.376           0.000       0.000              96              -0
   36         303.991    -972.591          -6.271      -0.231              36               0
   70        -325.043     100.944           0.000       0.000              70               0
  149        1297.389     165.599           6.505       7.916             149              -0
   57         446.521     807.884           0.000       0.000              57              -0
  243         244.006    -396.831          -4.039       2.223             243               0
   17          -1.012     248.546           0.000       0.000              17               0
   15         175.908   -1046.343          -0.621       0.318              15               0
  192         -60.062    -527.030           0.000       0.000             192              -0
   40        -340.310     552.714          -5.142      -0.698              40               0
  141         533.734    -546.101           0.000       0.000             141               0
  130        -186.258    1370.982           4.764       7.120             130              -0
  184        -248.224      23.858           0.000       0.000             184              -0
  102         318.414    1108.025          -2.847       2.396             102               0
  189        -253.316   -1599.437           0.000       0.000             189               0
  117       -1537.002     464.841          -0.553       0.218             117               0
  223        -217.942    -812.283           0.000       0.000             223              -0
  202         269.805     917.006          -4.340      -1.031             202               0
   45        -225.557    1163.977           0.000       0.000              45               0
  229        -538.807    1647.566           3.503       6.543             229              -0
   87        -537.128     164.095           0.000       0.000              87              -0
   63          78.031     415.543          -3.239       1.026              63               0
   29        -221.459      81.894           0.000       0.000              29               0
   68       -1473.558   -2087.327          -0.502       0.143              68               0
   77         498.362    -661.044           0.000       0.000              77              -0
   73        -738.792     180.130          -3.730      -1.283              73               0
  195        -350.831   -1359.349           0.000       0.000             195               0
  147        -102.027    -223.927           2.531       6.099             147              -0
   95          47.893    1149.733           0.000       0.000              95              -0
  115         -47.487     354.243          -2.147       1.899             115               0
   31       -1300.011    -232.076           0.000       0.000              31               0
  238       -2229.983     -81.659          -0.462       0.084             238               0
  163        1350.591    -481.352           0.000       0.000             163              -0
  109       -1133.655   -1768.478          -3.243      -1.485             109               0
  165         752.940    -436.566           0.000       0.000             165               0
  203       -1034.556    -640.936           1.745       5.739             203              -0
  112        -629.628    -141.997           0.000       0.000             112              -0
   42        -546.333     977.635          -2.758       0.306              42               0
    3        1065.733    -939.973           0.000       0.000               3               0
   97        -543.033    -315.584          -0.429       0.035              97               0
   87        1575.776    1017.368           0.000       0.000              87              -0
  144        -544.871     485.173          -2.837      -1.653             144               0
  245        -182.798    -382.507           0.000       0.000             245               0
   94         231.841    1514.749           1.085       5.438              94              -0
  174        1039.965    -700.078           0.000       0.000             174              -0
   31         584.188     502.472          -2.346       0.743              31               0
    6         497.438    1640.074           0.000       0.000               6               0
  114        -651.655     718.156          -0.401      -0.007             114               0
  228         -93.357   -1025.689           0.000       0.000             228              -0
  221        -140.264      22.109          -2.488      -1.798             221               0
   22         710.811    -537.678           0.000       0.000              22               0
  245        2046.900     811.888           0.513       5.176             245              -0
  242         474.868     555.260           0.000       0.000             242              -0
  104        -498.507    -804.510          -2.415      -0.208             104               0
   94         484.483    -848.530           0.000       0.000              94               0
  156        -421.278    1747.808          -0.376      -0.044             156               0
  146        -876.035    1494.597           0.000       0.000             146              -0
  102        -213.334    -528.315          -2.178      -1.926             102               0
  162        -616.682    -379.983           0.000       0.000             162               0
  227         605.124   -1081.495           0.003       4.943             227              -0
  121        -348.448     209.834           0.000       0.000             121              -0
   24        -100.298     702.779          -2.112       0.557              24               0
  142        -960.743    -718.006           0.000       0.000             142               0
  119        1471.840    -391.930          -0.354      -0.077             119              -0
   86        1259.217    -905.014           0.000       0.000              86              -0
  114         871.107    -987.272          -1.897      -2.043             114               0
  194          49.946    -316.647           0.000       0.000             194               0
  220        -816.793     879.455          -0.463       4.730             220              -0
  157         -47.173    -761.822           0.000       0.000             157              -0
  158        -905.699   -1752.128          -2.139      -0.620             158               0
   43         477.301     817.812           0.000       0.000              43               0
  136         274.526     374.290          -0.333      -0.107             136              -0
   59        -775.620    -420.253           0.000       0.000              59              -0
   24         350.666    -625.474          -1.636      -2.151              24               0
  217        -968.701     811.412           0.000       0.000             217               0
   27        -814.790    1047.418          -0.898       4.531              27              -0
  197        -851.586     566.479           0.000       0.000             197              -0
   84         737.816    -729.589          -2.067      -0.178              84               0
  149        1790.581   -1412.340           0.000       0.000             149               0
  205       -1167.445    -145.632          -0.314      -0.136             205              -0
   91        -759.666     311.912           0.000       0.000              91              -0
   81        -546.976   -1453.496          -1.388      -2.253              81               0
   64        -310.764     909.449           0.000       0.000              64               0
  125        -272.680   -1273.248          -1.314       4.341             125              -0
  131         283.691     639.529           0.000       0.000             131              -0
  238        -903.511   -1588.265          -1.896      -0.984             238               0
   87          15.924     443.425           0.000       0.000              87               0
  185          46.016    -351.042          -0.295      -0.164             185              -0
   32        -119.762    -388.885           0.000       0.000              32              -0
  207        -203.216   -1014.260          -1.148      -2.353             207               0
  226        -904.420   -1128.079           0.000       0.000             226               0
  254         -61.054    -812.120          -1.718       4.156             254              -0
   41        -535.390    -670.163           0.000       0.000              41              -0
   99         -54.169    -851.259           0.000       0.000              99               0
  224        -268.000       0.101           0.000       0.000             224               0
  186         -54.325     851.449          -0.276      -0.192             186              -0
   86        -535.510     670.212           0.000       0.000              86              -0
   65         -61.202     812.226          -0.911      -2.451              65               0
  252        -904.597    1127.993           0.000       0.000             252               0
   13        -203.331    1014.220          -2.120       3.972              13              -0
  143        -119.788     388.836           0.000       0.000             143              -0
  240          45.973     351.026          -1.664      -1.332             240               0
  184          15.973    -443.372           0.000       0.000             184               0
   72        -903.759    1588.119          -0.258      -0.219              72              -0
  173         283.830    -639.496           0.000       0.000             173              -0
  241        -272.906    1273.189          -0.672      -2.550             241               0
  164        -310.619    -909.494           0.000       0.000             164               0
  134        -547.215    1453.417          -2.526       3.786             134              -0
   39        -759.571    -312.081           0.000       0.000              39              -0
  110       -1167.297     145.482          -1.832      -0.951             110               0
   77        1790.460    1412.618           0.000       0.000              77               0
  241         737.597     729.560          -0.239      -0.247             241              -0
  234        -851.581    -566.770           0.000       0.000             234              -0
  195        -814.616   -1047.596          -0.427      -2.652             195               0
   58        -968.482    -811.495           0.000       0.000              58               0
   57         350.633     625.609          -2.946       3.594              57              -0
   67        -775.623     420.108           0.000       0.000              67              -0
  115         274.683    -374.256          -1.423      -1.692             115               0
   59         477.442    -817.614           0.000       0.000              59               0
   92        -905.970    1752.058          -0.219      -0.277              92              -0
  130         -47.232     761.726           0.000       0.000             130              -0
  126        -816.537    -879.612          -0.169      -2.758             126               0
  116          50.070     316.734           0.000       0.000             116               0
   18         871.084     987.445          -3.388       3.392              18              -0
  218        1259.115     905.173           0.000       0.000             218              -0
  197        1471.668     392.098          -1.868      -1.089             197               0
  241        -960.965     717.727           0.000       0.000             241               0
   84        -100.183    -702.888          -0.198      -0.308              84              -0
  194        -348.390    -209.877           0.000       0.000             194              -0
  226         604.931    1081.564           0.106      -2.872             226               0
   78        -616.778     379.761           0.000       0.000              78               0
   52        -213.419     528.090          -3.863       3.175              52              -0
   97        -875.740   -1494.899           0.000       0.000              97              -0
   61        -420.862   -1747.813          -1.153      -2.096              61               0
   62         484.436     848.708           0.000       0.000              62               0
  207        -498.533     804.362          -0.175      -0.342             207              -0
   30         475.136    -555.272           0.000       0.000              30              -0
   65        2047.079    -811.530           0.407      -2.997              65               0
  215         710.621     537.817           0.000       0.000             215               0
    8        -140.338     -22.151          -4.387       2.936               8              -0
   31         -93.565    1025.572           0.000       0.000              31              -0
  127        -651.497    -718.431          -1.559      -1.852             127               0
  154         497.787   -1640.018           0.000       0.000             154               0
  193         584.304    -502.292          -0.150      -0.379             193              -0
  179        1039.807     700.239           0.000       0.000             179              -0
  120         232.000   -1514.704           0.745      -3.137             120               0
  226        -182.929     382.532           0.000       0.000             226               0
  218        -544.761    -485.263          -4.978       2.665             218              -0
  209        1575.911   -1017.010           0.000       0.000             209              -0
   99        -543.171     315.629          -0.821      -2.592              99               0
  109        1065.477     940.169           0.000       0.000             109               0
  188        -546.324    -977.695          -0.120      -0.423             188              -0
  155        -629.743     142.018           0.000       0.000             155              -0
  185       -1034.662     640.856           1.135      -3.298             185               0
    0         752.836     436.776           0.000       0.000              -0               0
  104       -1133.985    1768.282          -5.665       2.351             104              -0
  201        1350.402     481.470           0.000       0.000             201              -0
   36       -2230.125      81.201          -1.853      -2.095              36               0
  210       -1299.968     231.773           0.000       0.000             210               0
  104         -47.332    -354.335          -0.086      -0.474             104              -0
  245          48.118   -1149.694           0.000       0.000             245              -0
  246        -102.069     224.027           1.599      -3.491             246               0
  225        -351.072    1359.301           0.000       0.000             225               0
  182        -738.730    -180.277          -6.491       1.974             182              -0
  197         498.238     661.160           0.000       0.000             197              -0
  225       -1473.905    2086.959          -0.363      -3.278             225               0
   20        -221.358     -82.162           0.000       0.000              20               0
  247          78.134    -415.696          -0.043      -0.536             247              -0
   41        -537.082    -164.355           0.000       0.000              41              -0
   16        -538.472   -1647.765           2.173      -3.729              16               0
  200        -225.284   -1163.993           0.000       0.000             200               0
    2         269.992    -916.850          -7.523       1.502               2              -0
  125        -218.105     812.314           0.000       0.000             125              -0
  236       -1536.863    -465.059          -1.083      -3.420             236               0
   32        -253.429    1599.344           0.000       0.000              32               0
   21         318.699   -1108.073           0.011      -0.617              21              -0
  193        -248.148     -23.935           0.000       0.000             193              -0
  123        -185.924   -1370.981           2.918      -4.037             123               0
   97         533.711     546.254           0.000       0.000              97               0
  108        -340.167    -552.725          -8.881       0.881             108              -0
  210         -60.062     527.092           0.000       0.000             210              -0
  178         175.813    1046.336           0.378      -4.387             178               0
    2          -0.890    -248.615           0.000       0.000               2               0
  121         244.030     396.799           0.084      -0.725             121              -0
    0         446.739    -807.862           0.000       0.000               0              -0
    1        1297.402    -165.369           3.946      -4.463               1               0
  171        -325.079    -100.967           0.000       0.000             171               0
  133         303.794     972.613         -10.792       0.007             133              -0
  244        -599.922     623.101           0.000       0.000             244              -0
   95         -75.022   -1802.785          -1.298      -4.926              95               0
   40       -1433.081    -220.293           0.000       0.000              40               0
   35        -264.039      78.961           0.192      -0.885              35              -0
  225        2484.857   -1173.722           0.000       0.000             225              -0
  182        -703.199    -255.417           5.495      -5.104             182               0
   52         152.107     210.535           0.000       0.000              52               0
  146        -255.839   -1288.439         -13.749      -1.345             146               0
  237        -399.630    -920.096           0.000       0.000             237              -0
  149        -974.625    -706.725           1.958      -6.752             149               0
  188       -1143.368    -502.837           0.000       0.000             188               0
   51        -812.304     875.295           0.370      -1.149              51              -0
  130       -1434.182     -29.305           0.000       0.000             130              -0
  235         642.199    1937.902           8.160      -6.208             235               0
  164        -417.411     456.371           0.000       0.000             164               0
   48        -838.422    -195.411         -19.078      -3.782              48               0
  216        -523.199    -386.220           0.000       0.000             216              -0
  100         114.427     132.981           0.841      -9.762             100               0
   74         521.144    1371.949           0.000       0.000              74               0
   80       -1217.674    -104.187           0.732      -1.685              80              -0
   74        -863.406   -2318.309           0.000       0.000              74              -0
  121         754.944     933.417          14.004      -8.629             121               0
  155         194.353      79.396           0.000       0.000             155               0
  115        1196.697   -1204.396         -31.960      -9.672             115               0
  242         524.474    -980.329           0.000       0.000             242              -0
   31         -17.508   -1044.510           8.871     -17.098              31               0
  150         122.721    -637.151           0.000       0.000             150               0
  246       -1232.029     692.179           1.907      -3.424             246              -0
  249        -577.680     669.816           0.000       0.000             249              -0
   67        -725.585   -1043.324          38.296     -18.691              67               0
  154        1221.050     165.623           0.000       0.000             154               0
  204         490.594     598.154        -112.830     -46.647             204               0
  188         578.352    -212.464           0.000       0.000             188              -0
  128        -336.870    -608.505           0.000       0.000             128               0
