SINAL     NFT                         FFT                         NFT INVERSA     FFT INVERSA
-----     -----------------------     -----------------------     -----------     -----------
  171       31702.000       0.000           0.000       0.000             171               0
  182       -1325.788   -1913.546           0.000      -0.000             182               0
   12        -172.092     312.925           0.000       0.000              12               0
   72       -2064.099    -693.832           0.000      -0.000              72               0
  242        -125.963    -269.914           0.000       0.000             242               0
  107         815.803     576.901           0.000      -0.000             107               0
   93         434.022      80.296           0.000       0.000              93               0
   87       -1310.349     385.957           0.000      -0.000              87               0
  205          33.764   -1214.037           0.000       0.000             205               0
  188        1502.601   -1068.258           0.000      -0.000             188               0
   69        -325.421    -215.302           0.000       0.000              69               0
   38         323.815     270.813           0.000      -0.000              38               0
   68        -280.110    -389.834           0.000       0.000              68               0
   13         729.354     532.904           0.000      -0.000              13               0
   97          33.560    -639.519           0.000       0.000              97               0
  245       -1223.851    1122.010           0.000      -0.000             245               0
   38        1558.133    -989.350           0.000       0.000              38               0
   25        -655.086    -937.904           0.000      -0.000              25               0
  246        -589.407    -998.521           0.000       0.000             246               0
  147         -86.029    -254.287           0.000      -0.000             147               0
  156       -1054.872     780.011           0.000       0.000             156               0
   86        -549.850     -96.581           0.000      -0.000              86               0
    5       -1168.587    -992.191           0.000       0.000               5               0
  240         922.886       1.002           0.000      -0.000             240               0
   27         315.254   -1350.172           0.000       0.000              27               0
   99         868.726     371.123           0.000      -0.000              99               0
  153        -460.698     840.132           0.000       0.000             153               0
  131        1002.981     962.470           0.000      -0.000             131               0
   21         398.750     356.398           0.000       0.000              21               0
  181         151.529     -42.987           0.000      -0.000             181               0
  184         705.649   -1083.563           0.000       0.000             184               0
  109        1429.789    1048.694           0.000      -0.000             109               0
  241       -2209.510     915.068           0.000       0.000             241               0
   93         -63.843    -174.526           0.000      -0.000              93               0
  155         697.071    -893.216           0.000       0.000             155               0
  170         711.756    -792.770           0.000      -0.000             170               0
  219         296.474    -974.240           0.000       0.000             219               0
  219         166.360     420.436           0.000      -0.000             219               0
  155          15.567     591.853           0.000       0.000             155               0
    2         264.063     250.516           0.000      -0.000               2               0
  193        -417.242    -697.399           0.000       0.000             193               0
   89        -851.804    -878.923           0.000      -0.000              89               0
   53        1809.640     633.361           0.000       0.000              53               0
  211        -188.141   -1060.529           0.000      -0.000             211               0
  106         129.196     173.773           0.000       0.000             106               0
  187        -551.822    -963.563           0.000      -0.000             187               0
  247        -113.291     854.970           0.000       0.000             247               0
  222        -505.334     164.481           0.000      -0.000             222               0
   46         560.186    1007.792           0.000       0.000              46               0
  137        -643.380     364.869           0.000      -0.000             137               0
  165        -149.687     689.896           0.000       0.000             165               0
   44        1310.744      43.801           0.000      -0.000              44               0
  222        1264.637   -1348.630           0.000       0.000             222               0
  137         108.358     155.025           0.000      -0.000             137               0
  131        1640.568    1571.503           0.000       0.000             131               0
  152        1527.559     986.875           0.000      -0.000             152               0
  189         -46.805     -69.185           0.000       0.000             189               0
   45        2022.997    -773.109           0.000      -0.000              45               0
   38        -619.622     356.795           0.000       0.000              38               0
  248         392.044      57.458           0.000      -0.000             248               0
  206         735.011      -0.384           0.000       0.000             206               0
  216        -378.573    -892.990           0.000      -0.000             216               0
   76        -172.884     613.181           0.000       0.000              76               0
  119        1059.140     479.847           0.000      -0.000             119               0
  153         400.977      79.006           0.000       0.000             153               0
  233         -42.241     347.782           0.000      -0.000             233               0
  200        1127.868     341.749           0.000       0.000             200               0
   90        1751.203     835.687           0.000      -0.000              90               0
  113        -956.075    1502.404           0.000       0.000             113               0
   45         369.128    -659.348           0.000      -0.000              45               0
  156         199.583    -517.663           0.000       0.000             156               0
    2        -244.360   -1694.120           0.000      -0.000               2               0
    8         331.812   -1331.062           0.000       0.000               8               0
  177         893.883     465.243           0.000      -0.000             177               0
  113       -1110.138    -472.285           0.000       0.000             113               0
   87       -1881.656    -954.151           0.000      -0.000              87               0
  153         170.653     901.356           0.000       0.000             153               0
  140         697.709     556.952           0.000      -0.000             140               0
  168        -886.155    -930.859           0.000       0.000             168               0
   21        -388.013    -748.453           0.000      -0.000              21               0
  232         255.182   -1618.961           0.000       0.000             232               0
  162         -75.802    1097.815           0.000      -0.000             162               0
   17        -297.416    1160.894           0.000       0.000              17               0
   93         234.590    -429.771           0.000      -0.000              93               0
  193         118.235     -27.632           0.000       0.000             193               0
  186       -1393.248    -244.083           0.000      -0.000             186               0
  197         521.138     575.455           0.000       0.000             197               0
   41        -444.924     461.634           0.000      -0.000              41               0
   77        1765.921    -904.349           0.000       0.000              77               0
   82        1107.195    -596.950           0.000      -0.000              82               0
  254       -1424.489    -544.630           0.000       0.000             254               0
  121       -1110.156   -2458.699           0.000      -0.000             121               0
   97        -740.977   -1905.398           0.000       0.000              97               0
  187         692.069   -1079.717           0.000      -0.000             187               0
  208         -54.354     821.206           0.000       0.000             208               0
  146         361.541    1129.979           0.000      -0.000             146               0
  186        -502.484    -630.901           0.000       0.000             186               0
  204         460.999      35.790           0.000      -0.000             204               0
  225         271.005    1219.838           0.000       0.000             225               0
  152        -493.953    -928.536           0.000      -0.000             152               0
  240         616.055     445.397           0.000       0.000             240               0
   14        -604.022     832.577           0.000      -0.000              14               0
  173         796.229    -122.317           0.000       0.000             173               0
   18        -248.828   -1258.833           0.000      -0.000              18               0
  195         742.788    -154.382           0.000       0.000             195               0
   13        -202.160     829.642           0.000      -0.000              13               0
   46       -1293.853   -1456.868           0.000       0.000              46               0
   86        -597.591     559.575           0.000      -0.000              86               0
  175         253.424     773.564           0.000       0.000             175               0
  145        -394.467     -96.765           0.000      -0.000             145               0
  255         -36.534    -429.911           0.000       0.000             255               0
  137         263.432    1004.529           0.000      -0.000             137               0
  166       -1441.503    1283.722           0.000       0.000             166               0
  198        1531.980    -234.243           0.000      -0.000             198               0
  147        -394.041    -477.218           0.000       0.000             147               0
  201          93.541   -1591.796           0.000      -0.000             201               0
  242         -73.009    -346.353           0.000       0.000             242               0
  108         286.550    -248.629           0.000      -0.000             108               0
   77         940.682    1475.935           0.000       0.000              77               0
  117         213.188     622.514           0.000      -0.000             117               0
   50        -429.567    1998.705           0.000       0.000              50               0
  194         506.684     131.997           0.000      -0.000             194               0
  199        -729.940     808.265           0.000       0.000             199               0
  213         564.526    -624.989           0.000      -0.000             213               0
    8       -1007.536     219.474           0.000       0.000               8               0
  134         423.435     546.829           0.000      -0.000             134               0
   71        -314.424   -1041.952           0.000       0.000              71               0
  188        -523.136    1642.336           0.000      -0.000             188               0
   66        -448.000      -0.137           0.000       0.000              66               0
  126        -522.834   -1642.477           0.000       0.000             126               0
  147        -314.539    1041.872           0.000       0.000             147               0
  237         423.535    -546.857           0.000       0.000             237               0
  203       -1007.465    -219.681           0.000       0.000             203               0
  231         564.469     624.979           0.000       0.000             231               0
  218        -729.763    -808.515           0.000       0.000             218               0
  110         506.760    -132.038           0.000       0.000             110               0
  101        -429.186   -1998.832           0.000       0.000             101               0
   10         213.383    -622.434           0.000       0.000              10               0
  229         940.954   -1475.661           0.000       0.000             229               0
  124         286.468     248.845           0.000       0.000             124               0
  192         -73.093     346.466           0.000       0.000             192               0
  128          93.260    1591.826           0.000       0.000             128               0
   39        -394.088     477.047           0.000       0.000              39               0
  243        1531.879     234.354           0.000       0.000             243               0
   94       -1441.358   -1284.053           0.000       0.000              94               0
  224         263.625   -1004.427           0.000       0.000             224               0
  121         -36.632     429.962           0.000       0.000             121               0
   49        -394.488      96.674           0.000       0.000              49               0
  173         253.529    -773.515           0.000       0.000             173               0
  166        -597.547    -559.562           0.000       0.000             166               0
   66       -1294.040    1456.679           0.000       0.000              66               0
   54        -201.880    -829.691           0.000       0.000              54               0
  116         742.834     154.588           0.000       0.000             116               0
   98        -248.994    1258.779           0.000       0.000              98               0
   68         796.223     122.341           0.000       0.000              68               0
   71        -603.870    -832.724           0.000       0.000              71               0
   99         616.151    -445.241           0.000       0.000              99               0
  128        -494.095     928.436           0.000       0.000             128               0
  151         271.257   -1219.805           0.000       0.000             151               0
   19         460.994     -35.626           0.000       0.000              19               0
   14        -502.585     630.823           0.000       0.000              14               0
  243         361.754   -1129.890           0.000       0.000             243               0
    4         -54.210    -821.011           0.000       0.000               4               0
  183         691.837    1080.074           0.000       0.000             183               0
  211        -741.377    1905.400           0.000       0.000             211               0
  158       -1110.553    2458.446           0.000       0.000             158               0
  100       -1424.401     544.239           0.000       0.000             100               0
  125        1107.301     597.023           0.000       0.000             125               0
    9        1765.761     904.481           0.000       0.000               9               0
   10        -444.913    -461.871           0.000       0.000              10               0
   95         521.176    -575.427           0.000       0.000              95               0
  149       -1393.294     243.816           0.000       0.000             149               0
  208         118.312      27.598           0.000       0.000             208               0
   74         234.541     429.709           0.000       0.000              74               0
   59        -297.204   -1161.010           0.000       0.000              59               0
  247         -75.577   -1097.706           0.000       0.000             247               0
   65         254.920    1619.099           0.000       0.000              65               0
   81        -388.148     748.342           0.000       0.000              81               0
    2        -886.236     930.590           0.000       0.000               2               0
  204         697.867    -556.957           0.000       0.000             204               0
  102         170.743    -901.303           0.000       0.000             102               0
   38       -1881.794     953.874           0.000       0.000              38               0
  201       -1110.000     472.046           0.000       0.000             201               0
   20         894.153    -465.077           0.000       0.000              20               0
   22         331.673    1331.153           0.000       0.000              22               0
   11        -244.545    1693.957           0.000       0.000              11               0
    3         199.619     517.491           0.000       0.000               3               0
  126         369.103     659.148           0.000       0.000             126               0
   20        -955.642   -1502.772           0.000       0.000              20               0
  232        1751.529    -835.459           0.000       0.000             232               0
  147        1127.945    -341.599           0.000       0.000             147               0
    8         -42.157    -347.824           0.000       0.000               8               0
  119         401.069     -78.983           0.000       0.000             119               0
  104        1059.238    -479.709           0.000       0.000             104               0
   11        -172.789    -613.177           0.000       0.000              11               0
  220        -378.634     892.926           0.000       0.000             220               0
  161         735.112       0.432           0.000       0.000             161               0
   69         392.101     -57.456           0.000       0.000              69               0
  229        -619.414    -356.924           0.000       0.000             229               0
  241        2022.984     773.386           0.000       0.000             241               0
   42         -46.753      69.023           0.000       0.000              42               0
  159        1527.816    -986.747           0.000       0.000             159               0
  212        1640.791   -1571.208           0.000       0.000             212               0
  185         108.344    -154.888           0.000       0.000             185               0
  159        1264.395    1348.837           0.000       0.000             159               0
  108        1310.617     -43.702           0.000       0.000             108               0
  244        -149.731    -689.996           0.000       0.000             244               0
  202        -643.370    -365.018           0.000       0.000             202               0
   21         560.315   -1007.689           0.000       0.000              21               0
  110        -505.359    -164.521           0.000       0.000             110               0
   41        -113.158    -854.894           0.000       0.000              41               0
    4        -551.954     963.550           0.000       0.000               4               0
  237         129.285    -173.718           0.000       0.000             237               0
  209        -188.227    1060.490           0.000       0.000             209               0
  206        1809.729    -633.062           0.000       0.000             206               0
  169        -852.029     878.804           0.000       0.000             169               0
    2        -417.310     697.251           0.000       0.000               2               0
  140         264.163    -250.565           0.000       0.000             140               0
   63          15.712    -591.871           0.000       0.000              63               0
    2         166.489    -420.337           0.000       0.000               2               0
    8         296.371     974.344           0.000       0.000               8               0
  249         711.652     792.855           0.000       0.000             249               0
    3         696.876     893.224           0.000       0.000               3               0
  117         -63.968     174.347           0.000       0.000             117               0
   84       -2209.254    -915.553           0.000       0.000              84               0
   73        1430.145   -1048.423           0.000       0.000              73               0
  112         705.495    1083.689           0.000       0.000             112               0
  159         151.547      42.911           0.000       0.000             159               0
  237         398.858    -356.426           0.000       0.000             237               0
   83        1003.125    -962.337           0.000       0.000              83               0
   29        -460.559    -840.149           0.000       0.000              29               0
   52         868.809    -370.838           0.000       0.000              52               0
  213         314.997    1350.291           0.000       0.000             213               0
   39         922.777      -0.847           0.000       0.000              39               0
  173       -1168.852     991.972           0.000       0.000             173               0
  102        -549.868      96.402           0.000       0.000             102               0
  175       -1054.679    -780.187           0.000       0.000             175               0
  214         -85.978     254.351           0.000       0.000             214               0
   74        -589.481     998.450           0.000       0.000              74               0
   68        -655.058     937.741           0.000       0.000              68               0
   85        1558.059     989.458           0.000       0.000              85               0
   46       -1223.601   -1122.310           0.000       0.000              46               0
   12          33.636     639.486           0.000       0.000              12               0
  165         729.565    -532.827           0.000       0.000             165               0
    4        -280.064     389.768           0.000       0.000               4               0
  148         323.998    -270.774           0.000       0.000             148               0
   91        -325.273     215.282           0.000       0.000              91               0
  159        1502.559    1068.500           0.000       0.000             159               0
   99          33.599    1213.906           0.000       0.000              99               0
   52       -1310.100    -386.331           0.000       0.000              52               0
   35         434.327     -80.320           0.000       0.000              35               0
  206         816.124    -576.805           0.000       0.000             206               0
   35        -125.799     269.892           0.000       0.000              35               0
   11       -2063.748     693.425           0.000       0.000              11               0
   43        -171.211    -312.990           0.000       0.000              43               0
  107       -1324.425    1913.205           0.000       0.000             107               0
