SINAL     NFT                         FFT                         NFT INVERSA     FFT INVERSA
-----     -----------------------     -----------------------     -----------     -----------
  194       32827.000       0.000           0.000       0.000             194               1
   71        -907.279     667.129         -15.616      22.518              71               0
  206       -1509.345    -658.651           0.000       0.000             206              -0
   61       -1045.249    -328.711         -66.546      24.736              61               0
  149        1412.291    1347.305           0.000       0.000             149               0
   34        -723.286     950.449          64.655      34.503              34              -0
  190         650.169    -678.671           0.000       0.000             190              -0
  146        2201.989     245.619         -15.463      19.321             146               0
  103        1158.732      58.330           0.000       0.000             103               0
   37        1229.893     -40.222          -1.976       2.325              37               0
  113         285.034     102.499           0.000       0.000             113              -0
  124        -303.716    -627.264         -18.776       4.949             124               0
   64         289.040    -401.041           0.000       0.000              64               0
  121        -635.720     333.856          23.532      15.701             121              -0
    5        -451.600      10.321           0.000       0.000               5              -0
  139        -147.931      11.891          -5.106       9.841             139               0
   18        1078.852     704.252           0.000       0.000              18               0
   71        1102.360    -590.132          -1.168       1.128              71               0
   15         617.143    -446.264           0.000       0.000              15              -0
   44        -703.353     606.884         -11.166       1.797              44               0
   67         615.648     682.981           0.000       0.000              67               0
  197          -2.995    -482.124          13.638      11.177             197              -0
    2         813.248     717.171           0.000       0.000               2              -0
  141         -69.222     717.945          -5.833       4.908             141               0
   81         -78.523    2661.932           0.000       0.000              81               0
   39         833.487     220.427          -0.873       0.691              39               0
  170        -281.325    -915.612           0.000       0.000             170              -0
   13         510.174    -799.017          -8.018       0.493              13               0
  164        -347.366    1105.826           0.000       0.000             164               0
  129       -2125.485    -248.983           9.126       9.114             129              -0
  255        -344.627     494.215           0.000       0.000             255              -0
  238        -764.613    1508.207          -2.722       4.670             238               0
  247        -195.155     389.131           0.000       0.000             247               0
  178         755.900      42.451          -0.718       0.462             178               0
  136         634.753   -1059.174           0.000       0.000             136              -0
  122       -1421.567    -169.755          -6.271      -0.231             122               0
   64       -2120.978   -1693.440           0.000       0.000              64               0
   16        1793.507    1223.731           6.505       7.916              16              -0
  129         857.556     427.673           0.000       0.000             129              -0
  250        -369.275   -1262.520          -4.039       2.223             250               0
  217        1054.639    -391.316           0.000       0.000             217               0
  194        -242.009   -1376.790          -0.621       0.318             194               0
  108         226.206     820.789           0.000       0.000             108              -0
    9        -246.547     856.737          -5.142      -0.698               9               0
  132         575.013    -312.000           0.000       0.000             132               0
   27         434.431    -153.848           4.764       7.120              27              -0
  254        -242.525    -850.966           0.000       0.000             254              -0
  230        -473.061     385.057          -2.847       2.396             230               0
  245        -402.153    -586.228           0.000       0.000             245               0
   90        1195.350     406.521          -0.553       0.218              90               0
  134         951.176    -891.509           0.000       0.000             134              -0
   33         588.180    -816.259          -4.340      -1.031              33               0
  233       -1221.098    2236.015           0.000       0.000             233               0
  253        -643.505    -589.945           3.503       6.543             253              -0
   59          29.302   -2677.284           0.000       0.000              59              -0
   16       -1147.528    -760.857          -3.239       1.026              16               0
  180         470.849    -329.262           0.000       0.000             180               0
   20        1016.814     288.213          -0.502       0.143              20               0
  127        -338.900     -13.417           0.000       0.000             127              -0
  199        1307.555    1521.600          -3.730      -1.283             199               0
   83        -401.680    -591.675           0.000       0.000              83               0
  234        -366.070      -6.922           2.531       6.099             234              -0
  229         388.373     231.083           0.000       0.000             229              -0
  235         175.775    1024.929          -2.147       1.899             235               0
  109        -238.005     184.986           0.000       0.000             109               0
  112        1040.158     607.150          -0.462       0.084             112               0
    1        -174.306    -236.937           0.000       0.000               1              -0
  135        -951.894     668.905          -3.243      -1.485             135               0
  254        1337.620       4.962           0.000       0.000             254               0
    3         577.190     207.734           1.745       5.739               3              -0
  113       -1052.265    1515.101           0.000       0.000             113              -0
  153        -160.944     408.861          -2.758       0.306             153               0
   84        -614.384    -823.896           0.000       0.000              84               0
  252        1540.328     909.672          -0.429       0.035             252               0
   79        -213.075    -389.810           0.000       0.000              79              -0
  126        -420.691    -545.238          -2.837      -1.653             126               0
  195        1350.165    -163.107           0.000       0.000             195               0
  147         449.087     725.629           1.085       5.438             147              -0
  135         927.837     258.724           0.000       0.000             135              -0
   59         311.371     840.260          -2.346       0.743              59               0
   33        -603.296    -131.093           0.000       0.000              33               0
  139        -533.133    -452.496          -0.401      -0.007             139               0
  250         941.394    1098.654           0.000       0.000             250              -0
  148         380.954     366.938          -2.488      -1.798             148               0
   37        -589.271     252.599           0.000       0.000              37               0
   29       -1334.898     545.959           0.513       5.176              29              -0
   47        -390.297     570.759           0.000       0.000              47              -0
  244         432.279     543.313          -2.415      -0.208             244               0
   32        1355.488   -1407.130           0.000       0.000              32               0
   27       -1229.520    -606.519          -0.376      -0.044              27               0
  252        -724.977    -404.889           0.000       0.000             252              -0
  175        1244.112    1089.236          -2.178      -1.926             175               0
   36        -172.753   -1250.570           0.000       0.000              36               0
  154        -772.159     345.465           0.003       4.943             154              -0
   99        1342.309    1286.311           0.000       0.000              99              -0
  150       -1585.901     163.411          -2.112       0.557             150               0
  117        -900.908    1493.073           0.000       0.000             117               0
    9          71.779    -607.005          -0.354      -0.077               9              -0
  149         250.466     580.825           0.000       0.000             149              -0
    4        1565.337     112.109          -1.897      -2.043               4               0
   41        -128.152     488.810           0.000       0.000              41               0
  244          66.678     292.713          -0.463       4.730             244              -0
  138         737.945    -976.686           0.000       0.000             138              -0
  164       -1041.134    -653.264          -2.139      -0.620             164               0
  141         159.599     377.225           0.000       0.000             141               0
   65         197.547    1239.843          -0.333      -0.107              65              -0
  165         183.068    -513.232           0.000       0.000             165              -0
   13         131.841     615.042          -1.636      -2.151              13               0
  217        -637.926    1474.820           0.000       0.000             217               0
  160         -75.728    1210.983          -0.898       4.531             160              -0
   53         107.647   -1243.169           0.000       0.000              53              -0
   74         568.857     841.868          -2.067      -0.178              74               0
  227         274.541     243.419           0.000       0.000             227               0
   66        -382.753     618.731          -0.314      -0.136              66              -0
  220        -854.858     391.380           0.000       0.000             220              -0
  150       -1085.412     938.815          -1.388      -2.253             150               0
  181        -399.787     888.476           0.000       0.000             181               0
  145         522.611    1468.721          -1.314       4.341             145              -0
   84         235.711     464.543           0.000       0.000              84              -0
   55         775.348    -784.766          -1.896      -0.984              55               0
  130         757.642     566.874           0.000       0.000             130               0
   59         494.697     936.338          -0.295      -0.164              59              -0
  217         720.577      88.117           0.000       0.000             217              -0
   59        -232.883     113.296          -1.148      -2.353              59               0
  172         471.098   -2102.376           0.000       0.000             172               0
  182        -812.510     703.421          -1.718       4.156             182              -0
  233         669.988     243.695           0.000       0.000             233              -0
   54        -622.922     996.748           0.000       0.000              54               0
  195         361.000      -0.076           0.000       0.000             195               0
  193        -622.737    -996.990          -0.276      -0.192             193              -0
  149         670.038    -243.649           0.000       0.000             149              -0
  113        -812.373    -703.545          -0.911      -2.451             113               0
   58         470.804    2102.368           0.000       0.000              58               0
  135        -232.808    -113.567          -2.120       3.972             135              -0
  156         720.652     -88.204           0.000       0.000             156              -0
  124         494.873    -936.414          -1.664      -1.332             124               0
  155         757.728    -566.819           0.000       0.000             155               0
  159         775.151     784.756          -0.258      -0.219             159              -0
  209         235.700    -464.738           0.000       0.000             209              -0
   88         522.737   -1468.789          -0.672      -2.550              88               0
  177        -399.783    -888.616           0.000       0.000             177               0
  125       -1085.320    -939.035          -2.526       3.786             125              -0
   77        -854.759    -391.553           0.000       0.000              77              -0
  185        -382.564    -618.827          -1.832      -0.951             185               0
   87         274.659    -243.408           0.000       0.000              87               0
  212         569.010    -841.767          -0.239      -0.247             212              -0
  229         107.408    1243.103           0.000       0.000             229              -0
  176         -75.559   -1211.159          -0.427      -2.652             176               0
   50        -637.662   -1474.946           0.000       0.000              50               0
   27         131.996    -614.955          -2.946       3.594              27              -0
    9         183.006     513.249           0.000       0.000               9              -0
  234         197.757   -1239.823          -1.423      -1.692             234               0
  221         159.630    -377.107           0.000       0.000             221               0
  157       -1041.199     653.146          -0.219      -0.277             157              -0
   44         737.856     976.738           0.000       0.000              44              -0
  136          66.743    -292.824          -0.169      -2.758             136               0
   39        -127.999    -488.899           0.000       0.000              39               0
  119        1565.356    -111.904          -3.388       3.392             119              -0
  109         250.454    -580.818           0.000       0.000             109              -0
   35          71.560     606.926          -1.868      -1.089              35               0
   98        -900.743   -1493.302           0.000       0.000              98               0
  144       -1585.785    -163.692          -0.198      -0.308             144              -0
   86        1342.589   -1286.064           0.000       0.000              86              -0
   54        -772.111    -345.477           0.106      -2.872              54               0
   44        -172.876    1250.545           0.000       0.000              44               0
  179        1244.282   -1089.041          -3.863       3.175             179              -0
  192        -725.115     404.833           0.000       0.000             192              -0
   15       -1229.522     606.326          -1.153      -2.096              15               0
  137        1355.338    1407.238           0.000       0.000             137               0
   56         432.304    -543.416          -0.175      -0.342              56              -0
  134        -390.282    -570.922           0.000       0.000             134              -0
  239       -1334.785    -546.236           0.407      -2.997             239               0
  252        -589.091    -252.743           0.000       0.000             252               0
  168         381.152    -366.934          -4.387       2.936             168              -0
  177         941.604   -1098.484           0.000       0.000             177              -0
  182        -533.210     452.431          -1.559      -1.852             182               0
   28        -603.214     130.921           0.000       0.000              28               0
  167         311.659    -840.255          -0.150      -0.379             167              -0
  165         927.968    -258.574           0.000       0.000             165              -0
  174         449.259    -725.524           0.745      -3.137             174               0
  211        1350.109     163.390           0.000       0.000             211               0
  247        -420.836     545.161          -4.978       2.665             247              -0
  254        -213.082     389.687           0.000       0.000             254              -0
   30        1540.455    -909.456          -0.821      -2.592              30               0
   25        -614.605     823.741           0.000       0.000              25               0
  189        -160.892    -409.029          -0.120      -0.423             189              -0
  238       -1051.939   -1515.311           0.000       0.000             238              -0
  186         577.350    -207.595           1.135      -3.298             186               0
  213        1337.596      -4.748           0.000       0.000             213               0
  251        -951.814    -669.060          -5.665       2.351             251              -0
  187        -174.253     236.902           0.000       0.000             187              -0
  128        1040.291    -607.000          -1.853      -2.095             128               0
  124        -237.984    -185.041           0.000       0.000             124               0
  160         175.976   -1024.875          -0.086      -0.474             160              -0
  220         388.407    -230.938           0.000       0.000             220              -0
   89        -366.068       6.924           1.599      -3.491              89               0
  248        -401.685     591.583           0.000       0.000             248               0
  114        1307.851   -1521.360          -6.491       1.974             114              -0
   36        -338.897      13.477           0.000       0.000              36              -0
  229        1016.864    -287.923          -0.363      -3.278             229               0
  207         470.686     329.487           0.000       0.000             207               0
  224       -1147.703     760.809          -0.043      -0.536             224              -0
    1          28.869    2677.253           0.000       0.000               1              -0
  107        -643.597     589.598           2.173      -3.729             107               0
   19       -1220.592   -2236.266           0.000       0.000              19               0
   38         588.226     816.451          -7.523       1.502              38              -0
  120         951.117     891.624           0.000       0.000             120              -0
  193        1195.383    -406.363          -1.083      -3.420             193               0
   15        -402.314     586.134           0.000       0.000              15               0
  192        -472.973    -385.150           0.011      -0.617             192              -0
  194        -242.585     850.907           0.000       0.000             194              -0
  144         434.485     153.847           2.918      -4.037             144               0
  125         574.977     311.999           0.000       0.000             125               0
   48        -246.386    -856.840          -8.881       0.881              48              -0
   53         226.385    -820.665           0.000       0.000              53              -0
  253        -242.168    1376.809           0.378      -4.387             253               0
   70        1054.608     391.460           0.000       0.000              70               0
   88        -369.464    1262.351           0.084      -0.725              88              -0
   29         857.678    -427.680           0.000       0.000              29              -0
  223        1793.555   -1223.405           3.946      -4.463             223               0
  215       -2121.407    1693.097           0.000       0.000             215               0
   97       -1421.474     169.421         -10.792       0.007              97              -0
  167         634.716    1059.143           0.000       0.000             167              -0
   80         755.912     -42.528          -1.298      -4.926              80               0
  158        -195.143    -389.355           0.000       0.000             158               0
  220        -764.367   -1508.428           0.192      -0.885             220              -0
  151        -344.545    -494.265           0.000       0.000             151              -0
   28       -2125.415     248.584           5.495      -5.104              28               0
  132        -346.934   -1105.887           0.000       0.000             132               0
  192         510.221     799.120         -13.749      -1.345             192               0
  188        -281.313     915.425           0.000       0.000             188              -0
  126         833.666    -220.535           1.958      -6.752             126               0
   30         -77.975   -2662.039           0.000       0.000              30               0
  131         -68.946    -717.888           0.370      -1.149             131              -0
  104         813.497    -716.953           0.000       0.000             104              -0
   49          -2.969     482.155           8.160      -6.208              49               0
  112         615.856    -682.883           0.000       0.000             112               0
   98        -703.111    -606.928         -19.078      -3.782              98               0
   13         617.276     446.436           0.000       0.000              13              -0
  147        1102.399     590.285           0.841      -9.762             147               0
   56        1079.004    -704.097           0.000       0.000              56               0
   18        -147.915     -11.891           0.732      -1.685              18              -0
  145        -451.512     -10.390           0.000       0.000             145              -0
  220        -635.485    -333.928          14.004      -8.629             220               0
  173         289.184     401.131           0.000       0.000             173               0
   88        -303.583     627.185         -31.960      -9.672              88               0
  107         285.362    -102.503           0.000       0.000             107              -0
   36        1230.180      40.392           8.871     -17.098              36               0
   51        1158.998     -58.175           0.000       0.000              51               0
   65        2202.184    -245.265           1.907      -3.424              65              -0
   44         650.124     678.707           0.000       0.000              44              -0
  206        -722.903    -950.666          38.296     -18.691             206               0
  206        1412.791   -1347.013           0.000       0.000             206               0
  219       -1044.953     328.640        -112.830     -46.647             219               0
   62       -1508.663     658.392           0.000       0.000              62              -0
  217        -905.393    -667.287           0.000       0.000             217               0
