SINAL     NFT                         FFT                         NFT INVERSA     FFT INVERSA
-----     -----------------------     -----------------------     -----------     -----------
   42       32334.000       0.000           0.000       0.000              42               0
   51         338.381   -1279.045           0.000      -0.000              51               0
    3       -1205.988     315.772           0.000       0.000               3               0
  248          42.665   -1751.671           0.000      -0.000             248               0
  187        -452.919    -225.114           0.000       0.000             187               0
  107        -134.755    -373.516           0.000      -0.000             107               0
  223        1869.982    -856.504           0.000       0.000             223               0
  250         733.999     -59.682           0.000      -0.000             250               0
   65         335.250     467.732           0.000       0.000              65               0
  156        1007.010      58.314           0.000      -0.000             156               0
  164        -583.152    -796.619           0.000       0.000             164               0
   33        1433.971   -1131.766           0.000      -0.000              33               0
   86        -178.603    1033.386           0.000       0.000              86               0
  216        -375.911     453.699           0.000      -0.000             216               0
   83         574.466    -507.257           0.000       0.000              83               0
   90         261.162     -41.942           0.000      -0.000              90               0
  186       -2223.401    2185.969           0.000       0.000             186               0
   36         678.385   -1310.149           0.000      -0.000              36               0
  227         243.522   -1381.699           0.000       0.000             227               0
   40         832.454    -389.088           0.000      -0.000              40               0
  178        -979.334     724.628           0.000       0.000             178               0
   20         902.916    1302.505           0.000      -0.000              20               0
  149       -1353.635     651.747           0.000       0.000             149               0
  201         297.114    1422.834           0.000      -0.000             201               0
   99         117.094    1058.462           0.000       0.000              99               0
  188        -293.056   -1608.553           0.000      -0.000             188               0
  123       -2102.805    1163.857           0.000       0.000             123               0
  121        -699.051    -501.435           0.000      -0.000             121               0
   96        -484.012     471.959           0.000       0.000              96               0
  165         -67.414    1917.196           0.000      -0.000             165               0
  144         714.100     631.300           0.000       0.000             144               0
  113       -1393.383     694.162           0.000      -0.000             113               0
  208         124.162     147.952           0.000       0.000             208               0
  251        -192.805    -554.558           0.000      -0.000             251               0
  232         697.769   -1953.717           0.000       0.000             232               0
  212       -1089.951    1034.508           0.000      -0.000             212               0
   22         585.015    1084.376           0.000       0.000              22               0
   49         712.751    1178.282           0.000      -0.000              49               0
   32         586.170     864.461           0.000       0.000              32               0
  170        -113.376      56.459           0.000      -0.000             170               0
  165       -1568.801    1118.819           0.000       0.000             165               0
  177        -280.053   -1268.768           0.000      -0.000             177               0
  123          46.917    1170.431           0.000       0.000             123               0
  246          64.477      33.647           0.000      -0.000             246               0
  168         284.434    -232.706           0.000       0.000             168               0
   97          15.884     737.855           0.000      -0.000              97               0
  162         328.770    -296.709           0.000       0.000             162               0
   85         526.788     819.549           0.000      -0.000              85               0
  223       -1189.561    -574.505           0.000       0.000             223               0
   86        -227.153     774.853           0.000      -0.000              86               0
   74        -572.476    -270.235           0.000       0.000              74               0
   86           6.046    1716.486           0.000      -0.000              86               0
   56         -22.719     914.129           0.000       0.000              56               0
  203         247.020     721.657           0.000      -0.000             203               0
  234         602.675     537.085           0.000       0.000             234               0
  170        -733.205     -26.272           0.000      -0.000             170               0
  131       -1222.341     400.751           0.000       0.000             131               0
  148         277.468    1978.062           0.000      -0.000             148               0
  141        -136.965     -26.062           0.000       0.000             141               0
   77        -832.966      74.606           0.000      -0.000              77               0
  149        -462.846     659.215           0.000       0.000             149               0
  206        -423.862    -568.932           0.000      -0.000             206               0
  123        -319.549    -286.616           0.000       0.000             123               0
  233          64.753     112.785           0.000      -0.000             233               0
   57        -746.055    1261.955           0.000       0.000              57               0
    0         -94.143    -410.909           0.000      -0.000              -0               0
   70       -1127.517     675.765           0.000       0.000              70               0
  130         666.568     -31.825           0.000      -0.000             130               0
    9       -1375.636    -179.400           0.000       0.000               9               0
   52         538.521     700.999           0.000      -0.000              52               0
  191        -559.269     594.196           0.000       0.000             191               0
   74        -238.737    -922.225           0.000      -0.000              74               0
  211         482.921    -266.309           0.000       0.000             211               0
  109        1018.317     754.427           0.000      -0.000             109               0
  133          67.041     394.280           0.000       0.000             133               0
  201       -1069.992    1413.091           0.000      -0.000             201               0
  221         109.594     722.256           0.000       0.000             221               0
  249        1268.077    -267.638           0.000      -0.000             249               0
  127         153.884    -101.941           0.000       0.000             127               0
   21         656.995    1060.850           0.000      -0.000              21               0
  197        -455.054    -425.078           0.000       0.000             197               0
    7        1930.483   -1259.823           0.000      -0.000               7               0
   62          22.266    -439.243           0.000       0.000              62               0
   94         126.670    -344.699           0.000      -0.000              94               0
  244         138.486   -1032.333           0.000       0.000             244               0
  251         884.149     793.222           0.000      -0.000             251               0
   84        -619.932   -1137.470           0.000       0.000              84               0
  248       -1628.009    -355.899           0.000      -0.000             248               0
  194         208.577    -579.671           0.000       0.000             194               0
   84         358.839   -1425.017           0.000      -0.000              84               0
  230         285.663   -1042.147           0.000       0.000             230               0
    9         555.104      89.223           0.000      -0.000               9               0
  195       -1302.403     -19.389           0.000       0.000             195               0
  214        -997.315    -683.770           0.000      -0.000             214               0
  213         742.005   -1173.750           0.000       0.000             213               0
  252          54.194     832.210           0.000      -0.000             252               0
  129         887.773     760.016           0.000       0.000             129               0
  137        -255.296    -456.632           0.000      -0.000             137               0
   88        -569.142     519.227           0.000       0.000              88               0
  183        -953.087     697.042           0.000      -0.000             183               0
    6        1182.344    -727.821           0.000       0.000               6               0
   83          59.529     200.106           0.000      -0.000              83               0
  114         383.953    -103.932           0.000       0.000             114               0
   82         871.607    -843.441           0.000      -0.000              82               0
  197       -1198.796   -1687.004           0.000       0.000             197               0
   93         796.948    1175.658           0.000      -0.000              93               0
  137         763.963   -1039.336           0.000       0.000             137               0
  251        -961.194     247.211           0.000      -0.000             251               0
  193       -1692.367    -306.364           0.000       0.000             193               0
   34         837.716     -13.438           0.000      -0.000              34               0
  129          52.669    1921.912           0.000       0.000             129               0
   93          16.187    1442.949           0.000      -0.000              93               0
  127        -167.949    -452.574           0.000       0.000             127               0
   99         419.127     353.978           0.000      -0.000              99               0
  240         673.548    -581.026           0.000       0.000             240               0
  144         749.943    -447.435           0.000      -0.000             144               0
   11         -12.547    2288.640           0.000       0.000              11               0
   47        -906.819    -916.200           0.000      -0.000              47               0
   64         328.563     370.691           0.000       0.000              64               0
  232       -1648.285   -1056.203           0.000      -0.000             232               0
  231       -1081.779    -606.367           0.000       0.000             231               0
  137       -1039.832     734.109           0.000      -0.000             137               0
  175        -683.890    -549.864           0.000       0.000             175               0
  219        -171.583     103.236           0.000      -0.000             219               0
  125        -200.840    1302.506           0.000       0.000             125               0
   66        -604.502    -225.880           0.000      -0.000              66               0
  211         184.150    -275.802           0.000       0.000             211               0
   20        -971.248      16.428           0.000      -0.000              20               0
   13         854.000       0.059           0.000       0.000              13               0
   84        -971.277     -16.610           0.000       0.000              84               0
  100         184.100     275.795           0.000       0.000             100               0
   26        -604.564     225.681           0.000       0.000              26               0
   43        -200.629   -1302.571           0.000       0.000              43               0
   61        -171.609    -103.201           0.000       0.000              61               0
  245        -684.038     549.747           0.000       0.000             245               0
  117       -1039.727    -734.265           0.000       0.000             117               0
  254       -1081.852     606.242           0.000       0.000             254               0
   61       -1648.321    1055.866           0.000       0.000              61               0
  179         328.773    -370.718           0.000       0.000             179               0
  149        -906.846     915.911           0.000       0.000             149               0
    8         -11.979   -2288.693           0.000       0.000               8               0
  109         749.999     447.642           0.000       0.000             109               0
   23         673.499     581.098           0.000       0.000              23               0
  128         419.182    -353.971           0.000       0.000             128               0
  122        -168.026     452.437           0.000       0.000             122               0
  208          16.452   -1443.056           0.000       0.000             208               0
  222          53.017   -1921.818           0.000       0.000             222               0
   39         837.644      13.742           0.000       0.000              39               0
    6       -1692.457     306.169           0.000       0.000               6               0
   30        -961.003    -247.282           0.000       0.000              30               0
   43         763.928    1039.495           0.000       0.000              43               0
   80         797.141   -1175.443           0.000       0.000              80               0
  184       -1199.027    1686.903           0.000       0.000             184               0
   41         871.568     843.527           0.000       0.000              41               0
   65         383.951     103.921           0.000       0.000              65               0
    1          59.590    -200.121           0.000       0.000               1               0
  219        1182.167     727.960           0.000       0.000             219               0
   48        -953.045    -697.271           0.000       0.000              48               0
  173        -569.015    -519.297           0.000       0.000             173               0
   22        -255.278     456.589           0.000       0.000              22               0
   80         887.945    -759.873           0.000       0.000              80               0
   21          54.322    -832.072           0.000       0.000              21               0
   96         741.739    1173.992           0.000       0.000              96               0
  103        -997.508     683.604           0.000       0.000             103               0
  124       -1302.322      19.172           0.000       0.000             124               0
  210         555.234     -89.056           0.000       0.000             210               0
   96         285.524    1042.275           0.000       0.000              96               0
  228         358.596    1425.051           0.000       0.000             228               0
   86         208.409     579.622           0.000       0.000              86               0
  237       -1628.058     355.570           0.000       0.000             237               0
  132        -619.955    1137.256           0.000       0.000             132               0
  226         884.406    -793.146           0.000       0.000             226               0
  117         138.366    1032.330           0.000       0.000             117               0
   22         126.681     344.636           0.000       0.000              22               0
  250          22.311     439.181           0.000       0.000             250               0
  146        1930.287    1260.010           0.000       0.000             146               0
   23        -455.164     424.766           0.000       0.000              23               0
  111         657.188   -1060.903           0.000       0.000             111               0
   59         153.876     101.876           0.000       0.000              59               0
   51        1267.983     267.689           0.000       0.000              51               0
   97         109.580    -722.417           0.000       0.000              97               0
  114       -1069.790   -1413.343           0.000       0.000             114               0
  101          67.171    -394.278           0.000       0.000             101               0
  247        1018.436    -754.237           0.000       0.000             247               0
  140         482.773     266.426           0.000       0.000             140               0
  172        -238.999     922.104           0.000       0.000             172               0
  206        -559.213    -594.415           0.000       0.000             206               0
  165         538.560    -700.945           0.000       0.000             165               0
  199       -1375.707     179.143           0.000       0.000             199               0
  183         666.534      31.855           0.000       0.000             183               0
  205       -1127.453    -676.008           0.000       0.000             205               0
  109         -94.212     410.816           0.000       0.000             109               0
   14        -745.834   -1262.135           0.000       0.000              14               0
  169          64.788    -112.748           0.000       0.000             169               0
   59        -319.613     286.548           0.000       0.000              59               0
   79        -423.964     568.759           0.000       0.000              79               0
  143        -462.734    -659.404           0.000       0.000             143               0
   35        -832.908     -74.828           0.000       0.000              35               0
   16        -136.898      25.882           0.000       0.000              16               0
   68         277.796   -1978.095           0.000       0.000              68               0
  231       -1222.256    -400.925           0.000       0.000             231               0
   16        -733.072      26.114           0.000       0.000              16               0
  255         602.878    -537.058           0.000       0.000             255               0
  164         247.171    -721.677           0.000       0.000             164               0
  142         -22.553    -914.177           0.000       0.000             142               0
  151           6.330   -1716.419           0.000       0.000             151               0
   40        -572.509     270.223           0.000       0.000              40               0
  225        -226.995    -774.835           0.000       0.000             225               0
   43       -1189.552     574.331           0.000       0.000              43               0
   16         527.063    -819.456           0.000       0.000              16               0
  212         328.777     296.775           0.000       0.000             212               0
  167          16.051    -737.845           0.000       0.000             167               0
  102         284.427     232.772           0.000       0.000             102               0
  196          64.490     -33.682           0.000       0.000             196               0
  207          47.102   -1170.392           0.000       0.000             207               0
   87        -280.299    1268.702           0.000       0.000              87               0
  251       -1568.541   -1119.161           0.000       0.000             251               0
   71        -113.190     -56.514           0.000       0.000              71               0
  194         586.442    -864.418           0.000       0.000             194               0
  203         712.996   -1178.153           0.000       0.000             203               0
  202         585.156   -1084.190           0.000       0.000             202               0
  189       -1089.759   -1034.482           0.000       0.000             189               0
  104         697.493    1953.951           0.000       0.000             104               0
   17        -192.904     554.442           0.000       0.000              17               0
   13         124.162    -148.039           0.000       0.000              13               0
   58       -1393.214    -694.476           0.000       0.000              58               0
   39         714.284    -631.247           0.000       0.000              39               0
  214         -67.113   -1917.169           0.000       0.000             214               0
  197        -483.953    -471.895           0.000       0.000             197               0
  166        -699.149     501.373           0.000       0.000             166               0
   41       -2102.495   -1164.130           0.000       0.000              41               0
  175        -293.102    1608.509           0.000       0.000             175               0
  137         117.441   -1058.551           0.000       0.000             137               0
   77         297.442   -1422.762           0.000       0.000              77               0
  164       -1353.370    -651.899           0.000       0.000             164               0
  102         903.300   -1302.230           0.000       0.000             102               0
   60        -979.054    -724.572           0.000       0.000              60               0
   36         832.574     389.454           0.000       0.000              36               0
    4         243.400    1381.850           0.000       0.000               4               0
   43         678.190    1310.164           0.000       0.000              43               0
  126       -2222.901   -2186.360           0.000       0.000             126               0
   88         261.437      42.132           0.000       0.000              88               0
  175         574.571     507.412           0.000       0.000             175               0
   35        -375.646    -453.732           0.000       0.000              35               0
   81        -178.150   -1033.262           0.000       0.000              81               0
   99        1433.998    1132.165           0.000       0.000              99               0
   97        -583.071     796.544           0.000       0.000              97               0
   14        1007.287     -58.149           0.000       0.000              14               0
   36         335.575    -467.614           0.000       0.000              36               0
  135         734.281      59.926           0.000       0.000             135               0
  109        1870.041     856.899           0.000       0.000             109               0
  207        -134.639     373.528           0.000       0.000             207               0
   23        -452.610     225.109           0.000       0.000              23               0
  207          42.874    1751.657           0.000       0.000             207               0
  254       -1205.077    -316.033           0.000       0.000             254               0
  236         339.935    1279.027           0.000       0.000             236               0
