SINAL     NFT                         FFT                         NFT INVERSA     FFT INVERSA
-----     -----------------------     -----------------------     -----------     -----------
   89       29735.000       0.000           0.000       0.000              89               0
   34       -1353.250     572.901           0.000      -0.000              34               0
   65         650.129    -203.103           0.000       0.000              65               0
   94        1532.974     190.673           0.000      -0.000              94               0
  178         884.727    1428.602           0.000       0.000             178               0
  254         460.113    1245.388           0.000      -0.000             254               0
  185       -1538.987   -1025.145           0.000       0.000             185               0
  106         366.754    1255.046           0.000      -0.000             106               0
   35        -281.297     116.208           0.000       0.000              35               0
  109         -82.802     531.372           0.000      -0.000             109               0
   11         499.913    -446.191           0.000       0.000              11               0
   48         -51.177     119.827           0.000      -0.000              48               0
  190         410.207     703.247           0.000       0.000             190               0
   62        -334.921     213.355           0.000      -0.000              62               0
   14         462.295    -269.312           0.000       0.000              14               0
   82        -693.749    -140.444           0.000      -0.000              82               0
  211         -41.338     562.857           0.000       0.000             211               0
   16        -859.044   -1117.430           0.000      -0.000              16               0
  113       -1082.231     190.690           0.000       0.000             113               0
  222          67.471    -677.095           0.000      -0.000             222               0
  144        -883.585     304.820           0.000       0.000             144               0
  102       -1340.429    -135.495           0.000      -0.000             102               0
   36       -1145.068    -527.636           0.000       0.000              36               0
   15         610.663    -816.992           0.000      -0.000              15               0
  220        -370.302    1520.565           0.000       0.000             220               0
  135        -502.518     546.974           0.000      -0.000             135               0
   86       -1662.821    -230.699           0.000       0.000              86               0
  103         548.258    -337.246           0.000      -0.000             103               0
   11       -2209.931     551.508           0.000       0.000              11               0
   15        -621.516     101.244           0.000      -0.000              15               0
  243        1141.639    1279.220           0.000       0.000             243               0
   70        -908.856      61.733           0.000      -0.000              70               0
   53        -562.161    -609.717           0.000       0.000              53               0
   42       -1382.570    1567.835           0.000      -0.000              42               0
  218       -2308.065    -725.612           0.000       0.000             218               0
  130        -462.167   -1003.728           0.000      -0.000             130               0
    6        -892.949    1441.076           0.000       0.000               6               0
   86         443.854    -217.219           0.000      -0.000              86               0
   19       -2069.445    -229.019           0.000       0.000              19               0
  111        1586.074    -229.491           0.000      -0.000             111               0
  109        -546.018    -136.809           0.000       0.000             109               0
  126         190.288     232.811           0.000      -0.000             126               0
   97        1494.165    -654.791           0.000       0.000              97               0
  122         892.191    -383.916           0.000      -0.000             122               0
  100         152.513    -107.924           0.000       0.000             100               0
   60          84.397   -1072.652           0.000      -0.000              60               0
   51         319.936    -109.735           0.000       0.000              51               0
   18        1117.111     155.391           0.000      -0.000              18               0
  138        -633.680    -240.052           0.000       0.000             138               0
  142         894.423     937.552           0.000      -0.000             142               0
  136         -46.167     211.804           0.000       0.000             136               0
  188        1309.633    1385.338           0.000      -0.000             188               0
   17        1545.589    -240.979           0.000       0.000              17               0
  135         473.069    -812.680           0.000      -0.000             135               0
  123       -1337.082     179.335           0.000       0.000             123               0
  158         -41.604   -1756.495           0.000      -0.000             158               0
  104        -443.460     425.425           0.000       0.000             104               0
   39         827.779     795.497           0.000      -0.000              39               0
  211        -998.762     -31.636           0.000       0.000             211               0
  125        -495.595    1704.264           0.000      -0.000             125               0
  163         496.042     112.729           0.000       0.000             163               0
  221        -614.141    -872.531           0.000      -0.000             221               0
    9        -199.276    -203.208           0.000       0.000               9               0
  123         429.652     231.760           0.000      -0.000             123               0
   89        -440.968    -494.045           0.000       0.000              89               0
  162         735.970    -876.472           0.000      -0.000             162               0
   83        -171.251     226.895           0.000       0.000              83               0
   98        1625.180     -15.698           0.000      -0.000              98               0
  128        -681.497   -1343.919           0.000       0.000             128               0
  239        -847.563   -2138.370           0.000      -0.000             239               0
   20         620.762    -974.665           0.000       0.000              20               0
   17         759.653    -593.578           0.000      -0.000              17               0
  136        -222.680   -1118.202           0.000       0.000             136               0
  114       -1167.733    1446.115           0.000      -0.000             114               0
   17         742.348    1047.773           0.000       0.000              17               0
   52         410.846     337.931           0.000      -0.000              52               0
  233       -1325.850    1077.087           0.000       0.000             233               0
  142         -91.671   -1362.968           0.000      -0.000             142               0
   67         324.754     588.676           0.000       0.000              67               0
  135       -1194.638    -897.223           0.000      -0.000             135               0
  149         937.681     437.582           0.000       0.000             149               0
   52         935.236     609.798           0.000      -0.000              52               0
   19        -102.511    -169.360           0.000       0.000              19               0
  230        1048.678    1114.814           0.000      -0.000             230               0
   14        1448.062    -437.709           0.000       0.000              14               0
  243         264.946     368.338           0.000      -0.000             243               0
   31         610.211   -1568.923           0.000       0.000              31               0
   63        -155.903    -350.278           0.000      -0.000              63               0
    1        1404.583    -217.418           0.000       0.000               1               0
   60        -709.784    1144.884           0.000      -0.000              60               0
  208        -478.300    -368.286           0.000       0.000             208               0
   27        -682.306    -104.183           0.000      -0.000              27               0
  189         378.520     153.462           0.000       0.000             189               0
  157         528.574     257.639           0.000      -0.000             157               0
  197         980.654     121.472           0.000       0.000             197               0
  119           8.327    1663.238           0.000      -0.000             119               0
   52         306.095     748.263           0.000       0.000              52               0
  133         372.332    -468.601           0.000      -0.000             133               0
  247        -536.633    -766.534           0.000       0.000             247               0
  213       -1365.784     162.967           0.000      -0.000             213               0
   53         177.439    -276.430           0.000       0.000              53               0
   13        -458.754     354.793           0.000      -0.000              13               0
   79          90.400    -207.638           0.000       0.000              79               0
  252         562.705    -637.016           0.000      -0.000             252               0
  228        -448.838    1077.787           0.000       0.000             228               0
  230        1469.195    1088.659           0.000      -0.000             230               0
   32         228.193    -753.525           0.000       0.000              32               0
  204         316.866     610.813           0.000      -0.000             204               0
  166        -958.313     991.218           0.000       0.000             166               0
   37        -506.278    -520.767           0.000      -0.000              37               0
  225         564.213    1028.098           0.000       0.000             225               0
  218         789.697    -446.316           0.000      -0.000             218               0
  176        1745.386   -1039.457           0.000       0.000             176               0
   95       -1082.452     395.104           0.000      -0.000              95               0
  190        1055.414     973.189           0.000       0.000             190               0
   49        -528.254   -1344.232           0.000      -0.000              49               0
   23        -807.691     665.498           0.000       0.000              23               0
  126         835.787    -195.811           0.000      -0.000             126               0
   19         721.187     536.451           0.000       0.000              19               0
   68        -434.843     585.243           0.000      -0.000              68               0
   59        -348.110     122.442           0.000       0.000              59               0
   70        -477.303    -544.837           0.000      -0.000              70               0
   62        -230.820     673.286           0.000       0.000              62               0
  158       -1308.691      -5.652           0.000      -0.000             158               0
  111        -709.376    -420.603           0.000       0.000             111               0
  246        -584.580     307.321           0.000      -0.000             246               0
  217         489.194    -251.770           0.000       0.000             217               0
   18         890.147   -1233.446           0.000      -0.000              18               0
   57         619.000       0.104           0.000       0.000              57               0
   18         889.882    1233.604           0.000       0.000              18               0
  143         489.013     251.765           0.000       0.000             143               0
  178        -584.664    -307.468           0.000       0.000             178               0
  153        -709.526     420.439           0.000       0.000             153               0
   24       -1308.680       5.346           0.000       0.000              24               0
  237        -230.646    -673.355           0.000       0.000             237               0
  101        -477.343     544.727           0.000       0.000             101               0
  103        -348.017    -122.590           0.000       0.000             103               0
  207        -434.627    -585.371           0.000       0.000             207               0
  117         721.378    -536.324           0.000       0.000             117               0
  149         835.733     195.950           0.000       0.000             149               0
  122        -807.595    -665.601           0.000       0.000             122               0
  171        -528.371    1344.111           0.000       0.000             171               0
   76        1055.634    -973.088           0.000       0.000              76               0
  117       -1082.291    -395.234           0.000       0.000             117               0
  217        1745.317    1039.749           0.000       0.000             217               0
  175         789.578     446.323           0.000       0.000             175               0
  250         564.291   -1028.074           0.000       0.000             250               0
  127        -506.448     520.624           0.000       0.000             127               0
   21        -958.108    -991.449           0.000       0.000              21               0
   88         317.058    -610.730           0.000       0.000              88               0
  137         228.141     753.526           0.000       0.000             137               0
  206        1469.354   -1088.479           0.000       0.000             206               0
   64        -448.715   -1077.785           0.000       0.000              64               0
  245         562.573     637.187           0.000       0.000             245               0
  189          90.292     207.639           0.000       0.000             189               0
   61        -458.737    -354.867           0.000       0.000              61               0
   51         177.340     276.470           0.000       0.000              51               0
  102       -1365.760    -163.185           0.000       0.000             102               0
   68        -536.643     766.424           0.000       0.000              68               0
   34         372.362     468.537           0.000       0.000              34               0
  222         306.279    -748.352           0.000       0.000             222               0
  187           8.680   -1663.235           0.000       0.000             187               0
   81         980.718    -121.232           0.000       0.000              81               0
  129         528.586    -257.505           0.000       0.000             129               0
  124         378.474    -153.347           0.000       0.000             124               0
   51        -682.365     104.111           0.000       0.000              51               0
   28        -478.324     368.187           0.000       0.000              28               0
  171        -709.457   -1144.969           0.000       0.000             171               0
   90        1404.640     217.763           0.000       0.000              90               0
  218        -155.930     350.339           0.000       0.000             218               0
  215         610.012    1568.995           0.000       0.000             215               0
  115         265.078    -368.380           0.000       0.000             115               0
  140        1448.019     437.873           0.000       0.000             140               0
   28        1048.783   -1114.678           0.000       0.000              28               0
  128        -102.599     169.352           0.000       0.000             128               0
    4         935.292    -609.638           0.000       0.000               4               0
  110         937.593    -437.346           0.000       0.000             110               0
  255       -1194.898     897.051           0.000       0.000             255               0
  234         324.817    -588.603           0.000       0.000             234               0
  188         -91.992    1362.912           0.000       0.000             188               0
  184       -1325.665   -1077.392           0.000       0.000             184               0
    5         410.969    -337.866           0.000       0.000               5               0
  144         742.467   -1047.615           0.000       0.000             144               0
  196       -1167.521   -1446.110           0.000       0.000             196               0
  184        -222.781    1118.388           0.000       0.000             184               0
   66         759.597     593.839           0.000       0.000              66               0
  195         620.536     974.899           0.000       0.000             195               0
  129        -847.960    2138.246           0.000       0.000             129               0
  122        -681.615    1343.670           0.000       0.000             122               0
  194        1625.220      15.833           0.000       0.000             194               0
  223        -171.253    -226.963           0.000       0.000             223               0
  237         735.779     876.557           0.000       0.000             237               0
  148        -441.097     493.864           0.000       0.000             148               0
   82         429.659    -231.772           0.000       0.000              82               0
   70        -199.373     203.131           0.000       0.000              70               0
   58        -614.287     872.315           0.000       0.000              58               0
    0         496.048    -112.836           0.000       0.000              -0               0
  123        -495.357   -1704.414           0.000       0.000             123               0
  147        -998.707      31.482           0.000       0.000             147               0
   86         827.960    -795.340           0.000       0.000              86               0
   57        -443.394    -425.380           0.000       0.000              57               0
  220         -41.885    1756.510           0.000       0.000             220               0
  127       -1336.941    -179.624           0.000       0.000             127               0
   72         473.142     812.690           0.000       0.000              72               0
   85        1545.652     241.079           0.000       0.000              85               0
   51        1309.824   -1385.203           0.000       0.000              51               0
  180         -46.176    -211.816           0.000       0.000             180               0
   60         894.533    -937.366           0.000       0.000              60               0
   25        -633.730     240.009           0.000       0.000              25               0
   15        1117.146    -155.161           0.000       0.000              15               0
  126         319.856     109.862           0.000       0.000             126               0
   24          84.182    1072.678           0.000       0.000              24               0
  199         152.501     107.913           0.000       0.000             199               0
  102         892.126     384.045           0.000       0.000             102               0
   89        1493.935     654.973           0.000       0.000              89               0
  144         190.132    -232.850           0.000       0.000             144               0
   21        -546.149     136.682           0.000       0.000              21               0
   56        1585.834     229.707           0.000       0.000              56               0
   18       -2069.670     228.602           0.000       0.000              18               0
    2         443.718     217.178           0.000       0.000               2               0
  150        -892.865   -1441.241           0.000       0.000             150               0
  153        -462.496    1003.674           0.000       0.000             153               0
   24       -2308.270     725.083           0.000       0.000              24               0
   49       -1382.239   -1568.138           0.000       0.000              49               0
  242        -562.183     609.611           0.000       0.000             242               0
    3        -908.736     -61.996           0.000       0.000               3               0
   70        1141.872   -1279.069           0.000       0.000              70               0
   22        -621.614    -101.328           0.000       0.000              22               0
  146       -2209.797    -551.850           0.000       0.000             146               0
  100         548.262     337.361           0.000       0.000             100               0
   95       -1662.825     230.370           0.000       0.000              95               0
  178        -502.302    -547.122           0.000       0.000             178               0
  141        -369.931   -1520.549           0.000       0.000             141               0
   27         610.549     817.211           0.000       0.000              27               0
  250       -1145.176     527.449           0.000       0.000             250               0
   65       -1340.363     135.243           0.000       0.000              65               0
  155        -883.369    -304.955           0.000       0.000             155               0
  121          67.483     677.108           0.000       0.000             121               0
  224       -1082.083    -190.878           0.000       0.000             224               0
  102        -859.030    1117.232           0.000       0.000             102               0
   83         -41.044    -562.947           0.000       0.000              83               0
  100        -693.555     140.299           0.000       0.000             100               0
  119         462.463     269.320           0.000       0.000             119               0
   33        -334.688    -213.500           0.000       0.000              33               0
  199         410.528    -703.215           0.000       0.000             199               0
  248         -50.962    -119.828           0.000       0.000             248               0
  188         500.022     446.226           0.000       0.000             188               0
  103         -82.543    -531.455           0.000       0.000             103               0
    7        -281.053    -116.314           0.000       0.000               7               0
  152         367.182   -1254.972           0.000       0.000             152               0
  245       -1538.823    1024.859           0.000       0.000             245               0
  230         460.810   -1245.402           0.000       0.000             230               0
  171         885.461   -1428.391           0.000       0.000             171               0
  242        1533.508    -190.294           0.000       0.000             242               0
   42         650.727     203.276           0.000       0.000              42               0
   26       -1351.652    -573.058           0.000       0.000              26               0
