SINAL     NFT                         FFT                         NFT INVERSA     FFT INVERSA
-----     -----------------------     -----------------------     -----------     -----------
   78       32892.000       0.000           0.000       0.000              78               0
  149         730.216     262.800           0.000      -0.000             149               0
  103         347.585    -389.087           0.000       0.000             103               0
  209       -1039.632    -391.798           0.000      -0.000             209               0
  102         992.506    -769.463           0.000       0.000             102               0
  121        -274.155     677.482           0.000      -0.000             121               0
   69          73.460    2021.943           0.000       0.000              69               0
   60       -1862.683     114.188           0.000      -0.000              60               0
  189       -1310.092    -144.660           0.000       0.000             189               0
  152        -242.882    -228.275           0.000      -0.000             152               0
   18         504.580     635.893           0.000       0.000              18               0
  185       -1524.185     379.755           0.000      -0.000             185               0
  229       -1389.706      82.294           0.000       0.000             229               0
   40        -272.886    -730.863           0.000      -0.000              40               0
  189        -306.715     -80.089           0.000       0.000             189               0
  168        1532.519   -1107.154           0.000      -0.000             168               0
  100        1347.390    -573.535           0.000       0.000             100               0
  139        -364.740    -324.109           0.000      -0.000             139               0
  238         394.082    -633.748           0.000       0.000             238               0
  169        -195.965     321.042           0.000      -0.000             169               0
  161        -317.107    1707.307           0.000       0.000             161               0
  204       -1426.128     128.269           0.000      -0.000             204               0
  125         729.975     900.011           0.000       0.000             125               0
  235       -1685.785   -1115.910           0.000      -0.000             235               0
    5        -793.891   -2142.063           0.000       0.000               5               0
   67          -0.359     258.949           0.000      -0.000              67               0
  230         829.374   -1267.956           0.000       0.000             230               0
   46         954.800    -164.979           0.000      -0.000              46               0
  163        1322.113    -198.473           0.000       0.000             163               0
  127        -688.427   -1241.223           0.000      -0.000             127               0
   83        -260.372     163.207           0.000       0.000              83               0
  252         340.193    -136.324           0.000      -0.000             252               0
   45        -255.669    1075.903           0.000       0.000              45               0
  222        -523.119    -140.259           0.000      -0.000             222               0
  176        -172.445     -32.419           0.000       0.000             176               0
  181         -86.953    -632.122           0.000      -0.000             181               0
  112       -1469.630    1123.729           0.000       0.000             112               0
  182         -90.743    -657.290           0.000      -0.000             182               0
  160        -368.423     906.372           0.000       0.000             160               0
  196        -438.962   -1922.377           0.000      -0.000             196               0
   11        -340.711    -266.831           0.000       0.000              11               0
  168         275.726   -1061.773           0.000      -0.000             168               0
   20        -940.911    -408.541           0.000       0.000              20               0
   43        1173.855    -900.996           0.000      -0.000              43               0
   69        -488.323     942.498           0.000       0.000              69               0
  140         685.430     -94.187           0.000      -0.000             140               0
  248        -324.999    -322.683           0.000       0.000             248               0
  134        -663.910     631.045           0.000      -0.000             134               0
  221         470.149    -211.172           0.000       0.000             221               0
  116       -1362.224    -751.657           0.000      -0.000             116               0
  199         742.034    -579.648           0.000       0.000             199               0
    2        -670.470     531.266           0.000      -0.000               2               0
  174         647.996     698.718           0.000       0.000             174               0
   59       -1675.802     358.642           0.000      -0.000              59               0
  203        -744.872   -1516.149           0.000       0.000             203               0
   73        -100.263    1317.035           0.000      -0.000              73               0
  211         421.747    -859.199           0.000       0.000             211               0
   95         395.876     115.689           0.000      -0.000              95               0
   54        -142.842     201.351           0.000       0.000              54               0
  246        -439.507    -620.581           0.000      -0.000             246               0
   88         541.056     124.008           0.000       0.000              88               0
   80         927.345    -335.360           0.000      -0.000              80               0
    6        -293.277    -829.802           0.000       0.000               6               0
  231        -577.148    -400.686           0.000      -0.000             231               0
   20         623.017     179.036           0.000       0.000              20               0
  160         419.801    -257.057           0.000      -0.000             160               0
   23         287.029    -234.135           0.000       0.000              23               0
  149        1162.090    1540.731           0.000      -0.000             149               0
  206        1756.896    -590.780           0.000       0.000             206               0
  130         200.351    -456.565           0.000      -0.000             130               0
  149        1396.854    -636.348           0.000       0.000             149               0
   39         207.701      39.270           0.000      -0.000              39               0
  164       -1001.452     652.434           0.000       0.000             164               0
  125        1264.051    -641.155           0.000      -0.000             125               0
  105        -373.659     620.043           0.000       0.000             105               0
  150        -811.576     225.280           0.000      -0.000             150               0
  162       -2136.782    -912.434           0.000       0.000             162               0
   28        -587.975    -242.760           0.000      -0.000              28               0
  115        1079.992   -1097.503           0.000       0.000             115               0
  182          26.689     784.160           0.000      -0.000             182               0
  173        -973.184     734.176           0.000       0.000             173               0
  166         210.313     617.021           0.000      -0.000             166               0
  141        -155.242     510.999           0.000       0.000             141               0
  156        -371.024     -38.480           0.000      -0.000             156               0
  211        -564.122     -79.307           0.000       0.000             211               0
   41          98.151      62.536           0.000      -0.000              41               0
   93        2068.266    1109.410           0.000       0.000              93               0
  128       -1036.759    1231.708           0.000      -0.000             128               0
  112        1114.105    -131.151           0.000       0.000             112               0
  114         380.172     326.574           0.000      -0.000             114               0
   86         773.376     311.692           0.000       0.000              86               0
  157         -18.865     247.804           0.000      -0.000             157               0
  204         226.191   -1800.504           0.000       0.000             204               0
   16        -708.449    -461.399           0.000      -0.000              16               0
   27        -578.748    -764.456           0.000       0.000              27               0
   58         -48.763    -568.923           0.000      -0.000              58               0
  119       -1224.286   -1114.139           0.000       0.000             119               0
   24         501.260     799.520           0.000      -0.000              24               0
  114        -528.190    1071.673           0.000       0.000             114               0
  153        1259.728    -833.093           0.000      -0.000             153               0
   47          73.046     531.549           0.000       0.000              47               0
  201        -669.343   -1055.126           0.000      -0.000             201               0
  244        -437.695   -2380.115           0.000       0.000             244               0
   96        -341.052    -626.216           0.000      -0.000              96               0
   34        -203.686    -199.006           0.000       0.000              34               0
   41       -1271.816     -87.238           0.000      -0.000              41               0
  164         959.431     -45.766           0.000       0.000             164               0
   75         657.658    -633.495           0.000      -0.000              75               0
   68        -145.253     653.135           0.000       0.000              68               0
  148        1951.072   -1117.464           0.000      -0.000             148               0
   34         766.469     823.436           0.000       0.000              34               0
  132         -45.822    -996.996           0.000      -0.000             132               0
   56         -20.465     627.863           0.000       0.000              56               0
  243         423.578     314.140           0.000      -0.000             243               0
  126         -20.238   -1507.594           0.000       0.000             126               0
   22        -292.797    -634.752           0.000      -0.000              22               0
  136       -1024.700     499.006           0.000       0.000             136               0
   67        1042.102    1715.097           0.000      -0.000              67               0
  230         764.567    -298.403           0.000       0.000             230               0
  219        -432.226   -1759.052           0.000      -0.000             219               0
  255        -189.975     -89.524           0.000       0.000             255               0
   13       -1750.009    1446.000           0.000      -0.000              13               0
  101        1183.574     832.848           0.000       0.000             101               0
   80        -491.017     620.015           0.000      -0.000              80               0
  160         439.704     -25.847           0.000       0.000             160               0
  220        -928.771     400.028           0.000      -0.000             220               0
  241        -403.844   -1409.184           0.000       0.000             241               0
  163        -279.553    -100.280           0.000      -0.000             163               0
  226          70.000       0.033           0.000       0.000             226               0
  144        -279.591     100.301           0.000       0.000             144               0
  106        -404.091    1409.084           0.000       0.000             106               0
   46        -928.646    -400.280           0.000       0.000              46               0
  213         439.758      25.855           0.000       0.000             213               0
  136        -490.867    -620.160           0.000       0.000             136               0
  194        1183.675    -832.663           0.000       0.000             194               0
    8       -1749.794   -1446.183           0.000       0.000               8               0
    5        -189.890      89.692           0.000       0.000               5               0
  191        -432.402    1759.029           0.000       0.000             191               0
  139         764.620     298.412           0.000       0.000             139               0
  239        1042.349   -1714.928           0.000       0.000             239               0
  221       -1024.649    -499.017           0.000       0.000             221               0
   48        -292.830     634.856           0.000       0.000              48               0
  102         -20.402    1507.595           0.000       0.000             102               0
  232         423.692    -314.128           0.000       0.000             232               0
   53         -20.311    -627.809           0.000       0.000              53               0
  114         -45.889     997.020           0.000       0.000             114               0
    3         766.722    -823.269           0.000       0.000               3               0
   64        1950.856    1117.830           0.000       0.000              64               0
  225        -145.230    -653.137           0.000       0.000             225               0
  165         657.508     633.665           0.000       0.000             165               0
    3         959.270      45.956           0.000       0.000               3               0
  233       -1271.951      87.088           0.000       0.000             233               0
   79        -203.739     199.068           0.000       0.000              79               0
  240        -341.181     626.287           0.000       0.000             240               0
   73        -438.098    2380.044           0.000       0.000              73               0
  176        -669.466    1054.844           0.000       0.000             176               0
   28          73.233    -531.650           0.000       0.000              28               0
   52        1259.577     833.201           0.000       0.000              52               0
  199        -528.066   -1071.848           0.000       0.000             199               0
   78         501.333    -799.351           0.000       0.000              78               0
  161       -1224.506    1114.013           0.000       0.000             161               0
  219         -48.829     568.910           0.000       0.000             219               0
  203        -578.854     764.331           0.000       0.000             203               0
   94        -708.433     461.251           0.000       0.000              94               0
   91         226.000    1800.406           0.000       0.000              91               0
   37         -18.722    -248.017           0.000       0.000              37               0
  113         773.504    -311.700           0.000       0.000             113               0
  122         380.266    -326.611           0.000       0.000             122               0
   29        1114.049     131.205           0.000       0.000              29               0
   99       -1036.525   -1231.990           0.000       0.000              99               0
    1        2068.454   -1109.046           0.000       0.000               1               0
  144          98.014     -62.472           0.000       0.000             144               0
  215        -564.219      79.215           0.000       0.000             215               0
  163        -371.051      38.377           0.000       0.000             163               0
  196        -155.157    -511.068           0.000       0.000             196               0
  162         210.378    -616.990           0.000       0.000             162               0
  191        -973.062    -734.294           0.000       0.000             191               0
   64          26.889    -784.018           0.000       0.000              64               0
    5        1079.757    1097.790           0.000       0.000               5               0
  187        -588.160     242.686           0.000       0.000             187               0
   57       -2136.926     912.046           0.000       0.000              57               0
  184        -811.377    -225.485           0.000       0.000             184               0
   30        -373.356    -620.090           0.000       0.000              30               0
   62        1264.042     641.370           0.000       0.000              62               0
  193       -1001.259    -652.604           0.000       0.000             193               0
   26         207.906     -39.167           0.000       0.000              26               0
   89        1396.865     636.618           0.000       0.000              89               0
  182         200.365     456.577           0.000       0.000             182               0
   44        1756.854     590.976           0.000       0.000              44               0
   63        1162.277   -1540.557           0.000       0.000              63               0
  234         286.910     234.265           0.000       0.000             234               0
  138         419.703     257.155           0.000       0.000             138               0
   70         622.950    -178.891           0.000       0.000              70               0
  100        -577.289     400.650           0.000       0.000             100               0
  148        -293.387     829.755           0.000       0.000             148               0
   24         927.290     335.468           0.000       0.000              24               0
  228         540.982    -123.935           0.000       0.000             228               0
  197        -439.688     620.477           0.000       0.000             197               0
  147        -142.822    -201.421           0.000       0.000             147               0
  152         395.869    -115.616           0.000       0.000             152               0
  205         421.516     859.216           0.000       0.000             205               0
  241        -100.170   -1317.046           0.000       0.000             241               0
  162        -745.235    1516.029           0.000       0.000             162               0
  133       -1675.707    -359.025           0.000       0.000             133               0
  245         648.169    -698.626           0.000       0.000             245               0
  252        -670.365    -531.305           0.000       0.000             252               0
  232         741.915     579.848           0.000       0.000             232               0
  222       -1362.352     751.419           0.000       0.000             222               0
  127         470.153     211.187           0.000       0.000             127               0
  115        -663.793    -631.164           0.000       0.000             115               0
  166        -324.972     322.652           0.000       0.000             166               0
  140         685.449      94.282           0.000       0.000             140               0
   37        -488.136    -942.512           0.000       0.000              37               0
   26        1173.681     901.293           0.000       0.000              26               0
  223        -941.026     408.429           0.000       0.000             223               0
   35         275.547    1061.825           0.000       0.000              35               0
  160        -340.790     266.769           0.000       0.000             160               0
  110        -439.291    1922.195           0.000       0.000             110               0
   59        -368.261    -906.566           0.000       0.000              59               0
   52         -90.873     657.193           0.000       0.000              52               0
  173       -1469.400   -1124.016           0.000       0.000             173               0
  108         -86.951     632.114           0.000       0.000             108               0
    4        -172.385      32.341           0.000       0.000               4               0
   47        -523.061     140.103           0.000       0.000              47               0
  165        -255.371   -1075.947           0.000       0.000             165               0
  108         340.259     136.448           0.000       0.000             108               0
  219        -260.278    -163.165           0.000       0.000             219               0
  233        -688.471    1241.147           0.000       0.000             233               0
  112        1322.229     198.671           0.000       0.000             112               0
  103         954.793     165.168           0.000       0.000             103               0
  187         829.101    1268.077           0.000       0.000             187               0
    8          -0.424    -258.949           0.000       0.000               8               0
   84        -794.325    2141.886           0.000       0.000              84               0
   20       -1685.894    1115.388           0.000       0.000              20               0
   30         730.202    -900.094           0.000       0.000              30               0
   38       -1426.045    -128.648           0.000       0.000              38               0
   34        -316.660   -1707.402           0.000       0.000              34               0
  248        -195.745    -320.982           0.000       0.000             248               0
  251         394.118     633.867           0.000       0.000             251               0
  241        -364.621     324.055           0.000       0.000             241               0
  251        1347.452     573.759           0.000       0.000             251               0
  199        1532.311    1107.336           0.000       0.000             199               0
   90        -306.806      79.934           0.000       0.000              90               0
   80        -273.049     730.698           0.000       0.000              80               0
  243       -1389.668     -82.682           0.000       0.000             243               0
  207       -1523.929    -380.131           0.000       0.000             207               0
  114         504.887    -635.865           0.000       0.000             114               0
  200        -242.817     228.191           0.000       0.000             200               0
  114       -1309.961     144.340           0.000       0.000             114               0
  252       -1862.317    -114.655           0.000       0.000             252               0
   26          74.240   -2021.977           0.000       0.000              26               0
  128        -273.576    -677.406           0.000       0.000             128               0
  188         992.847     769.705           0.000       0.000             188               0
   87       -1039.084     391.611           0.000       0.000              87               0
   67         348.498     389.089           0.000       0.000              67               0
    6         732.035    -262.730           0.000       0.000               6               0
