SINAL     NFT                         FFT                         NFT INVERSA     FFT INVERSA
-----     -----------------------     -----------------------     -----------     -----------
   75       31613.000       0.000           0.000       0.000              75               1
  130       -1451.899    -242.581         -15.616      22.518             130               0
   61        -124.152    -684.190           0.000       0.000              61              -0
  131        1491.492    -908.887         -66.546      24.736             131               0
  247        -852.199    -738.770           0.000       0.000             247               0
  191         626.539     910.015          64.655      34.503             191              -0
   26       -1189.491   -1609.293           0.000       0.000              26              -0
  206        -427.092    -102.825         -15.463      19.321             206               0
   93        1432.409      84.535           0.000       0.000              93               0
   44          73.992    -754.450          -1.976       2.325              44               0
  144        -221.779     -11.084           0.000       0.000             144              -0
   85         130.915     417.941         -18.776       4.949              85               0
  245         -19.891     378.908           0.000       0.000             245               0
  228       -1472.904    -869.750          23.532      15.701             228              -0
   36        1124.188    1276.606           0.000       0.000              36              -0
  181       -1282.166     881.747          -5.106       9.841             181               0
   72         867.387    -116.773           0.000       0.000              72               0
  181        -416.470   -2076.925          -1.168       1.128             181               0
  209        -377.299     321.265           0.000       0.000             209              -0
   61         226.283    -702.011         -11.166       1.797              61               0
  178        -340.623    -167.971           0.000       0.000             178               0
   60        1301.770   -1358.411          13.638      11.177              60              -0
  140        -862.548    -527.662           0.000       0.000             140              -0
  140         303.809    -354.589          -5.833       4.908             140               0
    1         182.459     113.805           0.000       0.000               1               0
   99        -246.813    -416.331          -0.873       0.691              99               0
  189         612.175     829.328           0.000       0.000             189              -0
   89        1070.188    -502.976          -8.018       0.493              89               0
  250         510.333     792.653           0.000       0.000             250               0
   29       -1220.666    -324.936           9.126       9.114              29              -0
  230        -266.596    -710.578           0.000       0.000             230              -0
  129         198.176    1120.301          -2.722       4.670             129               0
   80        -384.972    1047.701           0.000       0.000              80               0
  168        -537.850     214.502          -0.718       0.462             168               0
  147        -617.807     -53.184           0.000       0.000             147              -0
   12         179.310     443.824          -6.271      -0.231              12               0
  254        -859.497     905.058           0.000       0.000             254               0
   95          49.083    1586.494           6.505       7.916              95              -0
    3         662.281    1240.210           0.000       0.000               3              -0
  241        -155.727     207.537          -4.039       2.223             241               0
  108        -965.366     563.248           0.000       0.000             108               0
  103       -1635.203     953.562          -0.621       0.318             103               0
    2          46.081     -82.882           0.000       0.000               2              -0
   88        -135.033     268.187          -5.142      -0.698              88               0
   75         -36.441     319.354           0.000       0.000              75               0
    0        -956.869    -860.496           4.764       7.120              -0              -0
  136         264.199    -569.717           0.000       0.000             136              -0
  206        -312.578     773.788          -2.847       2.396             206               0
  244        -730.818   -1380.771           0.000       0.000             244               0
   29         840.382     469.524          -0.553       0.218              29               0
  212       -1114.108   -1910.739           0.000       0.000             212              -0
    5        -513.401     197.940          -4.340      -1.031               5               0
   82         123.262      69.396           0.000       0.000              82               0
  157         131.606      24.529           3.503       6.543             157              -0
  232        -454.336    -165.174           0.000       0.000             232              -0
   23         -73.953     611.667          -3.239       1.026              23               0
   36        -430.183     359.283           0.000       0.000              36               0
  101         570.298     966.013          -0.502       0.143             101               0
  110        1045.262      62.531           0.000       0.000             110              -0
   90         862.020    -167.410          -3.730      -1.283              90               0
  132         183.417     201.644           0.000       0.000             132               0
   59        -272.790    1536.310           2.531       6.099              59              -0
  240       -1235.417    -367.111           0.000       0.000             240              -0
  189        -149.463   -1430.259          -2.147       1.899             189               0
   49         654.050    -746.965           0.000       0.000              49               0
  246         582.075    1094.571          -0.462       0.084             246               0
  146          92.861   -1187.756           0.000       0.000             146              -0
  207        1578.088    -487.410          -3.243      -1.485             207               0
   97        -474.253    -310.425           0.000       0.000              97               0
  118         197.487    1029.866           1.745       5.739             118              -0
   82         621.335     626.095           0.000       0.000              82              -0
   16         472.693    -709.957          -2.758       0.306              16               0
  107        -490.329    -789.198           0.000       0.000             107               0
   64          50.279    -871.591          -0.429       0.035              64               0
  202       -1070.585    -151.161           0.000       0.000             202              -0
   42        -272.749     232.517          -2.837      -1.653              42               0
   69         125.418    1424.195           0.000       0.000              69               0
   84         131.796   -1133.112           1.085       5.438              84              -0
  144         160.024    -768.395           0.000       0.000             144              -0
   38        -581.155   -1006.332          -2.346       0.743              38               0
  199        -131.712   -1277.010           0.000       0.000             199               0
   55        -267.770     791.766          -0.401      -0.007              55               0
   95          72.362    -742.816           0.000       0.000              95              -0
  162          65.011    -387.964          -2.488      -1.798             162               0
   83        -840.525    -391.608           0.000       0.000              83               0
  201         -21.958    -330.205           0.513       5.176             201              -0
   58        -165.152   -1809.420           0.000       0.000              58              -0
  235        1496.025   -1093.393          -2.415      -0.208             235               0
  247       -1262.811    -549.497           0.000       0.000             247               0
  119       -1501.564     592.110          -0.376      -0.044             119               0
  124        1039.911    -730.833           0.000       0.000             124              -0
  165         588.779     258.555          -2.178      -1.926             165               0
  132         212.689    -381.623           0.000       0.000             132               0
  223         718.467    -164.803           0.003       4.943             223              -0
  208       -1910.574    -188.076           0.000       0.000             208              -0
  223        -367.982   -1429.345          -2.112       0.557             223               0
  140        -935.155    1739.728           0.000       0.000             140               0
  254        -404.474     825.051          -0.354      -0.077             254              -0
  222       -1145.482    2294.101           0.000       0.000             222              -0
  169         849.490     540.848          -1.897      -2.043             169               0
  160        1106.988    -828.994           0.000       0.000             160               0
   70         489.892     515.069          -0.463       4.730              70              -0
   64         762.977     177.978           0.000       0.000              64              -0
  209        1435.648   -1544.903          -2.139      -0.620             209               0
   57          78.393      88.036           0.000       0.000              57               0
  148          49.965     105.051          -0.333      -0.107             148              -0
  115         849.605    -122.621           0.000       0.000             115              -0
  130         427.210     416.445          -1.636      -2.151             130               0
  168        -144.716    -136.098           0.000       0.000             168               0
  238       -1580.305    -229.390          -0.898       4.531             238              -0
  167        -191.492     524.279           0.000       0.000             167              -0
  174        -335.521     545.805          -2.067      -0.178             174               0
   92        -168.634   -1233.113           0.000       0.000              92               0
   73         262.292    -859.465          -0.314      -0.136              73              -0
  173        -431.021     175.441           0.000       0.000             173              -0
   23         154.847   -2381.343          -1.388      -2.253              23               0
   64         471.778     575.802           0.000       0.000              64               0
   61         202.801    2207.755          -1.314       4.341              61              -0
    4        1632.436      34.467           0.000       0.000               4              -0
   62         533.777     858.733          -1.896      -0.984              62               0
   54       -2552.600   -1161.206           0.000       0.000              54               0
   93         409.642    -556.575          -0.295      -0.164              93              -0
   81        -842.146   -1164.178           0.000       0.000              81              -0
  161         720.347    -726.286          -1.148      -2.353             161               0
  165         -13.978     609.344           0.000       0.000             165               0
  230        -575.530    -618.430          -1.718       4.156             230              -0
  149        -477.480     796.999           0.000       0.000             149              -0
  150        1025.332     891.475           0.000       0.000             150               0
   23        -273.000      -0.065           0.000       0.000              23               0
  232        1025.443    -891.327          -0.276      -0.192             232              -0
  138        -477.430    -796.986           0.000       0.000             138              -0
   21        -575.633     618.413          -0.911      -2.451              21               0
   20         -13.836    -609.261           0.000       0.000              20               0
  124         720.187     726.530          -2.120       3.972             124              -0
  113        -842.382    1164.063           0.000       0.000             113              -0
  233         409.493     556.611          -1.664      -1.332             233               0
    5       -2552.723    1160.661           0.000       0.000               5               0
  144         534.152    -858.767          -0.258      -0.219             144              -0
  150        1632.500     -34.280           0.000       0.000             150              -0
   52         203.134   -2207.687          -0.672      -2.550              52               0
  179         471.840    -575.473           0.000       0.000             179               0
  184         154.385    2381.473          -2.526       3.786             184              -0
   54        -431.020    -175.531           0.000       0.000              54              -0
   68         262.130     859.531          -1.832      -0.951              68               0
  218        -168.885    1232.987           0.000       0.000             218               0
  242        -335.456    -545.981          -0.239      -0.247             242              -0
  255        -191.441    -524.325           0.000       0.000             255              -0
  142       -1580.289     229.130          -0.427      -2.652             142               0
  232        -144.577     136.040           0.000       0.000             232               0
   56         427.411    -416.384          -2.946       3.594              56              -0
  154         849.640     122.775           0.000       0.000             154              -0
  124          50.012    -105.032          -1.423      -1.692             124               0
  150          78.500     -87.965           0.000       0.000             150               0
    8        1435.436    1545.109          -0.219      -0.277               8              -0
  249         762.961    -177.975           0.000       0.000             249              -0
   51         489.934    -515.030          -0.169      -2.758              51               0
  184        1106.761     829.091           0.000       0.000             184               0
  224         849.373    -540.888          -3.388       3.392             224              -0
    1       -1145.273   -2294.331           0.000       0.000               1              -0
  166        -404.423    -825.027          -1.868      -1.089             166               0
  120        -934.914   -1739.674           0.000       0.000             120               0
  239        -368.256    1429.480          -0.198      -0.308             239              -0
  120       -1910.523     187.815           0.000       0.000             120              -0
  199         718.578     164.992           0.106      -2.872             199               0
   83         212.673     381.707           0.000       0.000              83               0
  241         588.838    -258.386          -3.863       3.175             241              -0
   35        1039.672     731.065           0.000       0.000              35              -0
  254       -1501.565    -592.279          -1.153      -2.096             254               0
  147       -1262.788     549.439           0.000       0.000             147               0
    3        1495.907    1093.756          -0.175      -0.342               3              -0
   85        -165.511    1809.381           0.000       0.000              85              -0
  125         -22.057     330.128           0.407      -2.997             125               0
  203        -840.587     391.435           0.000       0.000             203               0
   86          64.989     387.955          -4.387       2.936              86              -0
  117          72.240     742.771           0.000       0.000             117              -0
    1        -267.639    -791.796          -1.559      -1.852               1               0
  109        -131.920    1277.044           0.000       0.000             109               0
  124        -581.285    1006.187          -0.150      -0.379             124              -0
    3         159.951     768.334           0.000       0.000               3              -0
  251         131.626    1132.950           0.745      -3.137             251               0
  155         125.644   -1424.304           0.000       0.000             155               0
  167        -272.740    -232.543          -4.978       2.665             167              -0
  172       -1070.563     151.020           0.000       0.000             172              -0
  226          50.224     871.600          -0.821      -2.592             226               0
  207        -490.357     789.042           0.000       0.000             207               0
  142         472.691     709.887          -0.120      -0.423             142              -0
   48         621.490    -626.134           0.000       0.000              48              -0
  134         197.674   -1029.840           1.135      -3.298             134               0
  167        -474.213     310.396           0.000       0.000             167               0
  205        1578.058     487.684          -5.665       2.351             205              -0
   85          92.634    1187.675           0.000       0.000              85              -0
  185         582.246   -1094.532          -1.853      -2.095             185               0
  165         653.849     747.104           0.000       0.000             165               0
    3        -149.814    1430.126          -0.086      -0.474               3              -0
   54       -1235.489     366.674           0.000       0.000              54              -0
  152        -272.440   -1536.487           1.599      -3.491             152               0
  139         183.553    -201.628           0.000       0.000             139               0
  243         862.053     167.500          -6.491       1.974             243              -0
  106        1045.240     -62.458           0.000       0.000             106              -0
  131         570.347    -965.976          -0.363      -3.278             131               0
  249        -430.216    -359.358           0.000       0.000             249               0
   93         -73.903    -611.651          -0.043      -0.536              93              -0
   48        -454.389     165.136           0.000       0.000              48              -0
  133         131.596     -24.496           2.173      -3.729             133               0
   84         123.212     -69.352           0.000       0.000              84               0
  105        -513.435    -197.942          -7.523       1.502             105              -0
  110       -1114.392    1910.538           0.000       0.000             110              -0
   34         840.473    -469.451          -1.083      -3.420              34               0
  228        -731.088    1380.564           0.000       0.000             228               0
   36        -312.425    -773.938           0.011      -0.617              36              -0
   39         264.082     569.728           0.000       0.000              39              -0
   36        -957.020     860.202           2.918      -4.037              36               0
  134         -36.353    -319.523           0.000       0.000             134               0
   56        -134.988    -268.327          -8.881       0.881              56              -0
  125          46.009      82.746           0.000       0.000             125              -0
   87       -1635.051    -953.966           0.378      -4.387              87               0
  109        -965.145    -563.484           0.000       0.000             109               0
  123        -155.538    -207.674           0.084      -0.725             123              -0
   99         662.566   -1240.209           0.000       0.000              99              -0
   51          49.342   -1586.489           3.946      -4.463              51               0
   43        -859.306    -905.127           0.000       0.000              43               0
  244         179.439    -443.710         -10.792       0.007             244              -0
   68        -617.778      53.122           0.000       0.000              68              -0
   88        -537.728    -214.607          -1.298      -4.926              88               0
   25        -384.679   -1047.750           0.000       0.000              25               0
  196         198.458   -1120.131           0.192      -0.885             196              -0
   43        -266.656     710.660           0.000       0.000              43              -0
  173       -1220.560     324.743           5.495      -5.104             173               0
   67         510.689    -792.521           0.000       0.000              67               0
  223        1070.222     503.207         -13.749      -1.345             223               0
   93         612.339    -829.162           0.000       0.000              93              -0
   75        -246.843     416.388           1.958      -6.752              75               0
  108         182.551    -113.692           0.000       0.000             108               0
  128         303.788     354.741           0.370      -1.149             128              -0
  249        -862.529     527.610           0.000       0.000             249              -0
    4        1301.630    1358.640           8.160      -6.208               4               0
  203        -340.629     167.883           0.000       0.000             203               0
   79         226.214     702.019         -19.078      -3.782              79               0
   74        -377.193    -321.309           0.000       0.000              74              -0
   26        -416.698    2076.799           0.841      -9.762              26               0
   16         867.432     116.716           0.000       0.000              16               0
  143       -1281.921    -882.091           0.732      -1.685             143              -0
   95        1124.495   -1276.389           0.000       0.000              95              -0
    8       -1472.956     869.533          14.004      -8.629               8               0
   58         -19.620    -378.949           0.000       0.000              58               0
  131         131.163    -417.891         -31.960      -9.672             131               0
  156        -221.584      11.114           0.000       0.000             156              -0
  213          74.118     754.481           8.871     -17.098             213               0
  218        1432.589     -84.300           0.000       0.000             218               0
   14        -426.998     102.806           1.907      -3.424              14              -0
   20       -1189.475    1609.045           0.000       0.000              20              -0
   57         627.048    -909.963          38.296     -18.691              57               0
   59        -851.869     738.657           0.000       0.000              59               0
  156        1491.887     909.086        -112.830     -46.647             156               0
  199        -123.577     684.054           0.000       0.000             199              -0
   56       -1450.304     242.195           0.000       0.000              56               0
