SINAL     NFT                         FFT                         NFT INVERSA     FFT INVERSA
-----     -----------------------     -----------------------     -----------     -----------
  254       31870.000       0.000           0.000       0.000             254               0
  190         303.959     402.262           0.000      -0.000             190               0
   72         154.084     894.326           0.000       0.000              72               0
  128        -914.272    -585.764           0.000      -0.000             128               0
   31         809.249    -946.218           0.000       0.000              31               0
   80        -389.451     662.029           0.000      -0.000              80               0
  120        -628.913     244.639           0.000       0.000             120               0
   11         366.087    1439.102           0.000      -0.000              11               0
  190         433.441    2634.460           0.000       0.000             190               0
   14        1460.982     194.843           0.000      -0.000              14               0
   49         635.852   -1305.575           0.000       0.000              49               0
   57        -887.743    1362.408           0.000      -0.000              57               0
  111          98.068      82.408           0.000       0.000             111               0
  141        1270.500     512.587           0.000      -0.000             141               0
  115        -101.934     892.534           0.000       0.000             115               0
   80        -191.500      42.673           0.000      -0.000              80               0
  190         866.686     536.931           0.000       0.000             190               0
  146         -26.360     868.206           0.000      -0.000             146               0
  140        -523.804      36.004           0.000       0.000             140               0
  164        -258.133    -926.507           0.000      -0.000             164               0
   69        1122.713    -760.215           0.000       0.000              69               0
  110         974.070     926.718           0.000      -0.000             110               0
  100        -986.509    -788.070           0.000       0.000             100               0
  240        -438.399    -464.024           0.000      -0.000             240               0
   84       -1747.259      20.282           0.000       0.000              84               0
   53         607.778     344.379           0.000      -0.000              53               0
  248         412.928    -757.446           0.000       0.000             248               0
  238        -510.395    -385.558           0.000      -0.000             238               0
  237        1252.294      43.271           0.000       0.000             237               0
  129         441.833     -38.816           0.000      -0.000             129               0
  178         308.464       6.729           0.000       0.000             178               0
   90        1338.123   -1241.857           0.000      -0.000              90               0
  149        1176.068     279.518           0.000       0.000             149               0
   85       -1123.590      41.208           0.000      -0.000              85               0
  154        1233.039     619.440           0.000       0.000             154               0
  250         189.935     242.139           0.000      -0.000             250               0
   32        1188.008    1174.609           0.000       0.000              32               0
  201         730.551    -394.418           0.000      -0.000             201               0
    0        -122.677     970.192           0.000       0.000               0               0
  149        -643.770     880.310           0.000      -0.000             149               0
  111        -461.782   -1577.655           0.000       0.000             111               0
  107        -276.607    -778.595           0.000      -0.000             107               0
   19        -220.752     807.360           0.000       0.000              19               0
  106         665.823    -163.614           0.000      -0.000             106               0
   42       -1169.560     473.056           0.000       0.000              42               0
   14         979.203   -1545.617           0.000      -0.000              14               0
   80        1133.136    -510.912           0.000       0.000              80               0
   15        -867.148    -677.437           0.000      -0.000              15               0
   81         950.500      66.565           0.000       0.000              81               0
  123         -90.836   -1494.005           0.000      -0.000             123               0
  177          53.897    -376.923           0.000       0.000             177               0
   28         326.994     920.842           0.000      -0.000              28               0
  176       -1248.244    -623.891           0.000       0.000             176               0
  139         694.388    1197.878           0.000      -0.000             139               0
  121        -273.016   -1274.994           0.000       0.000             121               0
   24        -114.931     311.507           0.000      -0.000              24               0
   92        -292.173    1309.332           0.000       0.000              92               0
  228         840.495   -1142.493           0.000      -0.000             228               0
  228        1739.574    -272.047           0.000       0.000             228               0
  185        1120.866    -189.053           0.000      -0.000             185               0
  200        -314.048    -368.380           0.000       0.000             200               0
  167         408.354    1013.569           0.000      -0.000             167               0
  142        -364.061     152.893           0.000       0.000             142               0
  151        -226.196     -47.439           0.000      -0.000             151               0
  244        -934.016     649.936           0.000       0.000             244               0
    0        1047.061    -295.329           0.000      -0.000              -0               0
   60        -362.260    -696.298           0.000       0.000              60               0
  188        -146.664    -371.376           0.000      -0.000             188               0
   72        2025.719   -1230.726           0.000       0.000              72               0
    8        1064.928   -1118.265           0.000      -0.000               8               0
  100        -206.244    -223.465           0.000       0.000             100               0
  174          69.418    1019.334           0.000      -0.000             174               0
  102         374.800     418.287           0.000       0.000             102               0
   46        -665.046    -889.355           0.000      -0.000              46               0
  140         654.974    -106.445           0.000       0.000             140               0
   45        -397.112    1739.846           0.000      -0.000              45               0
   63         415.869    1125.242           0.000       0.000              63               0
  110        -613.011     549.948           0.000      -0.000             110               0
   62          52.792   -1564.379           0.000       0.000              62               0
  212        -487.912    -555.205           0.000      -0.000             212               0
  175        1083.487     733.216           0.000       0.000             175               0
   27         855.297   -1426.340           0.000      -0.000              27               0
  251       -1042.540     854.132           0.000       0.000             251               0
  172        1683.416     510.573           0.000      -0.000             172               0
  187        -897.041    -313.947           0.000       0.000             187               0
   86         566.419    -206.467           0.000      -0.000              86               0
  252       -1429.565     594.427           0.000       0.000             252               0
   41         436.429     450.024           0.000      -0.000              41               0
    7         625.183    -600.428           0.000       0.000               7               0
  160        1670.454     278.697           0.000      -0.000             160               0
  239         740.716     855.862           0.000       0.000             239               0
  255        -225.748    -269.271           0.000      -0.000             255               0
  128        -891.175     909.505           0.000       0.000             128               0
    6          83.168    -756.534           0.000      -0.000               6               0
   30         147.930     295.153           0.000       0.000              30               0
  108         270.006    -435.212           0.000      -0.000             108               0
  178        1475.896     215.550           0.000       0.000             178               0
   81         558.310    -629.120           0.000      -0.000              81               0
   32        1338.414    -606.363           0.000       0.000              32               0
  198         551.733     459.173           0.000      -0.000             198               0
   85        -381.898     386.390           0.000       0.000              85               0
  121         333.294   -1422.554           0.000      -0.000             121               0
  167        -247.752     493.754           0.000       0.000             167               0
   15         160.777     280.566           0.000      -0.000              15               0
   91         598.529    -792.397           0.000       0.000              91               0
  173        -795.549    -682.700           0.000      -0.000             173               0
  166       -1020.040    1017.638           0.000       0.000             166               0
    1        -245.719   -1481.384           0.000      -0.000               1               0
  193         248.953    1202.580           0.000       0.000             193               0
  103        -873.685     198.236           0.000      -0.000             103               0
  174          32.267    -329.690           0.000       0.000             174               0
  204         741.421    -210.493           0.000      -0.000             204               0
  192        -348.739     -84.510           0.000       0.000             192               0
   24         505.503   -1944.046           0.000      -0.000              24               0
  243        -427.986    -206.067           0.000       0.000             243               0
   70       -1121.090    1003.877           0.000      -0.000              70               0
   82       -1177.723    1145.083           0.000       0.000              82               0
   43         141.923    -337.718           0.000      -0.000              43               0
  252         502.580    1728.241           0.000       0.000             252               0
   16         -12.387      64.981           0.000      -0.000              16               0
  254       -1218.683    -822.639           0.000       0.000             254               0
  161        -857.954     356.042           0.000      -0.000             161               0
  137         -98.044    -678.496           0.000       0.000             137               0
   10          49.290     769.305           0.000      -0.000              10               0
   92         934.509    -332.517           0.000       0.000              92               0
  132          99.146    -461.344           0.000      -0.000             132               0
  141        1827.035     -64.108           0.000       0.000             141               0
  170       -2014.896    1226.096           0.000      -0.000             170               0
  126        1750.000       0.070           0.000       0.000             126               0
   53       -2014.661   -1226.485           0.000       0.000              53               0
  252        1827.109      64.445           0.000       0.000             252               0
    3          99.029     461.340           0.000       0.000               3               0
  224         934.388     332.588           0.000       0.000             224               0
  137          49.298    -769.334           0.000       0.000             137               0
  177         -98.279     678.451           0.000       0.000             177               0
  185        -857.985    -356.235           0.000       0.000             185               0
  171       -1218.797     822.356           0.000       0.000             171               0
   12         -12.299     -65.155           0.000       0.000              12               0
  184         502.871   -1728.214           0.000       0.000             184               0
  151         141.780     337.731           0.000       0.000             151               0
   47       -1177.587   -1145.307           0.000       0.000              47               0
   97       -1120.857   -1003.957           0.000       0.000              97               0
  209        -427.891     206.166           0.000       0.000             209               0
  150         505.258    1944.152           0.000       0.000             150               0
  235        -348.690      84.362           0.000       0.000             235               0
  155         741.423     210.562           0.000       0.000             155               0
   42          32.173     329.616           0.000       0.000              42               0
   46        -873.631    -198.476           0.000       0.000              46               0
   71         249.198   -1202.508           0.000       0.000              71               0
  202        -245.975    1481.341           0.000       0.000             202               0
  167       -1019.823   -1017.842           0.000       0.000             167               0
   26        -795.508     682.602           0.000       0.000              26               0
   90         598.540     792.429           0.000       0.000              90               0
   22         160.897    -280.623           0.000       0.000              22               0
  250        -247.573    -493.779           0.000       0.000             250               0
  211         333.156    1422.568           0.000       0.000             211               0
  147        -381.703    -386.567           0.000       0.000             147               0
   50         551.987    -459.093           0.000       0.000              50               0
  186        1338.410     606.585           0.000       0.000             186               0
  148         558.256     629.131           0.000       0.000             148               0
  131        1475.924    -215.384           0.000       0.000             131               0
   12         269.864     435.180           0.000       0.000              12               0
   55         147.938    -295.200           0.000       0.000              55               0
  105          82.999     756.440           0.000       0.000             105               0
    7        -890.996    -909.758           0.000       0.000               7               0
   46        -225.657     269.160           0.000       0.000              46               0
  159         741.001    -855.802           0.000       0.000             159               0
   65        1670.522    -278.408           0.000       0.000              65               0
  142         625.001     600.488           0.000       0.000             142               0
    5         436.385    -450.033           0.000       0.000               5               0
   22       -1429.482    -594.676           0.000       0.000              22               0
    8         566.432     206.566           0.000       0.000               8               0
    7        -897.012     313.740           0.000       0.000               7               0
  215        1683.536    -510.350           0.000       0.000             215               0
   15       -1042.386    -854.252           0.000       0.000              15               0
  223         855.145    1426.483           0.000       0.000             223               0
  121        1083.566    -733.077           0.000       0.000             121               0
  175        -488.061     555.148           0.000       0.000             175               0
  194          52.523    1564.257           0.000       0.000             194               0
   46        -612.883    -550.267           0.000       0.000              46               0
  207         416.105   -1125.295           0.000       0.000             207               0
  193        -396.770   -1739.873           0.000       0.000             193               0
  210         654.991     106.675           0.000       0.000             210               0
  114        -665.150     889.244           0.000       0.000             114               0
  158         374.957    -418.281           0.000       0.000             158               0
   96          69.654   -1019.264           0.000       0.000              96               0
   23        -206.155     223.566           0.000       0.000              23               0
   78        1064.881    1118.517           0.000       0.000              78               0
   71        2025.481    1231.023           0.000       0.000              71               0
  182        -146.832     371.268           0.000       0.000             182               0
  148        -362.371     696.138           0.000       0.000             148               0
  208        1046.976     295.357           0.000       0.000             208               0
   45        -933.951    -650.193           0.000       0.000              45               0
  238        -226.154      47.343           0.000       0.000             238               0
  186        -363.946    -153.036           0.000       0.000             186               0
  236         408.615   -1013.506           0.000       0.000             236               0
   92        -313.985     368.364           0.000       0.000              92               0
   63        1120.978     189.234           0.000       0.000              63               0
   68        1739.534     272.328           0.000       0.000              68               0
  155         840.192    1142.520           0.000       0.000             155               0
  115        -292.042   -1309.477           0.000       0.000             115               0
  221        -114.905    -311.476           0.000       0.000             221               0
   77        -273.213    1274.900           0.000       0.000              77               0
    4         694.560   -1197.813           0.000       0.000               4               0
  228       -1248.336     623.679           0.000       0.000             228               0
  167         327.235    -920.771           0.000       0.000             167               0
  145          53.883     377.034           0.000       0.000             145               0
  230         -91.007    1493.980           0.000       0.000             230               0
  246         950.537     -66.461           0.000       0.000             246               0
  114        -867.204     677.269           0.000       0.000             114               0
   38        1133.139     511.064           0.000       0.000              38               0
  158         978.881    1545.645           0.000       0.000             158               0
  109       -1169.491    -473.420           0.000       0.000             109               0
  149         665.840     163.612           0.000       0.000             149               0
  104        -220.622    -807.442           0.000       0.000             104               0
  194        -276.712     778.544           0.000       0.000             194               0
  126        -461.988    1577.398           0.000       0.000             126               0
  116        -643.498    -880.645           0.000       0.000             116               0
  203        -122.325    -970.294           0.000       0.000             203               0
  248         730.663     394.448           0.000       0.000             248               0
   77        1188.289   -1174.494           0.000       0.000              77               0
  232         190.038    -242.127           0.000       0.000             232               0
  157        1233.155    -619.235           0.000       0.000             157               0
   17       -1123.510     -41.372           0.000       0.000              17               0
   85        1176.271    -279.270           0.000       0.000              85               0
  162        1337.942    1242.073           0.000       0.000             162               0
   53         308.457      -6.759           0.000       0.000              53               0
  200         441.856      38.839           0.000       0.000             200               0
   23        1252.258     -43.089           0.000       0.000              23               0
  111        -510.506     385.450           0.000       0.000             111               0
  191         412.806     757.425           0.000       0.000             191               0
  144         607.745    -344.373           0.000       0.000             144               0
   28       -1747.278     -20.610           0.000       0.000              28               0
  137        -438.367     463.906           0.000       0.000             137               0
  203        -986.452     787.777           0.000       0.000             203               0
  140         974.427    -926.639           0.000       0.000             140               0
   11        1122.639     760.370           0.000       0.000              11               0
   29        -258.269     926.311           0.000       0.000              29               0
  231        -523.690     -36.308           0.000       0.000             231               0
   79         -26.043    -868.370           0.000       0.000              79               0
  183         866.900    -536.875           0.000       0.000             183               0
  166        -191.390     -42.814           0.000       0.000             166               0
  131        -101.599    -892.651           0.000       0.000             131               0
   14        1270.724    -512.420           0.000       0.000              14               0
   25          98.147     -82.468           0.000       0.000              25               0
   95        -887.327   -1362.561           0.000       0.000              95               0
  176         635.908    1305.633           0.000       0.000             176               0
  180        1461.192    -194.832           0.000       0.000             180               0
  236         434.000   -2634.491           0.000       0.000             236               0
  160         366.460   -1438.936           0.000       0.000             160               0
  152        -628.663    -244.629           0.000       0.000             152               0
  150        -388.982    -661.966           0.000       0.000             150               0
  160         809.485     946.444           0.000       0.000             160               0
  185        -913.829     585.562           0.000       0.000             185               0
   75         155.128    -894.330           0.000       0.000              75               0
  144         305.731    -402.149           0.000       0.000             144               0
