SINAL     NFT                         FFT                         NFT INVERSA     FFT INVERSA
-----     -----------------------     -----------------------     -----------     -----------
  245       32133.000       0.000           0.000       0.000             245               1
  130        -811.383    -958.332         -15.616      22.518             130               0
   92        -473.917    -296.880           0.000       0.000              92              -0
  150         876.920     167.005         -66.546      24.736             150               0
   21         923.640     202.085           0.000       0.000              21               0
   42        1271.192     109.795          64.655      34.503              42              -0
  248         256.827     -47.278           0.000       0.000             248              -0
  109        -378.484     182.988         -15.463      19.321             109               0
  251         523.503    -538.920           0.000       0.000             251               0
    9       -2007.109    1719.923          -1.976       2.325               9               0
   93         540.386    -886.243           0.000       0.000              93              -0
  228        -237.752    -435.749         -18.776       4.949             228               0
   79       -1825.979    -138.848           0.000       0.000              79               0
  194         842.270     915.263          23.532      15.701             194              -0
  157          81.392     381.153           0.000       0.000             157              -0
  122         396.734    1408.109          -5.106       9.841             122               0
  207         -57.745     177.030           0.000       0.000             207               0
    4        -219.647    -490.501          -1.168       1.128               4               0
  225         -84.069      20.306           0.000       0.000             225              -0
   91         -86.586     109.607         -11.166       1.797              91               0
  187        -200.501   -1112.957           0.000       0.000             187               0
   10         249.844     204.103          13.638      11.177              10              -0
   73        -326.695    -154.699           0.000       0.000              73              -0
  106         -20.974    -391.211          -5.833       4.908             106               0
   15          72.479       5.328           0.000       0.000              15               0
   17        1210.806     779.234          -0.873       0.691              17               0
  221        -111.998    1189.439           0.000       0.000             221              -0
   36        -329.702     158.577          -8.018       0.493              36               0
  128        -306.193     345.771           0.000       0.000             128               0
  142         237.390    -917.759           9.126       9.114             142              -0
   65        -399.023    -440.779           0.000       0.000              65              -0
  242        1011.667     930.581          -2.722       4.670             242               0
   36        -640.733    -182.114           0.000       0.000              36               0
  163        -516.124    -455.059          -0.718       0.462             163               0
   52        1126.336    -705.551           0.000       0.000              52              -0
  147         339.511    1241.365          -6.271      -0.231             147               0
  101         663.678     -32.085           0.000       0.000             101               0
  229         362.371    1063.591           6.505       7.916             229              -0
   38         900.807   -1256.698           0.000       0.000              38              -0
  137         137.751     574.007          -4.039       2.223             137               0
    6        -191.360     114.758           0.000       0.000               6               0
  162          49.933     586.467          -0.621       0.318             162               0
  130        1352.307    -450.769           0.000       0.000             130              -0
  198         437.020    -383.247          -5.142      -0.698             198               0
   38       -1103.763    -133.349           0.000       0.000              38               0
   57        -689.273    -145.811           4.764       7.120              57              -0
  119       -1300.564   -1299.109           0.000       0.000             119              -0
  221        -139.308     700.483          -2.847       2.396             221               0
  204        -893.990   -1482.860           0.000       0.000             204               0
  102        1733.989    -862.079          -0.553       0.218             102               0
  207       -1313.310    -111.226           0.000       0.000             207              -0
  248         620.669   -1409.684          -4.340      -1.031             248               0
   29        -209.388   -1410.473           0.000       0.000              29               0
  172       -1037.950    1064.485           3.503       6.543             172              -0
  233         493.242   -1240.269           0.000       0.000             233              -0
  126         678.774      93.672          -3.239       1.026             126               0
  251         808.684   -1179.589           0.000       0.000             251               0
   22        -656.451     558.702          -0.502       0.143              22               0
  229         495.935     183.510           0.000       0.000             229              -0
   60        -409.349     461.365          -3.730      -1.283              60               0
   61        -529.410     109.640           0.000       0.000              61               0
  181        -849.414    1187.948           2.531       6.099             181              -0
  211        -995.551    -697.496           0.000       0.000             211              -0
   13       -1233.912   -1540.521          -2.147       1.899              13               0
  131        -205.928    -290.988           0.000       0.000             131               0
   67        1388.229     673.177          -0.462       0.084              67               0
  254         -83.994     919.737           0.000       0.000             254              -0
   57        1056.945    -896.988          -3.243      -1.485              57               0
   85         491.410   -1525.305           0.000       0.000              85               0
  194        -239.516     910.586           1.745       5.739             194              -0
  170        1700.183    -307.125           0.000       0.000             170              -0
   92        1185.572    -476.407          -2.758       0.306              92               0
  153         515.544    -876.276           0.000       0.000             153               0
  197        -800.048     -49.348          -0.429       0.035             197               0
  120         780.826     457.970           0.000       0.000             120              -0
  246         691.735    -566.354          -2.837      -1.653             246               0
  147         671.865    1516.618           0.000       0.000             147               0
   77        -287.250    -509.106           1.085       5.438              77              -0
  138         681.960     278.874           0.000       0.000             138              -0
  197         691.281   -1166.238          -2.346       0.743             197               0
  241         580.409     667.020           0.000       0.000             241               0
  164        1824.175     318.779          -0.401      -0.007             164               0
  106        -494.712     704.043           0.000       0.000             106              -0
  130        -284.871    -286.133          -2.488      -1.798             130               0
  142        -146.787    -605.928           0.000       0.000             142               0
   35         586.748    1168.967           0.513       5.176              35              -0
   90        -337.580     981.108           0.000       0.000              90              -0
   62       -1232.260     109.310          -2.415      -0.208              62               0
   54         -92.541     -72.156           0.000       0.000              54               0
   76        1307.275   -1042.687          -0.376      -0.044              76               0
  122         257.278     566.582           0.000       0.000             122              -0
  179        1754.943     634.447          -2.178      -1.926             179               0
  146         829.946    -483.042           0.000       0.000             146               0
   76         327.420    -693.487           0.003       4.943              76              -0
   72       -1056.701    -652.363           0.000       0.000              72              -0
  204         577.784     301.539          -2.112       0.557             204               0
  225        2986.694     424.103           0.000       0.000             225               0
  141         470.466    1172.653          -0.354      -0.077             141              -0
  175         312.531      77.075           0.000       0.000             175              -0
  213         322.912      23.171          -1.897      -2.043             213               0
  152         621.683     -98.394           0.000       0.000             152               0
  171        1213.676   -1478.885          -0.463       4.730             171              -0
  180        -477.435   -2070.300           0.000       0.000             180              -0
   61        -159.343    -632.044          -2.139      -0.620              61               0
  232       -1567.591    -390.746           0.000       0.000             232               0
   90        1220.953     382.013          -0.333      -0.107              90              -0
  124       -1869.730     383.072           0.000       0.000             124              -0
  212        -451.709   -1245.717          -1.636      -2.151             212               0
  121        -198.243     748.280           0.000       0.000             121               0
   38        -360.722     461.567          -0.898       4.531              38              -0
  247         151.239     341.091           0.000       0.000             247              -0
   72       -1045.493    1167.347          -2.067      -0.178              72               0
    8       -1248.590    -465.331           0.000       0.000               8               0
   24        -375.424    -425.317          -0.314      -0.136              24              -0
  224        -244.589     -31.534           0.000       0.000             224              -0
  254        -177.544     342.890          -1.388      -2.253             254               0
   46        1550.006    -399.208           0.000       0.000              46               0
  137        -282.801    -470.641          -1.314       4.341             137              -0
   55         710.069    -563.866           0.000       0.000              55              -0
   62         920.771    -287.765          -1.896      -0.984              62               0
  140        -628.582   -1044.766           0.000       0.000             140               0
  157        -991.803    -860.483          -0.295      -0.164             157              -0
   42       -1652.685      -7.105           0.000       0.000              42              -0
   89        2026.736    1238.012          -1.148      -2.353              89               0
  249        1487.930    1436.616           0.000       0.000             249               0
  123         534.595     217.673          -1.718       4.156             123              -0
    3         197.518   -1575.671           0.000       0.000               3              -0
   69        1321.031     617.236           0.000       0.000              69               0
   33         459.000       0.018           0.000       0.000              33               0
  235        1321.102    -616.982          -0.276      -0.192             235              -0
  208         197.203    1575.667           0.000       0.000             208              -0
  181         534.638    -217.753          -0.911      -2.451             181               0
   99        1488.131   -1436.436           0.000       0.000              99               0
  143        2026.693   -1237.579          -2.120       3.972             143              -0
  188       -1652.930       6.990           0.000       0.000             188              -0
  210        -991.979     860.423          -1.664      -1.332             210               0
  162        -628.684    1044.665           0.000       0.000             162               0
  232         920.776     287.886          -0.258      -0.219             232              -0
   47         709.922     563.952           0.000       0.000              47              -0
  120        -282.902     470.532          -0.672      -2.550             120               0
   10        1549.861     399.373           0.000       0.000              10               0
  171        -177.654    -342.993          -2.526       3.786             171              -0
  173        -244.721      31.466           0.000       0.000             173              -0
   74        -375.620     425.203          -1.832      -0.951              74               0
  143       -1248.735     464.991           0.000       0.000             143               0
    3       -1045.251   -1167.614          -0.239      -0.247               3              -0
  135         151.341    -341.071           0.000       0.000             135              -0
  127        -360.640    -461.622          -0.427      -2.652             127               0
    8        -198.118    -748.225           0.000       0.000               8               0
   63        -451.939    1245.680          -2.946       3.594              63              -0
   68       -1869.553    -383.414           0.000       0.000              68              -0
  172        1221.111    -381.746          -1.423      -1.692             172               0
  156       -1567.597     390.581           0.000       0.000             156               0
   81        -159.278     632.116          -0.219      -0.277              81              -0
  166        -477.571    2070.219           0.000       0.000             166              -0
   96        1213.609    1478.915          -0.169      -2.758              96               0
  198         621.752      98.295           0.000       0.000             198               0
  246         323.002     -23.276          -3.388       3.392             246              -0
  229         312.662     -77.184           0.000       0.000             229              -0
  148         470.839   -1172.664          -1.868      -1.089             148               0
   14        2986.787    -423.602           0.000       0.000              14               0
  239         577.671    -301.405          -0.198      -0.308             239              -0
  111       -1056.834     652.207           0.000       0.000             111              -0
  249         327.407     693.483           0.106      -2.872             249               0
   50         829.954     483.052           0.000       0.000              50               0
  177        1755.028    -634.260          -3.863       3.175             177              -0
  130         257.304    -566.537           0.000       0.000             130              -0
  130        1306.996    1042.868          -1.153      -2.096             130               0
  192         -92.723      72.011           0.000       0.000             192               0
   25       -1232.292    -109.655          -0.175      -0.342              25              -0
   57        -337.346    -981.263           0.000       0.000              57              -0
  153         586.980   -1168.836           0.407      -2.997             153               0
  112        -146.886     605.942           0.000       0.000             112               0
  237        -284.869     286.017          -4.387       2.936             237              -0
   31        -494.440    -704.179           0.000       0.000              31              -0
   57        1824.334    -318.476          -1.559      -1.852              57               0
   30         580.514    -666.860           0.000       0.000              30               0
  160         691.080    1166.368          -0.150      -0.379             160              -0
   92         681.963    -278.812           0.000       0.000              92              -0
   76        -287.338     508.981           0.745      -3.137              76               0
   68         672.155   -1516.516           0.000       0.000              68               0
  249         691.633     566.518          -4.978       2.665             249              -0
  112         780.835    -457.820           0.000       0.000             112              -0
  205        -800.060      49.289          -0.821      -2.592             205               0
  206         515.491     876.392           0.000       0.000             206               0
  110        1185.537     476.568          -0.120      -0.423             110              -0
   47        1700.040     307.343           0.000       0.000              47              -0
  171        -239.472    -910.596           1.135      -3.298             171               0
  124         491.123    1525.416           0.000       0.000             124               0
  195        1056.702     897.022          -5.665       2.351             195              -0
  102         -83.935    -919.864           0.000       0.000             102              -0
   55        1388.194    -672.916          -1.853      -2.095              55               0
  184        -206.217     291.035           0.000       0.000             184               0
   91       -1234.324    1540.287          -0.086      -0.474              91              -0
   33        -995.715     697.153           0.000       0.000              33              -0
  194        -849.202   -1188.204           1.599      -3.491             194               0
  229        -529.342    -109.751           0.000       0.000             229               0
  159        -409.191    -461.443          -6.491       1.974             159              -0
  134         496.010    -183.408           0.000       0.000             134              -0
   38        -656.298    -558.727          -0.363      -3.278              38               0
  108         808.560    1179.779           0.000       0.000             108               0
   38         678.770     -93.543          -0.043      -0.536              38              -0
  234         492.939    1240.325           0.000       0.000             234              -0
    4       -1037.819   -1064.634           2.173      -3.729               4               0
  239        -209.575    1410.526           0.000       0.000             239               0
  219         620.415    1409.727          -7.523       1.502             219              -0
   44       -1313.285     110.936           0.000       0.000              44              -0
   26        1733.848     862.336          -1.083      -3.420              26               0
  214        -894.327    1482.568           0.000       0.000             214               0
    3        -139.228    -700.619           0.011      -0.617               3              -0
   17       -1300.775    1298.807           0.000       0.000              17              -0
  143        -689.207     145.543           2.918      -4.037             143               0
  101       -1103.609     133.048           0.000       0.000             101               0
  164         437.177     383.202          -8.881       0.881             164              -0
  210        1352.322     450.830           0.000       0.000             210              -0
   43          50.046    -586.605           0.378      -4.387              43               0
  237        -191.270    -114.888           0.000       0.000             237               0
   50         137.964    -574.028           0.084      -0.725              50              -0
   75         900.678    1256.735           0.000       0.000              75              -0
  156         362.592   -1063.675           3.946      -4.463             156               0
  105         663.705      32.111           0.000       0.000             105               0
  189         339.742   -1241.326         -10.792       0.007             189              -0
   28        1126.175     705.758           0.000       0.000              28              -0
   50        -516.265     454.894          -1.298      -4.926              50               0
  148        -640.702     181.882           0.000       0.000             148               0
  171        1011.858    -930.468           0.192      -0.885             171              -0
   17        -399.101     440.707           0.000       0.000              17              -0
   48         237.258     917.684           5.495      -5.104              48               0
   35        -306.114    -345.980           0.000       0.000              35               0
   62        -329.603    -158.773         -13.749      -1.345              62               0
   54        -111.672   -1189.547           0.000       0.000              54              -0
   50        1210.998    -779.013           1.958      -6.752              50               0
  112          72.467      -5.275           0.000       0.000             112               0
  113         -21.029     391.203           0.370      -1.149             113              -0
  208        -326.673     154.601           0.000       0.000             208              -0
   57         249.932    -204.070           8.160      -6.208              57               0
  110        -200.641    1112.864           0.000       0.000             110               0
  238         -86.499    -109.741         -19.078      -3.782             238               0
   47         -83.991     -20.402           0.000       0.000              47              -0
   33        -219.633     490.342           0.841      -9.762              33               0
   39         -57.592    -177.219           0.000       0.000              39               0
  152         397.077   -1408.140           0.732      -1.685             152              -0
  236          81.547    -381.162           0.000       0.000             236              -0
  156         842.432    -915.103          14.004      -8.629             156               0
   16       -1825.932     138.594           0.000       0.000              16               0
  118        -237.606     435.707         -31.960      -9.672             118               0
  225         540.370     886.211           0.000       0.000             225              -0
   82       -2006.592   -1720.318           8.871     -17.098              82               0
  232         523.752     539.029           0.000       0.000             232               0
  120        -378.120    -183.087           1.907      -3.424             120              -0
  178         257.240      47.292           0.000       0.000             178              -0
   16        1271.620    -109.618          38.296     -18.691              16               0
  200         924.068    -201.951           0.000       0.000             200               0
  208         877.401    -166.849        -112.830     -46.647             208               0
  100        -473.238     296.817           0.000       0.000             100              -0
   20        -809.859     958.130           0.000       0.000              20               0
