SINAL     NFT                         FFT                         NFT INVERSA     FFT INVERSA
-----     -----------------------     -----------------------     -----------     -----------
  126       31482.000       0.000           0.000       0.000             126               0
  234        -503.080    1074.329           0.000      -0.000             234               0
  174         251.828    -599.402           0.000       0.000             174               0
  126       -1020.811    -857.590           0.000      -0.000             126               0
   48        -252.397    1784.487           0.000       0.000              48               0
  104         -29.161     383.430           0.000      -0.000             104               0
   34        -961.177   -1392.885           0.000       0.000              34               0
  100         797.685     581.444           0.000      -0.000             100               0
  245         178.783     940.225           0.000       0.000             245               0
  133        1157.083    -675.751           0.000      -0.000             133               0
  136        -567.387    -685.753           0.000       0.000             136               0
   67         665.388    -145.914           0.000      -0.000              67               0
  183        -922.487     235.947           0.000       0.000             183               0
   89         883.931   -1015.377           0.000      -0.000              89               0
   16       -1632.500   -1711.567           0.000       0.000              16               0
   71         306.705      20.979           0.000      -0.000              71               0
   25        -378.769   -1689.655           0.000       0.000              25               0
   82        -715.199    -116.514           0.000      -0.000              82               0
   48        1250.743     474.978           0.000       0.000              48               0
   42         237.095    1251.339           0.000      -0.000              42               0
  199        -140.905    -520.162           0.000       0.000             199               0
  112        1159.612     978.381           0.000      -0.000             112               0
  211         569.555    -450.239           0.000       0.000             211               0
  239         544.276     286.804           0.000      -0.000             239               0
   21         486.676    -951.028           0.000       0.000              21               0
  205        1746.658    1164.370           0.000      -0.000             205               0
   81        -271.706   -1328.547           0.000       0.000              81               0
  212          38.698    -671.508           0.000      -0.000             212               0
  244         685.370      98.601           0.000       0.000             244               0
   20          26.667   -1000.234           0.000      -0.000              20               0
   89        1053.791     -88.946           0.000       0.000              89               0
  119        1484.792   -1287.596           0.000      -0.000             119               0
   70        -964.701    -986.474           0.000       0.000              70               0
  220        1447.954    -807.908           0.000      -0.000             220               0
   94        1811.087      98.987           0.000       0.000              94               0
  113         169.796    1936.768           0.000      -0.000             113               0
  233        1942.608    1043.143           0.000       0.000             233               0
  158        -295.860    -978.940           0.000      -0.000             158               0
    7         798.654     695.939           0.000       0.000               7               0
  166          24.624    -489.790           0.000      -0.000             166               0
  124         -96.799     527.660           0.000       0.000             124               0
  153        -582.196     501.793           0.000      -0.000             153               0
  153       -1134.323    -165.729           0.000       0.000             153               0
  225        -744.328    -100.101           0.000      -0.000             225               0
   28        -525.185     348.448           0.000       0.000              28               0
   85         333.158     136.448           0.000      -0.000              85               0
  121        -868.061      -0.104           0.000       0.000             121               0
   97        -791.280    -850.011           0.000      -0.000              97               0
   15        -711.387    -633.070           0.000       0.000              15               0
  177        1666.873    -632.725           0.000      -0.000             177               0
  112        -316.125   -1168.649           0.000       0.000             112               0
  227        -798.201     645.942           0.000      -0.000             227               0
   86       -1214.236   -1707.243           0.000       0.000              86               0
  167         716.943     610.198           0.000      -0.000             167               0
   81        -424.962     495.305           0.000       0.000              81               0
  125         734.672     959.997           0.000      -0.000             125               0
   97        -574.702    -376.839           0.000       0.000              97               0
  167         815.023     727.413           0.000      -0.000             167               0
  250         196.579    -656.260           0.000       0.000             250               0
   80        -440.164   -1459.411           0.000      -0.000              80               0
  138        1200.191     728.126           0.000       0.000             138               0
  132         561.260    1037.882           0.000      -0.000             132               0
  182         265.522     250.778           0.000       0.000             182               0
  145          23.414    -204.169           0.000      -0.000             145               0
  143         212.965     651.003           0.000       0.000             143               0
   29        1495.584     180.012           0.000      -0.000              29               0
  139        -639.101    -382.053           0.000       0.000             139               0
   62         430.790     789.111           0.000      -0.000              62               0
  185        -150.268   -1366.122           0.000       0.000             185               0
   63       -1151.104     501.956           0.000      -0.000              63               0
   47       -1017.237     286.428           0.000       0.000              47               0
  144         894.640   -1046.588           0.000      -0.000             144               0
   51        -104.460    -171.617           0.000       0.000              51               0
   19         260.180      55.022           0.000      -0.000              19               0
   46       -1440.279     110.140           0.000       0.000              46               0
   24        -660.354    -279.885           0.000      -0.000              24               0
   34         -17.918    1532.631           0.000       0.000              34               0
   19        -370.310    -746.238           0.000      -0.000              19               0
   45        -245.092     465.046           0.000       0.000              45               0
   96        -125.076    -706.906           0.000      -0.000              96               0
  205         560.931    -406.595           0.000       0.000             205               0
   22       -1870.131     723.382           0.000      -0.000              22               0
   45        -298.385    -270.095           0.000       0.000              45               0
  201         460.627     -57.598           0.000      -0.000             201               0
  216        2190.327     650.538           0.000       0.000             216               0
  106        -628.215     789.003           0.000      -0.000             106               0
   53        -610.024     684.790           0.000       0.000              53               0
   86       -1827.473     -25.674           0.000      -0.000              86               0
   56       -1752.924    -364.996           0.000       0.000              56               0
    3         309.518     325.483           0.000      -0.000               3               0
   61         195.448     240.930           0.000       0.000              61               0
  153         286.616   -1126.070           0.000      -0.000             153               0
  140        1133.848     622.003           0.000       0.000             140               0
   89         365.791    -480.679           0.000      -0.000              89               0
  246         650.712    -837.277           0.000       0.000             246               0
   45       -1023.332     181.512           0.000      -0.000              45               0
   20        -683.290    -160.481           0.000       0.000              20               0
   71        -693.708    1313.975           0.000      -0.000              71               0
  245       -1160.979     319.666           0.000       0.000             245               0
  251        -220.881     334.029           0.000      -0.000             251               0
  222         654.351     823.210           0.000       0.000             222               0
  213         640.922     125.331           0.000      -0.000             213               0
  118        1567.658    -430.413           0.000       0.000             118               0
  107       -1251.694    -525.304           0.000      -0.000             107               0
   33        1524.716    -718.316           0.000       0.000              33               0
   20       -1049.418     613.067           0.000      -0.000              20               0
  200         -52.177   -1776.133           0.000       0.000             200               0
  112         -77.436    -533.530           0.000      -0.000             112               0
  128       -1002.224      49.371           0.000       0.000             128               0
   70         -25.061    -377.434           0.000      -0.000              70               0
  227        -271.561    -381.332           0.000       0.000             227               0
   91        -242.453     338.615           0.000      -0.000              91               0
   77         921.359   -1319.183           0.000       0.000              77               0
  134        -110.735     193.729           0.000      -0.000             134               0
  204        -783.935     486.455           0.000       0.000             204               0
  218        -215.425    -666.366           0.000      -0.000             218               0
  210          60.242    -398.380           0.000       0.000             210               0
   74        -222.296    -854.139           0.000      -0.000              74               0
  173        -294.227     -72.198           0.000       0.000             173               0
  250        1258.548    1353.136           0.000      -0.000             250               0
  217        -933.402    1366.459           0.000       0.000             217               0
  241        -171.492   -1227.459           0.000      -0.000             241               0
   70       -1019.530     473.630           0.000       0.000              70               0
   62        -727.362     156.481           0.000      -0.000              62               0
   19         918.554    -169.680           0.000       0.000              19               0
  129        1307.997     592.282           0.000      -0.000             129               0
   81        -138.927   -1060.832           0.000       0.000              81               0
    0        -637.865     447.674           0.000      -0.000              -0               0
   63        -708.000      -0.071           0.000       0.000              63               0
   75        -637.724    -447.753           0.000       0.000              75               0
  148        -138.984    1060.789           0.000       0.000             148               0
  224        1308.142    -592.118           0.000       0.000             224               0
    3         918.409     169.819           0.000       0.000               3               0
  203        -727.464    -156.636           0.000       0.000             203               0
  237       -1019.464    -473.779           0.000       0.000             237               0
  134        -171.672    1227.365           0.000       0.000             134               0
  117        -933.088   -1366.715           0.000       0.000             117               0
   61        1258.817   -1352.839           0.000       0.000              61               0
  129        -294.287      72.306           0.000       0.000             129               0
   23        -222.441     854.182           0.000       0.000              23               0
  252          60.166     398.408           0.000       0.000             252               0
  255        -215.564     666.299           0.000       0.000             255               0
  111        -783.827    -486.605           0.000       0.000             111               0
  182        -110.616    -193.671           0.000       0.000             182               0
  240         921.146    1319.347           0.000       0.000             240               0
  152        -242.448    -338.687           0.000       0.000             152               0
   18        -271.640     381.303           0.000       0.000              18               0
  126         -25.153     377.419           0.000       0.000             126               0
  153       -1002.202     -49.526           0.000       0.000             153               0
   82         -77.462     533.566           0.000       0.000              82               0
  150         -52.447    1776.046           0.000       0.000             150               0
   72       -1049.205    -613.343           0.000       0.000              72               0
   28        1524.655     718.532           0.000       0.000              28               0
  254       -1251.723     524.997           0.000       0.000             254               0
   57        1567.673     430.537           0.000       0.000              57               0
  241         640.893    -125.384           0.000       0.000             241               0
   44         654.381    -823.204           0.000       0.000              44               0
   92        -220.971    -334.119           0.000       0.000              92               0
  185       -1160.996    -319.927           0.000       0.000             185               0
   57        -693.478   -1314.076           0.000       0.000              57               0
   83        -683.279     160.435           0.000       0.000              83               0
  185       -1023.175    -181.628           0.000       0.000             185               0
   13         650.709     837.407           0.000       0.000              13               0
  217         365.784     480.672           0.000       0.000             217               0
   59        1133.950    -621.831           0.000       0.000              59               0
  127         286.353    1126.080           0.000       0.000             127               0
   67         195.402    -241.002           0.000       0.000              67               0
  145         309.412    -325.474           0.000       0.000             145               0
   47       -1753.108     364.650           0.000       0.000              47               0
   63       -1827.410      25.261           0.000       0.000              63               0
  249        -609.753    -684.982           0.000       0.000             249               0
   88        -627.865    -789.132           0.000       0.000              88               0
  240        2190.533    -650.132           0.000       0.000             240               0
  133         460.517      57.723           0.000       0.000             133               0
  230        -298.544     270.035           0.000       0.000             230               0
   94       -1869.976    -723.675           0.000       0.000              94               0
   77         560.957     406.743           0.000       0.000              77               0
   28        -125.186     706.849           0.000       0.000              28               0
  121        -245.003    -465.125           0.000       0.000             121               0
  190        -370.410     746.104           0.000       0.000             190               0
  186         -17.655   -1532.664           0.000       0.000             186               0
  173        -660.408     279.830           0.000       0.000             173               0
  218       -1440.155    -110.366           0.000       0.000             218               0
  197         260.335     -54.945           0.000       0.000             197               0
  214        -104.386     171.645           0.000       0.000             214               0
  183         894.481    1046.706           0.000       0.000             183               0
   92       -1017.204    -286.673           0.000       0.000              92               0
  157       -1150.899    -502.124           0.000       0.000             157               0
  223        -150.314    1366.056           0.000       0.000             223               0
  238         431.050    -789.117           0.000       0.000             238               0
   26        -638.999     381.912           0.000       0.000              26               0
   44        1495.747    -179.836           0.000       0.000              44               0
  219         213.106    -650.989           0.000       0.000             219               0
  108          23.448     204.158           0.000       0.000             108               0
   91         265.657    -250.789           0.000       0.000              91               0
  188         561.519   -1037.781           0.000       0.000             188               0
  104        1200.306    -727.790           0.000       0.000             104               0
  116        -440.425    1459.415           0.000       0.000             116               0
  153         196.521     656.208           0.000       0.000             153               0
  121         815.134    -727.329           0.000       0.000             121               0
   39        -574.764     376.707           0.000       0.000              39               0
   81         734.839    -959.899           0.000       0.000              81               0
  108        -424.889    -495.314           0.000       0.000             108               0
  108         717.001    -609.933           0.000       0.000             108               0
  254       -1214.564    1707.106           0.000       0.000             254               0
  110        -798.008    -646.049           0.000       0.000             110               0
   16        -316.169    1168.656           0.000       0.000              16               0
   14        1666.790     632.984           0.000       0.000              14               0
  116        -711.568     632.913           0.000       0.000             116               0
  126        -791.404     849.785           0.000       0.000             126               0
  235        -867.963      -0.160           0.000       0.000             235               0
  139         333.262    -136.480           0.000       0.000             139               0
   18        -525.092    -348.582           0.000       0.000              18               0
  250        -744.275      99.946           0.000       0.000             250               0
   88       -1134.205     165.472           0.000       0.000              88               0
   78        -581.892    -501.950           0.000       0.000              78               0
   63         -96.477    -527.666           0.000       0.000              63               0
  221          24.783     489.779           0.000       0.000             221               0
   37         798.972    -695.813           0.000       0.000              37               0
  164        -295.788     978.837           0.000       0.000             164               0
   62        1942.978   -1042.927           0.000       0.000              62               0
  114         170.263   -1936.654           0.000       0.000             114               0
  100        1811.234     -98.473           0.000       0.000             100               0
  172        1447.794     808.309           0.000       0.000             172               0
   93        -964.805     986.394           0.000       0.000              93               0
  229        1484.706    1287.830           0.000       0.000             229               0
  218        1053.781      89.092           0.000       0.000             218               0
   97          26.519    1000.200           0.000       0.000              97               0
  222         685.425     -98.529           0.000       0.000             222               0
   77          38.623     671.506           0.000       0.000              77               0
   57        -271.790    1328.373           0.000       0.000              57               0
  228        1746.953   -1164.167           0.000       0.000             228               0
  135         486.527     951.070           0.000       0.000             135               0
   42         544.360    -286.796           0.000       0.000              42               0
  199         569.522     450.244           0.000       0.000             199               0
  103        1159.760    -978.241           0.000       0.000             103               0
   80        -141.017     520.094           0.000       0.000              80               0
   66         237.348   -1251.324           0.000       0.000              66               0
   24        1250.782    -474.668           0.000       0.000              24               0
   90        -715.278     116.539           0.000       0.000              90               0
  221        -379.007    1689.637           0.000       0.000             221               0
  188         306.724     -20.921           0.000       0.000             188               0
  209       -1632.680    1711.279           0.000       0.000             209               0
  181         883.908    1015.375           0.000       0.000             181               0
   30        -922.310    -236.231           0.000       0.000              30               0
   42         665.535     145.965           0.000       0.000              42               0
   91        -567.309     685.575           0.000       0.000              91               0
  250        1157.166     675.773           0.000       0.000             250               0
  208         179.087    -940.335           0.000       0.000             208               0
  108         797.903    -581.313           0.000       0.000             108               0
   18        -961.234    1392.644           0.000       0.000              18               0
   18         -28.802    -383.624           0.000       0.000              18               0
   69        -251.748   -1784.546           0.000       0.000              69               0
    0       -1020.400     857.461           0.000       0.000               0               0
  103         252.580     599.338           0.000       0.000             103               0
  175        -501.232   -1074.479           0.000       0.000             175               0
