SINAL     NFT                         FFT                         NFT INVERSA     FFT INVERSA
-----     -----------------------     -----------------------     -----------     -----------
  241       32278.000       0.000           0.000       0.000             241               1
   42        1258.210    1159.034         -15.616      22.518              42               0
  146        -244.411     213.661           0.000       0.000             146              -0
  223        -679.629     414.962         -66.546      24.736             223               0
  229        1296.968   -1367.920           0.000       0.000             229               0
   71        1200.628     924.130          64.655      34.503              71              -0
  173        -215.819    -419.844           0.000       0.000             173              -0
  118         129.960      51.102         -15.463      19.321             118               0
  104        -414.648     493.020           0.000       0.000             104               0
   96         332.415   -1114.035          -1.976       2.325              96               0
  182          42.012    -268.523           0.000       0.000             182              -0
  108         236.084    -222.602         -18.776       4.949             108               0
  149        -634.399     750.341           0.000       0.000             149               0
  254         707.543    1085.874          23.532      15.701             254              -0
  136        -641.465    -537.038           0.000       0.000             136              -0
   57        1430.495     -88.978          -5.106       9.841              57               0
   95       -2101.051    -558.632           0.000       0.000              95               0
  195       -1982.123   -1061.131          -1.168       1.128             195               0
   48        2097.427     672.300           0.000       0.000              48              -0
  127        1690.758    -472.293         -11.166       1.797             127               0
  186        -761.789    -738.844           0.000       0.000             186               0
   85        1389.681    -504.314          13.638      11.177              85              -0
   10         873.190     675.765           0.000       0.000              10              -0
  156        -104.419     442.914          -5.833       4.908             156               0
  112        -565.113     386.329           0.000       0.000             112               0
  208         -62.764   -1377.596          -0.873       0.691             208               0
  116          63.913     -19.788           0.000       0.000             116              -0
  158        -566.176     -75.718          -8.018       0.493             158               0
    6        -266.273     430.163           0.000       0.000               6               0
   17        -625.680    -263.941           9.126       9.114              17              -0
  233         541.618    -276.234           0.000       0.000             233              -0
   59         -77.615      90.232          -2.722       4.670              59               0
  118        -163.476    -546.851           0.000       0.000             118               0
   14         913.736     586.332          -0.718       0.462              14               0
  165       -1810.542   -1372.316           0.000       0.000             165              -0
  242        -839.126     938.270          -6.271      -0.231             242               0
  147         114.235    1140.002           0.000       0.000             147               0
   30         652.611    -349.311           6.505       7.916              30              -0
  102         191.306    -139.468           0.000       0.000             102              -0
  137         701.955    1257.102          -4.039       2.223             137               0
  242        -273.189     119.305           0.000       0.000             242               0
  133         362.905    1852.623          -0.621       0.318             133               0
  192        -250.184     444.441           0.000       0.000             192              -0
   77        -737.095     586.422          -5.142      -0.698              77               0
  107        -830.541    -979.533           0.000       0.000             107               0
   23        -473.678   -1068.955           4.764       7.120              23              -0
   79         208.245    -514.518           0.000       0.000              79              -0
   21       -2192.845      96.017          -2.847       2.396              21               0
  127        -216.706    -216.761           0.000       0.000             127               0
  143        -426.539     284.760          -0.553       0.218             143               0
   41         811.339    -408.691           0.000       0.000              41              -0
  156         231.144     327.153          -4.340      -1.031             156               0
  136        1675.673    -355.793           0.000       0.000             136               0
  172         566.688    -328.067           3.503       6.543             172              -0
  186       -1289.379      88.091           0.000       0.000             186              -0
  250        -285.798     777.869          -3.239       1.026             250               0
  224        -678.345     -78.565           0.000       0.000             224               0
  167        1135.107     -11.193          -0.502       0.143             167               0
  156         533.951    1243.576           0.000       0.000             156              -0
    2         953.038    1380.571          -3.730      -1.283               2               0
  168         417.055    -871.598           0.000       0.000             168               0
  133          61.166     362.804           2.531       6.099             133              -0
    0        -744.428    -515.246           0.000       0.000              -0              -0
  133         151.667    1406.756          -2.147       1.899             133               0
  222         377.980     437.982           0.000       0.000             222               0
   34         349.662    -269.313          -0.462       0.084              34               0
   50       -1294.419      31.042           0.000       0.000              50              -0
   68         521.834     178.716          -3.243      -1.485              68               0
  201         296.954    -641.113           0.000       0.000             201               0
  251         122.074    -306.188           1.745       5.739             251              -0
   93       -1804.564     490.639           0.000       0.000              93              -0
  189         132.254     386.310          -2.758       0.306             189               0
  125         151.710      40.768           0.000       0.000             125               0
  153        -479.487     109.991          -0.429       0.035             153               0
   23        2472.532     394.010           0.000       0.000              23              -0
   60         283.911    1621.106          -2.837      -1.653              60               0
   48         251.514     515.226           0.000       0.000              48               0
  130         369.237    -863.403           1.085       5.438             130              -0
   41        1207.648   -1018.057           0.000       0.000              41              -0
  218        1788.998     458.784          -2.346       0.743             218               0
   79         560.225      -0.016           0.000       0.000              79               0
   35         238.733    -177.725          -0.401      -0.007              35               0
  118        -649.013    -888.438           0.000       0.000             118              -0
  246       -1290.983     740.482          -2.488      -1.798             246               0
  159         762.624    -595.912           0.000       0.000             159               0
  212        -114.122    -428.858           0.513       5.176             212              -0
  110         329.703    -782.406           0.000       0.000             110              -0
  138          41.429     -81.556          -2.415      -0.208             138               0
   47        1074.871     535.828           0.000       0.000              47               0
   20        -597.207     153.984          -0.376      -0.044              20               0
   54        1058.982    -586.833           0.000       0.000              54              -0
  111       -1177.963    -249.060          -2.178      -1.926             111               0
  119         181.945    -185.291           0.000       0.000             119               0
  128         426.257     494.397           0.003       4.943             128              -0
  151         436.894   -1727.808           0.000       0.000             151              -0
   89        1091.602      63.687          -2.112       0.557              89               0
  118          51.495    -298.838           0.000       0.000             118               0
  129        1296.927     245.297          -0.354      -0.077             129              -0
  212        -679.732    -700.626           0.000       0.000             212              -0
   81       -1116.364     321.681          -1.897      -2.043              81               0
  252        1534.655    -446.614           0.000       0.000             252               0
   62         456.226    1028.130          -0.463       4.730              62              -0
   64        1085.050    -176.402           0.000       0.000              64              -0
   72         697.533    -378.827          -2.139      -0.620              72               0
  100        1385.528     928.128           0.000       0.000             100               0
   62         267.956    -175.386          -0.333      -0.107              62              -0
   11         151.025    -521.999           0.000       0.000              11              -0
  139         340.511    -139.504          -1.636      -2.151             139               0
  125        -681.860    1200.187           0.000       0.000             125               0
    1         592.200     306.276          -0.898       4.531               1              -0
   48         147.813    1980.787           0.000       0.000              48              -0
  188         163.721    -428.022          -2.067      -0.178             188               0
   22         945.439     486.201           0.000       0.000              22               0
  207         104.719     872.630          -0.314      -0.136             207              -0
   23       -1617.732     409.463           0.000       0.000              23              -0
   75         528.492     901.849          -1.388      -2.253              75               0
  191        -660.481    -922.758           0.000       0.000             191               0
  141         637.498    1177.602          -1.314       4.341             141              -0
  214       -1687.558     -64.134           0.000       0.000             214              -0
   44         564.745    1038.523          -1.896      -0.984              44               0
   72         759.034     809.550           0.000       0.000              72               0
   83        1383.321    -641.918          -0.295      -0.164              83              -0
  158         221.741    1835.593           0.000       0.000             158              -0
  217        1337.084    -287.779          -1.148      -2.353             217               0
   45        -936.245     299.181           0.000       0.000              45               0
  225       -1007.947     219.839          -1.718       4.156             225              -0
   50        -473.347     884.625           0.000       0.000              50              -0
    0         -78.004    -493.918           0.000       0.000              -0               0
   39         110.000      -0.053           0.000       0.000              39               0
  210         -78.116     493.722          -0.276      -0.192             210              -0
   27        -473.224    -884.877           0.000       0.000              27              -0
  144       -1007.865    -220.122          -0.911      -2.451             144               0
   22        -936.014    -299.453           0.000       0.000              22               0
   79        1337.185     287.827          -2.120       3.972              79              -0
  232         222.121   -1835.657           0.000       0.000             232              -0
  126        1383.242     642.080          -1.664      -1.332             126               0
  128         759.096    -809.565           0.000       0.000             128               0
  207         564.775   -1038.481          -0.258      -0.219             207              -0
  252       -1687.606      63.795           0.000       0.000             252              -0
  165         637.726   -1177.518          -0.672      -2.550             165               0
  167        -660.629     922.590           0.000       0.000             167               0
    2         528.631    -901.882          -2.526       3.786               2              -0
  211       -1617.616    -409.808           0.000       0.000             211              -0
   31         105.034    -872.662          -1.832      -0.951              31               0
  192         945.604    -486.050           0.000       0.000             192               0
  175         163.676     427.954          -0.239      -0.247             175              -0
  225         148.191   -1980.819           0.000       0.000             225              -0
   14         592.262    -306.140          -0.427      -2.652              14               0
  225        -681.617   -1200.233           0.000       0.000             225               0
  159         340.587     139.670          -2.946       3.594             159              -0
   97         151.028     522.050           0.000       0.000              97              -0
  123         268.055     175.382          -1.423      -1.692             123               0
   27        1385.764    -927.891           0.000       0.000              27               0
  254         697.488     378.979          -0.219      -0.277             254              -0
  170        1085.009     176.542           0.000       0.000             170              -0
  212         456.373   -1028.036          -0.169      -2.758             212               0
  196        1534.466     446.921           0.000       0.000             196               0
   79       -1116.418    -321.832          -3.388       3.392              79              -0
   69        -679.763     700.531           0.000       0.000              69              -0
  144        1297.029    -245.081          -1.868      -1.089             144               0
   82          51.455     298.869           0.000       0.000              82               0
   31        1091.610     -63.453          -0.198      -0.308              31              -0
  182         436.547    1727.841           0.000       0.000             182              -0
   43         426.272    -494.422           0.106      -2.872              43               0
   16         181.820     185.298           0.000       0.000              16               0
    6       -1177.992     248.833          -3.863       3.175               6              -0
   33        1058.916     586.938           0.000       0.000              33              -0
  158        -597.164    -154.177          -1.153      -2.096             158               0
   52        1074.981    -535.673           0.000       0.000              52               0
  138          41.380      81.593          -0.175      -0.342             138              -0
  168         329.547     782.449           0.000       0.000             168              -0
  142        -114.207     428.775           0.407      -2.997             142               0
  191         762.462     595.930           0.000       0.000             191               0
   55       -1290.893    -740.757          -4.387       2.936              55              -0
  183        -649.043     888.289           0.000       0.000             183              -0
   53         238.860     177.657          -1.559      -1.852              53               0
  100         560.379       0.010           0.000       0.000             100               0
  179        1789.144    -458.520          -0.150      -0.379             179              -0
   21        1207.420    1018.208           0.000       0.000              21              -0
   29         369.021     863.274           0.745      -3.137              29               0
   59         251.573    -515.417           0.000       0.000              59               0
  100         284.217   -1621.159          -4.978       2.665             100              -0
   86        2472.492    -393.597           0.000       0.000              86              -0
  157        -479.663    -110.092          -0.821      -2.592             157               0
  237         151.605     -40.791           0.000       0.000             237               0
  183         132.163    -386.335          -0.120      -0.423             183              -0
  141       -1804.526    -490.937           0.000       0.000             141              -0
  224         122.091     306.221           1.135      -3.298             224               0
  229         296.859     641.098           0.000       0.000             229               0
  149         521.796    -178.722          -5.665       2.351             149              -0
  146       -1294.420     -31.329           0.000       0.000             146              -0
   23         349.688     269.264          -1.853      -2.095              23               0
   87         378.059    -438.054           0.000       0.000              87               0
   39         151.868   -1406.753          -0.086      -0.474              39              -0
  210        -744.495     515.126           0.000       0.000             210              -0
  108          61.314    -362.833           1.599      -3.491             108               0
   68         416.988     871.552           0.000       0.000              68               0
  252         953.292   -1380.546          -6.491       1.974             252              -0
  176         534.135   -1243.465           0.000       0.000             176              -0
  197        1135.000      11.434          -0.363      -3.278             197               0
  194        -678.476      78.435           0.000       0.000             194               0
  195        -285.715    -777.910          -0.043      -0.536             195              -0
   86       -1289.300     -88.249           0.000       0.000              86              -0
  160         566.777     328.190           2.173      -3.729             160               0
  177        1675.610     356.046           0.000       0.000             177               0
  127         231.110    -327.130          -7.523       1.502             127              -0
  166         811.147     408.810           0.000       0.000             166              -0
  240        -426.641    -284.854          -1.083      -3.420             240               0
  237        -216.887     216.719           0.000       0.000             237               0
   14       -2192.847     -96.380           0.011      -0.617              14              -0
  192         208.223     514.567           0.000       0.000             192              -0
  253        -473.863    1068.816           2.918      -4.037             253               0
  144        -830.673     979.208           0.000       0.000             144               0
   56        -736.901    -586.753          -8.881       0.881              56              -0
  145        -249.980    -444.654           0.000       0.000             145              -0
  153         363.308   -1852.627           0.378      -4.387             153               0
  205        -273.078    -119.353           0.000       0.000             205               0
  194         702.242   -1256.963           0.084      -0.725             194              -0
  220         191.315     139.560           0.000       0.000             220              -0
   15         652.546     349.378           3.946      -4.463              15               0
  110         114.352   -1140.008           0.000       0.000             110               0
  172        -839.023    -938.289         -10.792       0.007             172              -0
   68       -1810.650    1372.069           0.000       0.000              68              -0
   76         913.983    -586.185          -1.298      -4.926              76               0
  161        -163.511     546.842           0.000       0.000             161               0
    3         -77.515     -90.254           0.192      -0.885               3              -0
  118         541.609     276.322           0.000       0.000             118              -0
   80        -625.696     263.796           5.495      -5.104              80               0
   94        -266.125    -430.225           0.000       0.000              94               0
  203        -566.077      75.644         -13.749      -1.345             203               0
  244          64.038      19.837           0.000       0.000             244              -0
  197         -62.891    1377.536           1.958      -6.752             197               0
  139        -564.902    -386.539           0.000       0.000             139               0
  133        -104.127    -442.975           0.370      -1.149             133              -0
   83         873.505    -675.578           0.000       0.000              83              -0
  196        1389.668     504.611           8.160      -6.208             196               0
  121        -761.799     738.708           0.000       0.000             121               0
  121        1690.822     472.503         -19.078      -3.782             121               0
    2        2097.415    -671.958           0.000       0.000               2              -0
  106       -1982.424    1060.804           0.841      -9.762             106               0
   36       -2100.937     558.190           0.000       0.000              36               0
  201        1430.694      89.122           0.732      -1.685             201              -0
  209        -641.419     536.793           0.000       0.000             209              -0
  212         707.875   -1085.867          14.004      -8.629             212               0
   60        -634.119    -750.428           0.000       0.000              60               0
   75         236.255     222.684         -31.960      -9.672              75               0
  225          42.174     268.546           0.000       0.000             225              -0
  174         332.433    1114.018           8.871     -17.098             174               0
  151        -414.320    -493.189           0.000       0.000             151               0
  146         130.281     -51.114           1.907      -3.424             146              -0
   17        -215.495     419.736           0.000       0.000              17              -0
  231        1201.216    -923.944          38.296     -18.691             231               0
   24        1297.109    1368.093           0.000       0.000              24               0
  230        -679.040    -415.203        -112.830     -46.647             230               0
  119        -243.436    -213.792           0.000       0.000             119              -0
  116        1260.160   -1158.830           0.000       0.000             116               0
