SINAL     NFT                         FFT                         NFT INVERSA     FFT INVERSA
-----     -----------------------     -----------------------     -----------     -----------
    9       32114.000       0.000           0.000       0.000               9               0
  114       -1230.926     394.916           0.000      -0.000             114               0
  114         446.834    -124.145           0.000       0.000             114               0
  109        -486.332   -2248.199           0.000      -0.000             109               0
  194        -604.324    1698.336           0.000       0.000             194               0
  141         187.757   -1979.889           0.000      -0.000             141               0
   58        -270.992   -1684.025           0.000       0.000              58               0
  201         680.514     242.058           0.000      -0.000             201               0
   98         269.798     282.411           0.000       0.000              98               0
   98         452.527    -716.576           0.000      -0.000              98               0
  108        -163.090    2297.502           0.000       0.000             108               0
  115        -350.471    -624.099           0.000      -0.000             115               0
  199         700.352    -412.853           0.000       0.000             199               0
   44        1574.875     307.779           0.000      -0.000              44               0
  102         156.060      51.530           0.000       0.000             102               0
  146        -342.248    1283.119           0.000      -0.000             146               0
  141        -413.193    -491.682           0.000       0.000             141               0
  251        -113.620    1153.870           0.000      -0.000             251               0
  238        -110.083    -558.681           0.000       0.000             238               0
  177         618.337     731.157           0.000      -0.000             177               0
   97         100.585    -574.237           0.000       0.000              97               0
   41       -1362.837   -1122.302           0.000      -0.000              41               0
   12        -382.138   -1136.612           0.000       0.000              12               0
  207        -105.265    1102.767           0.000      -0.000             207               0
  100        -690.997    1154.671           0.000       0.000             100               0
  166        -722.384     -62.681           0.000      -0.000             166               0
  198        -679.082     480.122           0.000       0.000             198               0
  203        -121.889     175.443           0.000      -0.000             203               0
   33        -465.895     152.817           0.000       0.000              33               0
  228        -181.333      14.236           0.000      -0.000             228               0
   23        1874.002     394.837           0.000       0.000              23               0
   78        -858.480    -741.371           0.000      -0.000              78               0
   25         292.692    -922.749           0.000       0.000              25               0
  251          56.266   -1781.023           0.000      -0.000             251               0
   83         422.330    -660.670           0.000       0.000              83               0
    4        -157.819     359.508           0.000      -0.000               4               0
  105        -519.002    1893.904           0.000       0.000             105               0
   78       -2195.663     625.417           0.000      -0.000              78               0
  151         321.779    -724.374           0.000       0.000             151               0
  175        1394.907    -809.723           0.000      -0.000             175               0
   68       -1018.932    1165.318           0.000       0.000              68               0
  234         575.546     551.769           0.000      -0.000             234               0
  242        1244.988     441.457           0.000       0.000             242               0
   63         452.206     148.425           0.000      -0.000              63               0
  212         491.401      40.907           0.000       0.000             212               0
   29        -890.679    1147.956           0.000      -0.000              29               0
   36         664.176     636.285           0.000       0.000              36               0
  152       -1096.163      26.399           0.000      -0.000             152               0
   73         -70.937    -550.029           0.000       0.000              73               0
  180        -167.721   -2136.703           0.000      -0.000             180               0
  193        -718.968     341.126           0.000       0.000             193               0
   14         -83.805     563.548           0.000      -0.000              14               0
   89         533.072     614.631           0.000       0.000              89               0
  185        -515.526     254.662           0.000      -0.000             185               0
  198        1127.974    1058.953           0.000       0.000             198               0
  171        -665.156      59.943           0.000      -0.000             171               0
   31        -495.875     -48.848           0.000       0.000              31               0
  105         255.024     715.576           0.000      -0.000             105               0
   81        -691.314     -96.709           0.000       0.000              81               0
  113       -1000.392    -871.849           0.000      -0.000             113               0
  141         570.402     872.364           0.000       0.000             141               0
  177         152.082    1198.837           0.000      -0.000             177               0
  137         942.143    -512.511           0.000       0.000             137               0
   63        -245.201    -650.235           0.000      -0.000              63               0
  201         360.906    1743.014           0.000       0.000             201               0
   69       -1032.239    -491.629           0.000      -0.000              69               0
   89        -620.944      19.792           0.000       0.000              89               0
  251        1490.279     780.353           0.000      -0.000             251               0
  107         535.665     311.942           0.000       0.000             107               0
   70         760.635     888.607           0.000      -0.000              70               0
    8        -542.505    -834.964           0.000       0.000               8               0
  201       -1245.590     455.611           0.000      -0.000             201               0
   18        1292.741   -1397.085           0.000       0.000              18               0
    4        -309.302    -350.818           0.000      -0.000               4               0
  204       -1396.729     322.548           0.000       0.000             204               0
   67        -333.554    1062.319           0.000      -0.000              67               0
  154          63.446    -474.322           0.000       0.000             154               0
    6          69.447    -178.524           0.000      -0.000               6               0
   52        -626.617    -505.943           0.000       0.000              52               0
  195         764.128     -26.621           0.000      -0.000             195               0
   64        -448.197    -361.699           0.000       0.000              64               0
   52         626.806    -318.735           0.000      -0.000              52               0
    5       -1886.238     215.478           0.000       0.000               5               0
   30        -962.378    -454.139           0.000      -0.000              30               0
   71         113.933     -39.968           0.000       0.000              71               0
  201        -364.841     505.146           0.000      -0.000             201               0
   54        -882.248     774.960           0.000       0.000              54               0
   61        1082.833    -462.560           0.000      -0.000              61               0
  141         987.633   -1434.291           0.000       0.000             141               0
   95        -680.643    -207.664           0.000      -0.000              95               0
   52        -351.734    -414.411           0.000       0.000              52               0
   97        -146.119     720.193           0.000      -0.000              97               0
  143         -70.973    -437.448           0.000       0.000             143               0
  126         564.008     232.285           0.000      -0.000             126               0
  219         495.016    -792.993           0.000       0.000             219               0
  198       -1192.333     -36.139           0.000      -0.000             198               0
  246        -896.815    2027.241           0.000       0.000             246               0
    3        -646.995    1176.066           0.000      -0.000               3               0
  140        -679.006    1185.233           0.000       0.000             140               0
  224        -255.524    -109.041           0.000      -0.000             224               0
  236         244.953    -361.582           0.000       0.000             236               0
  204        -551.435    -510.464           0.000      -0.000             204               0
   80         301.551     106.417           0.000       0.000              80               0
  253       -1653.837    1989.363           0.000      -0.000             253               0
  212        1643.591    -501.570           0.000       0.000             212               0
   85        -110.615      70.727           0.000      -0.000              85               0
  238         -99.546     -26.126           0.000       0.000             238               0
  135        2047.552    1522.656           0.000      -0.000             135               0
  133        -564.341     732.008           0.000       0.000             133               0
    4        -111.222    -320.032           0.000      -0.000               4               0
  122       -1050.773     606.995           0.000       0.000             122               0
  234        -576.796    1276.549           0.000      -0.000             234               0
  177        -555.531   -1927.435           0.000       0.000             177               0
  137         -70.084     496.322           0.000      -0.000             137               0
  164        -649.640     892.661           0.000       0.000             164               0
  208        -249.782   -1097.537           0.000      -0.000             208               0
  126          -8.082    -465.551           0.000       0.000             126               0
  250        -484.790    -577.730           0.000      -0.000             250               0
  246        -242.292   -1130.732           0.000       0.000             246               0
  226        -474.036     446.569           0.000      -0.000             226               0
  203       -1027.932    1045.378           0.000       0.000             203               0
  155        -345.423     498.927           0.000      -0.000             155               0
  138       -1086.346     604.326           0.000       0.000             138               0
  174         642.795   -1457.801           0.000      -0.000             174               0
   51         766.703    -948.001           0.000       0.000              51               0
   61         878.467     129.766           0.000      -0.000              61               0
  155        -594.893    -315.913           0.000       0.000             155               0
  164        -748.282    -740.657           0.000      -0.000             164               0
  167        -364.000       0.022           0.000       0.000             167               0
  189        -748.376     740.584           0.000       0.000             189               0
   13        -594.836     315.808           0.000       0.000              13               0
  105         878.573    -129.586           0.000       0.000             105               0
  123         766.514     948.159           0.000       0.000             123               0
  221         642.418    1457.786           0.000       0.000             221               0
   69       -1086.357    -604.670           0.000       0.000              69               0
   77        -345.388    -499.066           0.000       0.000              77               0
  205       -1027.773   -1045.545           0.000       0.000             205               0
   23        -473.926    -446.536           0.000       0.000              23               0
   79        -242.459    1130.758           0.000       0.000              79               0
   58        -484.859     577.620           0.000       0.000              58               0
   85          -8.141     465.506           0.000       0.000              85               0
   48        -249.977    1097.363           0.000       0.000              48               0
   70        -649.476    -892.899           0.000       0.000              70               0
  238         -69.985    -496.317           0.000       0.000             238               0
   90        -555.851    1927.228           0.000       0.000              90               0
  154        -576.558   -1276.830           0.000       0.000             154               0
  236       -1050.582    -607.213           0.000       0.000             236               0
   44        -111.147     319.933           0.000       0.000              44               0
  192        -564.040    -732.224           0.000       0.000             192               0
   89        2047.885   -1522.315           0.000       0.000              89               0
  116         -99.599      26.160           0.000       0.000             116               0
  180        -110.571     -70.744           0.000       0.000             180               0
  160        1643.420     501.753           0.000       0.000             160               0
  146       -1653.591   -1989.664           0.000       0.000             146               0
   55         301.578    -106.261           0.000       0.000              55               0
   68        -551.530     510.403           0.000       0.000              68               0
  152         244.880     361.570           0.000       0.000             152               0
   82        -255.601     108.875           0.000       0.000              82               0
  118        -678.844   -1185.451           0.000       0.000             118               0
    5        -646.804   -1176.199           0.000       0.000               5               0
   42        -896.447   -2027.267           0.000       0.000              42               0
  140       -1192.208      36.149           0.000       0.000             140               0
  101         495.030     793.169           0.000       0.000             101               0
  239         564.085    -232.144           0.000       0.000             239               0
   35         -71.047     437.468           0.000       0.000              35               0
  207        -145.991    -720.160           0.000       0.000             207               0
   41        -351.780     414.451           0.000       0.000              41               0
  131        -680.577     207.635           0.000       0.000             131               0
  181         987.481    1434.462           0.000       0.000             181               0
   61        1082.677     462.627           0.000       0.000              61               0
  246        -882.208    -775.177           0.000       0.000             246               0
  194        -364.761    -505.178           0.000       0.000             194               0
  188         113.882      40.043           0.000       0.000             188               0
    0        -962.512     453.992           0.000       0.000              -0               0
  225       -1886.097    -215.782           0.000       0.000             225               0
  231         626.889     318.867           0.000       0.000             231               0
  228        -448.177     361.617           0.000       0.000             228               0
  234         764.163      26.744           0.000       0.000             234               0
  208        -626.691     505.822           0.000       0.000             208               0
  242          69.463     178.491           0.000       0.000             242               0
  143          63.369     474.241           0.000       0.000             143               0
   34        -333.400   -1062.426           0.000       0.000              34               0
   72       -1396.610    -322.723           0.000       0.000              72               0
  198        -309.190     350.834           0.000       0.000             198               0
  168        1292.552    1397.249           0.000       0.000             168               0
   22       -1245.498    -455.908           0.000       0.000              22               0
  140        -542.482     834.771           0.000       0.000             140               0
   47         760.929    -888.596           0.000       0.000              47               0
  215         535.800    -311.904           0.000       0.000             215               0
  172        1490.371    -780.115           0.000       0.000             172               0
  165        -621.033     -19.878           0.000       0.000             165               0
   64       -1032.272     491.381           0.000       0.000              64               0
  154         361.282   -1742.957           0.000       0.000             154               0
   24        -245.232     650.257           0.000       0.000              24               0
   23         942.101     512.588           0.000       0.000              23               0
  164         152.265   -1198.872           0.000       0.000             164               0
  240         570.480    -872.188           0.000       0.000             240               0
  119       -1000.590     871.727           0.000       0.000             119               0
  219        -691.272      96.531           0.000       0.000             219               0
  149         255.191    -715.558           0.000       0.000             149               0
  135        -495.856      48.765           0.000       0.000             135               0
   44        -665.033     -60.106           0.000       0.000              44               0
  111        1128.213   -1058.774           0.000       0.000             111               0
  165        -515.468    -254.712           0.000       0.000             165               0
  181         533.200    -614.499           0.000       0.000             181               0
   58         -83.740    -563.467           0.000       0.000              58               0
   13        -718.894    -341.070           0.000       0.000              13               0
    5        -168.022    2136.736           0.000       0.000               5               0
    6         -71.002     549.902           0.000       0.000               6               0
    6       -1096.064     -26.708           0.000       0.000               6               0
  240         664.379    -636.271           0.000       0.000             240               0
  247        -890.387   -1148.104           0.000       0.000             247               0
   39         491.558     -40.785           0.000       0.000              39               0
  200         452.342    -148.353           0.000       0.000             200               0
   45        1245.096    -441.255           0.000       0.000              45               0
  199         575.568    -551.660           0.000       0.000             199               0
   25       -1018.718   -1165.378           0.000       0.000              25               0
  188        1394.785     810.073           0.000       0.000             188               0
  218         321.503     724.393           0.000       0.000             218               0
  176       -2195.592    -625.864           0.000       0.000             176               0
  155        -518.553   -1893.911           0.000       0.000             155               0
  224        -157.628    -359.309           0.000       0.000             224               0
   95         422.312     660.952           0.000       0.000              95               0
  137          56.027    1781.113           0.000       0.000             137               0
  100         292.571     922.753           0.000       0.000             100               0
  178        -858.495     741.125           0.000       0.000             178               0
  190        1874.118    -394.611           0.000       0.000             190               0
  149        -181.411     -14.309           0.000       0.000             149               0
    7        -465.886    -152.936           0.000       0.000               7               0
   26        -121.865    -175.501           0.000       0.000              26               0
   98        -678.997    -480.248           0.000       0.000              98               0
  178        -722.342      62.532           0.000       0.000             178               0
  226        -690.703   -1154.785           0.000       0.000             226               0
   75        -104.981   -1102.625           0.000       0.000              75               0
  163        -382.261    1136.704           0.000       0.000             163               0
   12       -1362.867    1122.076           0.000       0.000              12               0
  176         100.716     574.160           0.000       0.000             176               0
  138         618.603    -731.104           0.000       0.000             138               0
    7        -110.073     558.614           0.000       0.000               7               0
  128        -113.307   -1153.915           0.000       0.000             128               0
   45        -413.124     491.600           0.000       0.000              45               0
   93        -341.819   -1283.174           0.000       0.000              93               0
  121         156.334     -51.431           0.000       0.000             121               0
   37        1575.110    -307.447           0.000       0.000              37               0
   98         700.345     413.023           0.000       0.000              98               0
   11        -350.479     623.971           0.000       0.000              11               0
   33        -162.521   -2297.482           0.000       0.000              33               0
   30         452.607     716.802           0.000       0.000              30               0
  169         270.042    -282.280           0.000       0.000             169               0
   63         680.733    -241.770           0.000       0.000              63               0
  185        -271.070    1684.112           0.000       0.000             185               0
  159         187.691    1979.820           0.000       0.000             159               0
   90        -603.682   -1698.455           0.000       0.000              90               0
  135        -486.145    2248.132           0.000       0.000             135               0
  102         447.613     124.072           0.000       0.000             102               0
  226       -1229.190    -395.202           0.000       0.000             226               0
