SINAL     NFT                         FFT                         NFT INVERSA     FFT INVERSA
-----     -----------------------     -----------------------     -----------     -----------
   18       33922.000       0.000           0.000       0.000              18               0
  210        -273.134    -280.378           0.000      -0.000             210               0
   59        -417.377   -1752.650           0.000       0.000              59               0
  208         281.575     803.304           0.000      -0.000             208               0
   87        -777.667   -1586.054           0.000       0.000              87               0
   81         308.580   -1159.895           0.000      -0.000              81               0
  114        -459.919    -591.469           0.000       0.000             114               0
  240        -143.839      47.810           0.000      -0.000             240               0
  200         246.538     155.202           0.000       0.000             200               0
   75        -839.759    1442.588           0.000      -0.000              75               0
  147         610.664   -1081.091           0.000       0.000             147               0
  164        -459.942    -584.798           0.000      -0.000             164               0
  106         619.182    -425.137           0.000       0.000             106               0
  186        -183.358    -688.165           0.000      -0.000             186               0
  147         821.641    1169.162           0.000       0.000             147               0
   57         250.562    -599.081           0.000      -0.000              57               0
  187         807.569      99.315           0.000       0.000             187               0
  234         660.716     646.096           0.000      -0.000             234               0
  162          -6.614     314.108           0.000       0.000             162               0
  222       -1241.805    -335.021           0.000      -0.000             222               0
   95        1093.778     569.250           0.000       0.000              95               0
  183        -856.746    -547.763           0.000      -0.000             183               0
  162         577.223    1696.498           0.000       0.000             162               0
  132        -766.333    1100.966           0.000      -0.000             132               0
  203        -851.016     539.097           0.000       0.000             203               0
   57         880.537    -459.247           0.000      -0.000              57               0
  190        -767.559     964.335           0.000       0.000             190               0
  142         403.067    -241.149           0.000      -0.000             142               0
  215         859.886     -63.227           0.000       0.000             215               0
   21       -1371.334    -251.076           0.000      -0.000              21               0
  116        -806.386    1479.209           0.000       0.000             116               0
  230         374.527     807.315           0.000      -0.000             230               0
  234         751.807    -269.104           0.000       0.000             234               0
  215         355.428    -849.228           0.000      -0.000             215               0
   61        -665.410    -845.494           0.000       0.000              61               0
   47       -1291.872     186.953           0.000      -0.000              47               0
   57        -583.794     154.036           0.000       0.000              57               0
  160         213.571   -1048.165           0.000      -0.000             160               0
    2        -347.202    1774.799           0.000       0.000               2               0
  158        1042.404     311.931           0.000      -0.000             158               0
  192          79.529   -1003.267           0.000       0.000             192               0
  207       -1010.922    -238.021           0.000      -0.000             207               0
   82       -1182.702     340.188           0.000       0.000              82               0
   13        -494.209   -2145.054           0.000      -0.000              13               0
   25        1513.739     590.664           0.000       0.000              25               0
  133        -165.827     156.011           0.000      -0.000             133               0
  234       -1373.812    -412.424           0.000       0.000             234               0
  185        -982.596    -601.234           0.000      -0.000             185               0
   80         325.443   -1957.753           0.000       0.000              80               0
  233        1058.715    -798.175           0.000      -0.000             233               0
  203         205.279    -993.946           0.000       0.000             203               0
    3          34.623    1349.525           0.000      -0.000               3               0
  207       -1148.938    -394.856           0.000       0.000             207               0
  144       -1363.620    -654.663           0.000      -0.000             144               0
  134        -773.842     914.474           0.000       0.000             134               0
  217        -190.771    2276.522           0.000      -0.000             217               0
  105        -382.819    -517.461           0.000       0.000             105               0
  235         843.964   -2286.277           0.000      -0.000             235               0
  133         926.011    1532.206           0.000       0.000             133               0
  146        -700.045   -1579.654           0.000      -0.000             146               0
  123        -281.413     898.217           0.000       0.000             123               0
   61       -1136.029    1109.312           0.000      -0.000              61               0
   51         785.232    -590.867           0.000       0.000              51               0
  154         517.994    1174.445           0.000      -0.000             154               0
  254        -292.011    -122.034           0.000       0.000             254               0
  204        -296.593     358.411           0.000      -0.000             204               0
  219       -1648.763   -1036.228           0.000       0.000             219               0
    9         660.413     442.047           0.000      -0.000               9               0
   74         376.352   -1019.300           0.000       0.000              74               0
  224         -58.598    -966.688           0.000      -0.000             224               0
   14         522.387    1193.347           0.000       0.000              14               0
  166        -928.120     -69.392           0.000      -0.000             166               0
  243        1054.717    -484.328           0.000       0.000             243               0
   72         568.400     -59.424           0.000      -0.000              72               0
  241         232.926    -673.651           0.000       0.000             241               0
  223        1507.989    -248.073           0.000      -0.000             223               0
   41         -22.276     148.244           0.000       0.000              41               0
  100        1448.126      33.614           0.000      -0.000             100               0
  245        -179.108    -282.366           0.000       0.000             245               0
   92        1208.964   -1207.170           0.000      -0.000              92               0
  214         194.354    -658.376           0.000       0.000             214               0
   31        -765.715    1068.382           0.000      -0.000              31               0
   14         323.038     576.870           0.000       0.000              14               0
  248        1187.114   -1438.009           0.000      -0.000             248               0
  189         584.522    1088.542           0.000       0.000             189               0
  124       -1425.412     729.402           0.000      -0.000             124               0
  126        -364.773    -969.174           0.000       0.000             126               0
  178        -643.894    -816.558           0.000      -0.000             178               0
   60        -821.541    1193.702           0.000       0.000              60               0
   97        1154.338    1059.148           0.000      -0.000              97               0
  104        -152.411    -998.123           0.000       0.000             104               0
  207       -1504.986    1213.149           0.000      -0.000             207               0
  243        -353.520    1566.503           0.000       0.000             243               0
   57         695.301    -648.756           0.000      -0.000              57               0
   87         413.387    -475.710           0.000       0.000              87               0
    0       -1235.610     491.373           0.000      -0.000              -0               0
   31         630.210    -387.075           0.000       0.000              31               0
  122        -476.934     408.964           0.000      -0.000             122               0
   58        1069.062    -443.131           0.000       0.000              58               0
  176        -184.611     -73.699           0.000      -0.000             176               0
  119           1.378    -520.217           0.000       0.000             119               0
  150       -1245.100     -50.805           0.000      -0.000             150               0
  142       -1212.167    -122.416           0.000       0.000             142               0
  222        -464.306     227.280           0.000      -0.000             222               0
  182        -386.152   -1159.381           0.000       0.000             182               0
  167        -513.750    -515.370           0.000      -0.000             167               0
  195         -19.185    -357.025           0.000       0.000             195               0
   85         104.782     703.973           0.000      -0.000              85               0
   26         639.969     489.165           0.000       0.000              26               0
  182         606.030    -344.158           0.000      -0.000             182               0
  174       -1212.144    -668.029           0.000       0.000             174               0
   19         164.469    1052.523           0.000      -0.000              19               0
   73       -1071.271   -1293.487           0.000       0.000              73               0
  175        -943.041    -835.413           0.000      -0.000             175               0
  147       -1364.963    -518.942           0.000       0.000             147               0
  122        -387.539     167.491           0.000      -0.000             122               0
   41       -1298.023     509.974           0.000       0.000              41               0
   59         500.001      22.089           0.000      -0.000              59               0
   98         222.071     327.819           0.000       0.000              98               0
   11       -1165.792    -299.448           0.000      -0.000              11               0
  105       -1386.982   -1771.330           0.000       0.000             105               0
   15          83.445   -1481.210           0.000      -0.000              15               0
   59         266.168    -984.926           0.000       0.000              59               0
   94        -219.722      80.506           0.000      -0.000              94               0
  148         -87.559     445.113           0.000       0.000             148               0
  164         217.692    -875.035           0.000      -0.000             164               0
  249         347.103     767.456           0.000       0.000             249               0
  173       -1065.640    -922.891           0.000      -0.000             173               0
  169        1210.000       0.177           0.000       0.000             169               0
  149       -1065.822     922.782           0.000       0.000             149               0
   71         347.264    -767.319           0.000       0.000              71               0
  141         217.516     875.162           0.000       0.000             141               0
   66         -87.530    -445.057           0.000       0.000              66               0
  169        -219.737     -80.379           0.000       0.000             169               0
  167         265.952     985.136           0.000       0.000             167               0
   20          83.070    1481.302           0.000       0.000              20               0
  243       -1387.367    1771.032           0.000       0.000             243               0
   61       -1165.794     299.115           0.000       0.000              61               0
  150         222.181    -327.856           0.000       0.000             150               0
  142         499.928     -22.038           0.000       0.000             142               0
  248       -1298.014    -510.182           0.000       0.000             248               0
  141        -387.542    -167.479           0.000       0.000             141               0
   84       -1365.059     518.794           0.000       0.000              84               0
   85        -943.121     835.286           0.000       0.000              85               0
  205       -1071.372    1293.216           0.000       0.000             205               0
  222         164.739   -1052.554           0.000       0.000             222               0
  218       -1212.134     667.838           0.000       0.000             218               0
   19         606.123     344.192           0.000       0.000              19               0
   15         640.088    -489.110           0.000       0.000              15               0
  233         104.883    -703.909           0.000       0.000             233               0
  225         -19.279     357.105           0.000       0.000             225               0
    1        -513.861     515.333           0.000       0.000               1               0
  237        -386.352    1159.277           0.000       0.000             237               0
  226        -464.287    -227.426           0.000       0.000             226               0
  255       -1212.166     122.193           0.000       0.000             255               0
   68       -1244.974      50.589           0.000       0.000              68               0
  187           1.453     520.192           0.000       0.000             187               0
  202        -184.477      73.625           0.000       0.000             202               0
  197        1069.055     443.246           0.000       0.000             197               0
    2        -476.839    -409.094           0.000       0.000               2               0
  180         630.153     387.135           0.000       0.000             180               0
  229       -1235.486    -491.614           0.000       0.000             229               0
  245         413.415     475.755           0.000       0.000             245               0
  211         695.188     648.729           0.000       0.000             211               0
  203        -353.320   -1566.675           0.000       0.000             203               0
  124       -1504.728   -1213.329           0.000       0.000             124               0
  205        -152.420     998.113           0.000       0.000             205               0
  202        1154.548   -1059.000           0.000       0.000             202               0
  121        -821.366   -1193.726           0.000       0.000             121               0
    6        -643.971     816.575           0.000       0.000               6               0
  105        -364.863     969.079           0.000       0.000             105               0
  151       -1425.117    -729.699           0.000       0.000             151               0
   55         584.939   -1088.349           0.000       0.000              55               0
   80        1186.976    1438.255           0.000       0.000              80               0
  218         323.145    -576.862           0.000       0.000             218               0
  193        -765.454   -1068.412           0.000       0.000             193               0
  200         194.412     658.557           0.000       0.000             200               0
   13        1208.853    1207.399           0.000       0.000              13               0
   19        -179.072     282.292           0.000       0.000              19               0
  172        1448.195     -33.394           0.000       0.000             172               0
  247         -22.213    -148.229           0.000       0.000             247               0
   49        1507.962     248.366           0.000       0.000              49               0
  204         232.771     673.687           0.000       0.000             204               0
   45         568.374      59.498           0.000       0.000              45               0
   80        1054.536     484.472           0.000       0.000              80               0
  192        -928.199      69.166           0.000       0.000             192               0
  208         522.580   -1193.219           0.000       0.000             208               0
   34         -58.791     966.766           0.000       0.000              34               0
  123         376.149    1019.311           0.000       0.000             123               0
  149         660.357    -441.978           0.000       0.000             149               0
   11       -1649.009    1035.897           0.000       0.000              11               0
  141        -296.481    -358.559           0.000       0.000             141               0
  109        -291.968     121.899           0.000       0.000             109               0
  194         518.233   -1174.381           0.000       0.000             194               0
  174         785.058     590.981           0.000       0.000             174               0
  225       -1135.902   -1109.530           0.000       0.000             225               0
   21        -281.234    -898.141           0.000       0.000              21               0
   98        -700.225    1579.572           0.000       0.000              98               0
  191         926.339   -1531.995           0.000       0.000             191               0
  170         843.513    2286.457           0.000       0.000             170               0
   37        -383.003     517.191           0.000       0.000              37               0
   27        -190.468   -2276.631           0.000       0.000              27               0
   11        -773.762    -914.458           0.000       0.000              11               0
  147       -1363.722     654.554           0.000       0.000             147               0
  241       -1148.879     394.673           0.000       0.000             241               0
   35          35.001   -1349.411           0.000       0.000              35               0
    8         205.229     994.160           0.000       0.000               8               0
  142        1058.607     798.462           0.000       0.000             142               0
  213         325.026    1957.807           0.000       0.000             213               0
  161        -982.764     600.969           0.000       0.000             161               0
  253       -1373.805     412.099           0.000       0.000             253               0
   81        -165.635    -156.107           0.000       0.000              81               0
  116        1513.862    -590.357           0.000       0.000             116               0
    1        -494.657    2144.946           0.000       0.000               1               0
  135       -1182.637    -340.506           0.000       0.000             135               0
  226       -1010.834     237.812           0.000       0.000             226               0
  227          79.527    1003.166           0.000       0.000             227               0
   46        1042.510    -311.933           0.000       0.000              46               0
  151        -346.905   -1774.861           0.000       0.000             151               0
  180         213.395    1048.239           0.000       0.000             180               0
  206        -583.791    -154.182           0.000       0.000             206               0
  202       -1291.771    -187.158           0.000       0.000             202               0
  175        -665.377     845.377           0.000       0.000             175               0
   84         355.456     849.180           0.000       0.000              84               0
   34         751.840     269.049           0.000       0.000              34               0
  215         374.648    -807.414           0.000       0.000             215               0
   50        -806.141   -1479.361           0.000       0.000              50               0
  190       -1371.225     250.880           0.000       0.000             190               0
    6         860.043      63.340           0.000       0.000               6               0
  118         403.069     241.134           0.000       0.000             118               0
  183        -767.312    -964.511           0.000       0.000             183               0
  100         880.525     459.347           0.000       0.000             100               0
   53        -850.895    -539.350           0.000       0.000              53               0
   35        -766.000   -1101.156           0.000       0.000              35               0
  110         577.635   -1696.319           0.000       0.000             110               0
  186        -856.696     547.715           0.000       0.000             186               0
   94        1093.985    -569.025           0.000       0.000              94               0
  124       -1241.748     334.849           0.000       0.000             124               0
   83          -6.329    -314.113           0.000       0.000              83               0
  153         661.026    -645.937           0.000       0.000             153               0
  163         807.719     -99.091           0.000       0.000             163               0
  104         250.581     599.141           0.000       0.000             104               0
  187         821.928   -1168.961           0.000       0.000             187               0
   90        -183.379     688.253           0.000       0.000              90               0
  107         619.210     425.291           0.000       0.000             107               0
   12        -459.922     584.743           0.000       0.000              12               0
  206         610.606    1081.104           0.000       0.000             206               0
   30        -839.365   -1442.777           0.000       0.000              30               0
   12         246.780    -155.076           0.000       0.000              12               0
   28        -143.618     -47.732           0.000       0.000              28               0
  154        -459.727     591.499           0.000       0.000             154               0
    7         308.720    1159.996           0.000       0.000               7               0
  242        -777.496    1585.831           0.000       0.000             242               0
  216         282.312    -803.312           0.000       0.000             216               0
  107        -416.790    1752.528           0.000       0.000             107               0
  136        -271.365     280.158           0.000       0.000             136               0
