SINAL     NFT                         FFT                         NFT INVERSA     FFT INVERSA
-----     -----------------------     -----------------------     -----------     -----------
  212       33233.000       0.000           0.000       0.000             212               0
  162        -611.395     680.490           0.000      -0.000             162               0
  102       -1109.552    -899.637           0.000       0.000             102               0
  106          -5.233   -1063.023           0.000      -0.000             106               0
  249        1327.446     734.357           0.000       0.000             249               0
   46        -751.123     777.437           0.000      -0.000              46               0
  186         -89.750    -159.001           0.000       0.000             186               0
   59         284.824     459.919           0.000      -0.000              59               0
   26         385.359     333.917           0.000       0.000              26               0
  184         315.584    -777.697           0.000      -0.000             184               0
  107        1287.963    3192.051           0.000       0.000             107               0
   13        -623.691    -232.901           0.000      -0.000              13               0
    1         607.345    -192.681           0.000       0.000               1               0
   10        -409.984   -1756.332           0.000      -0.000              10               0
  227         597.825    -183.669           0.000       0.000             227               0
   60        -784.293     605.697           0.000      -0.000              60               0
  203        1448.513     300.435           0.000       0.000             203               0
  222         715.750    -779.003           0.000      -0.000             222               0
  112         712.903   -1292.410           0.000       0.000             112               0
  165       -1166.744    -324.575           0.000      -0.000             165               0
   86        -299.351     121.653           0.000       0.000              86               0
  155          -6.365   -1239.728           0.000      -0.000             155               0
   93        -411.386    -145.908           0.000       0.000              93               0
   64         433.670    -340.633           0.000      -0.000              64               0
  213        -575.348     257.480           0.000       0.000             213               0
  220       -1144.330     321.016           0.000      -0.000             220               0
   23        1194.180     258.921           0.000       0.000              23               0
  149         355.733     506.940           0.000      -0.000             149               0
  206        -210.415   -1064.868           0.000       0.000             206               0
   38         186.529     813.875           0.000      -0.000              38               0
  246         682.828     251.704           0.000       0.000             246               0
  183        1102.055    1089.010           0.000      -0.000             183               0
  188        -139.225     106.025           0.000       0.000             188               0
   74        -263.522    -285.092           0.000      -0.000              74               0
   37        -268.010     375.364           0.000       0.000              37               0
   95         421.694    -633.656           0.000      -0.000              95               0
   46         666.830   -1236.609           0.000       0.000              46               0
  222        -949.173    -895.011           0.000      -0.000             222               0
  190        -163.432     102.811           0.000       0.000             190               0
   16       -1303.137     772.136           0.000      -0.000              16               0
   50        -779.382     858.852           0.000       0.000              50               0
   89         913.725    -174.847           0.000      -0.000              89               0
  164         386.822   -1615.496           0.000       0.000             164               0
  229        1269.912    -470.516           0.000      -0.000             229               0
  202        -951.674     605.821           0.000       0.000             202               0
   92         576.761     296.512           0.000      -0.000              92               0
  186        -699.358     674.310           0.000       0.000             186               0
  188         308.582     663.859           0.000      -0.000             188               0
  162         300.492    1241.814           0.000       0.000             162               0
  218        1261.275     -51.359           0.000      -0.000             218               0
  218         814.889     433.428           0.000       0.000             218               0
   72        -818.503    -308.189           0.000      -0.000              72               0
  119         -59.145    1710.578           0.000       0.000             119               0
   14        1332.113    1359.665           0.000      -0.000              14               0
   11       -1531.850    -522.151           0.000       0.000              11               0
   34        -140.340    -371.587           0.000      -0.000              34               0
   73         635.914    -710.702           0.000       0.000              73               0
  196         -69.086   -1251.642           0.000      -0.000             196               0
  213        -333.906    -297.420           0.000       0.000             213               0
  120        1117.938     198.842           0.000      -0.000             120               0
  115          49.593   -1242.333           0.000       0.000             115               0
   76          13.783    1283.544           0.000      -0.000              76               0
  209         723.730     -48.440           0.000       0.000             209               0
  207        -272.008   -1149.237           0.000      -0.000             207               0
   46        -541.007     -56.029           0.000       0.000              46               0
  239        -220.989    -527.049           0.000      -0.000             239               0
   83         421.078    -559.483           0.000       0.000              83               0
  198         407.916    -210.894           0.000      -0.000             198               0
  170        -255.836    -449.991           0.000       0.000             170               0
  133        -448.434    1495.392           0.000      -0.000             133               0
   76       -1143.452     405.857           0.000       0.000              76               0
   83        -574.598    -166.201           0.000      -0.000              83               0
   22         364.436     653.864           0.000       0.000              22               0
  244         298.560      84.507           0.000      -0.000             244               0
  226         663.580      77.728           0.000       0.000             226               0
   40        1162.650    -587.464           0.000      -0.000              40               0
  151        -421.977    -303.368           0.000       0.000             151               0
  175         984.781   -1866.760           0.000      -0.000             175               0
  143         980.710     -71.225           0.000       0.000             143               0
  192        -265.947    -694.358           0.000      -0.000             192               0
   40          91.089    1629.111           0.000       0.000              40               0
   30        -234.000    -597.877           0.000      -0.000              30               0
  217         711.465     959.278           0.000       0.000             217               0
   51         357.619    -683.632           0.000      -0.000              51               0
    8        1440.498    -804.716           0.000       0.000               8               0
   63       -1201.209    -274.528           0.000      -0.000              63               0
  120        -340.621    -985.196           0.000       0.000             120               0
  253         457.956      23.038           0.000      -0.000             253               0
  147          65.594   -1338.550           0.000       0.000             147               0
   26        1092.650   -1035.260           0.000      -0.000              26               0
  158        1343.595    2034.437           0.000       0.000             158               0
   63        -420.651     613.306           0.000      -0.000              63               0
  228       -1017.840    -618.516           0.000       0.000             228               0
   36         463.932     914.821           0.000      -0.000              36               0
   92        2451.111     990.872           0.000       0.000              92               0
  146       -1697.431   -1090.758           0.000      -0.000             146               0
  228        -854.798    -734.029           0.000       0.000             228               0
   66        -788.482     -63.305           0.000      -0.000              66               0
  123       -1905.623    -786.376           0.000       0.000             123               0
  199       -1176.689   -1279.697           0.000      -0.000             199               0
  136        -934.782    -480.347           0.000       0.000             136               0
  174        -385.269     741.185           0.000      -0.000             174               0
  162        -892.441     939.363           0.000       0.000             162               0
  124       -1138.918     404.954           0.000      -0.000             124               0
  130        -828.805   -2888.441           0.000       0.000             130               0
   13        -254.995     -18.699           0.000      -0.000              13               0
  126         720.262    -549.298           0.000       0.000             126               0
  150          56.619       4.854           0.000      -0.000             150               0
   72         776.327     420.710           0.000       0.000              72               0
  119        1040.794     438.033           0.000      -0.000             119               0
   13        -102.991     993.109           0.000       0.000              13               0
  167        1155.227   -1226.182           0.000      -0.000             167               0
  151         911.776    -228.208           0.000       0.000             151               0
   93        -360.173    -506.384           0.000      -0.000              93               0
  187         808.756     118.473           0.000       0.000             187               0
   52         -87.121    -482.057           0.000      -0.000              52               0
  140         417.746     -48.799           0.000       0.000             140               0
   75          84.421    1722.299           0.000      -0.000              75               0
   94           8.511    -318.962           0.000       0.000              94               0
   69         648.568     777.000           0.000      -0.000              69               0
  186         212.622    -537.915           0.000       0.000             186               0
  203        -647.555    1161.220           0.000      -0.000             203               0
  158        1055.917    -175.753           0.000       0.000             158               0
   92         587.525     467.338           0.000      -0.000              92               0
  211       -1022.565   -1002.948           0.000       0.000             211               0
  212        1329.172     408.160           0.000      -0.000             212               0
  218         690.008      53.972           0.000       0.000             218               0
  185         467.015     389.817           0.000      -0.000             185               0
  181         925.000       0.039           0.000       0.000             181               0
  122         467.061    -389.786           0.000       0.000             122               0
  189         690.004     -53.883           0.000       0.000             189               0
  250        1329.131    -407.926           0.000       0.000             250               0
   15       -1022.803    1002.737           0.000       0.000              15               0
  111         587.633    -467.326           0.000       0.000             111               0
   61        1055.812     175.851           0.000       0.000              61               0
   15        -647.425   -1161.355           0.000       0.000              15               0
   44         212.549     537.938           0.000       0.000              44               0
  221         648.672    -776.925           0.000       0.000             221               0
   13           8.415     318.918           0.000       0.000              13               0
  120          84.700   -1722.268           0.000       0.000             120               0
   62         417.721      48.992           0.000       0.000              62               0
  227         -87.202     482.095           0.000       0.000             227               0
   58         808.758    -118.300           0.000       0.000              58               0
  217        -360.258     506.358           0.000       0.000             217               0
  174         911.769     228.376           0.000       0.000             174               0
   23        1154.952    1226.295           0.000       0.000              23               0
  186        -102.891    -993.220           0.000       0.000             186               0
  240        1040.809    -437.845           0.000       0.000             240               0
  249         776.256    -420.523           0.000       0.000             249               0
  177          56.476      -4.754           0.000       0.000             177               0
  241         719.995     549.488           0.000       0.000             241               0
    7        -255.223      18.760           0.000       0.000               7               0
   44        -829.473    2888.246           0.000       0.000              44               0
  146       -1138.962    -405.353           0.000       0.000             146               0
   16        -892.333    -939.578           0.000       0.000              16               0
  182        -385.205    -741.181           0.000       0.000             182               0
  126        -934.938     480.301           0.000       0.000             126               0
   49       -1176.949    1279.520           0.000       0.000              49               0
  135       -1905.698     785.983           0.000       0.000             135               0
  138        -788.362      63.112           0.000       0.000             138               0
   99        -854.792     733.833           0.000       0.000              99               0
   14       -1697.327    1090.306           0.000       0.000              14               0
   97        2451.487    -990.631           0.000       0.000              97               0
   94         464.055    -914.761           0.000       0.000              94               0
  150       -1017.898     618.310           0.000       0.000             150               0
   27        -420.361    -613.473           0.000       0.000              27               0
  132        1344.084   -2034.113           0.000       0.000             132               0
  131        1092.483    1035.624           0.000       0.000             131               0
  243          65.352    1338.570           0.000       0.000             243               0
   53         457.940     -22.981           0.000       0.000              53               0
  186        -340.812     985.120           0.000       0.000             186               0
  182       -1201.134     274.276           0.000       0.000             182               0
   87        1440.488     804.890           0.000       0.000              87               0
  217         357.523     683.542           0.000       0.000             217               0
  235         711.616    -959.255           0.000       0.000             235               0
   45        -234.109     597.761           0.000       0.000              45               0
  224          91.394   -1629.102           0.000       0.000             224               0
  216        -265.980     694.392           0.000       0.000             216               0
  220         980.778      71.443           0.000       0.000             220               0
  233         984.443    1866.895           0.000       0.000             233               0
  147        -422.020     303.168           0.000       0.000             147               0
  159        1162.574     587.526           0.000       0.000             159               0
  189         663.526     -77.759           0.000       0.000             189               0
  164         298.490     -84.583           0.000       0.000             164               0
  142         364.431    -653.882           0.000       0.000             142               0
  235        -574.741     166.037           0.000       0.000             235               0
    3       -1143.399    -406.148           0.000       0.000               3               0
  255        -448.121   -1495.445           0.000       0.000             255               0
  209        -255.826     450.032           0.000       0.000             209               0
   65         407.947     210.990           0.000       0.000              65               0
  218         420.984     559.558           0.000       0.000             218               0
   58        -221.094     526.972           0.000       0.000              58               0
  120        -540.979      55.913           0.000       0.000             120               0
  163        -272.098    1149.116           0.000       0.000             163               0
   42         723.792      48.409           0.000       0.000              42               0
  204          14.028   -1283.558           0.000       0.000             204               0
  219          49.455    1242.345           0.000       0.000             219               0
  215        1117.977    -198.714           0.000       0.000             215               0
  207        -333.985     297.363           0.000       0.000             207               0
  169         -69.258    1251.568           0.000       0.000             169               0
  158         635.794     710.654           0.000       0.000             158               0
  235        -140.456     371.381           0.000       0.000             235               0
  162       -1531.846     521.644           0.000       0.000             162               0
  181        1332.445   -1359.672           0.000       0.000             181               0
  121         -58.868   -1710.629           0.000       0.000             121               0
  106        -818.457     308.042           0.000       0.000             106               0
   61         815.102    -433.360           0.000       0.000              61               0
  248        1261.287      51.472           0.000       0.000             248               0
   79         300.658   -1241.839           0.000       0.000              79               0
   17         308.644    -663.806           0.000       0.000              17               0
  210        -699.237    -674.397           0.000       0.000             210               0
   14         576.831    -296.370           0.000       0.000              14               0
   13        -951.504    -605.891           0.000       0.000              13               0
  187        1269.911     470.844           0.000       0.000             187               0
   60         386.533    1615.535           0.000       0.000              60               0
  164         913.605     174.854           0.000       0.000             164               0
   55        -779.352    -859.065           0.000       0.000              55               0
   35       -1302.985    -772.323           0.000       0.000              35               0
   94        -163.338    -102.741           0.000       0.000              94               0
   10        -949.197     894.919           0.000       0.000              10               0
  209         666.760    1236.674           0.000       0.000             209               0
  222         421.632     633.588           0.000       0.000             222               0
  199        -267.904    -375.523           0.000       0.000             199               0
   95        -263.474     284.954           0.000       0.000              95               0
   37        -139.056    -106.182           0.000       0.000              37               0
  221        1102.351   -1088.896           0.000       0.000             221               0
  120         682.890    -251.601           0.000       0.000             120               0
  141         186.667    -813.801           0.000       0.000             141               0
   77        -210.547    1064.832           0.000       0.000              77               0
   99         355.894    -506.946           0.000       0.000              99               0
  233        1194.186    -258.734           0.000       0.000             233               0
   34       -1144.315    -321.197           0.000       0.000              34               0
   46        -575.204    -257.527           0.000       0.000              46               0
  124         433.697     340.756           0.000       0.000             124               0
  110        -411.345     145.889           0.000       0.000             110               0
   43          -6.486    1239.714           0.000       0.000              43               0
  152        -299.250    -121.749           0.000       0.000             152               0
   67       -1166.606     324.397           0.000       0.000              67               0
   67         712.929    1292.484           0.000       0.000              67               0
  221         715.793     778.971           0.000       0.000             221               0
  143        1448.620    -300.340           0.000       0.000             143               0
    2        -784.126    -605.876           0.000       0.000               2               0
  116         597.918     183.792           0.000       0.000             116               0
   21        -410.142    1756.167           0.000       0.000              21               0
  253         607.464     192.564           0.000       0.000             253               0
  178        -623.530     232.524           0.000       0.000             178               0
   66        1288.707   -3191.914           0.000       0.000              66               0
  227         315.598     777.804           0.000       0.000             227               0
   20         385.584    -333.913           0.000       0.000              20               0
  184         285.080    -459.893           0.000       0.000             184               0
  177         -89.560     158.946           0.000       0.000             177               0
   45        -750.629    -777.594           0.000       0.000              45               0
  154        1327.982    -734.055           0.000       0.000             154               0
   69          -4.973    1063.080           0.000       0.000              69               0
  187       -1108.899     899.359           0.000       0.000             187               0
   77        -609.498    -680.677           0.000       0.000              77               0
