SINAL     NFT                         FFT                         NFT INVERSA     FFT INVERSA
-----     -----------------------     -----------------------     -----------     -----------
  194       31629.000       0.000           0.000       0.000             194               1
  182         411.056    -491.115         -15.616      22.518             182               0
   64         564.031     638.404           0.000       0.000              64              -0
   89         465.009     548.523         -66.546      24.736              89               0
  196         718.266     -40.804           0.000       0.000             196               0
  232          17.072     549.003          64.655      34.503             232              -0
  253         144.388   -1172.935           0.000       0.000             253              -0
  111          41.277   -1829.509         -15.463      19.321             111               0
  130        1511.950    -700.454           0.000       0.000             130               0
   62        -984.026    -711.896          -1.976       2.325              62               0
  230        -350.013    1220.424           0.000       0.000             230              -0
   24         819.351    -737.030         -18.776       4.949              24               0
  144         819.444     650.566           0.000       0.000             144               0
  224         920.912    -420.620          23.532      15.701             224              -0
   96       -1327.938     -60.517           0.000       0.000              96              -0
  250         608.272     431.183          -5.106       9.841             250               0
  117       -1068.569      76.579           0.000       0.000             117               0
    9        1197.000     875.533          -1.168       1.128               9               0
  238        1823.850    -182.950           0.000       0.000             238              -0
  134         139.038      54.343         -11.166       1.797             134               0
  106          38.830   -1192.246           0.000       0.000             106               0
    3       -2077.344    1488.072          13.638      11.177               3              -0
   43        -941.446    -800.553           0.000       0.000              43              -0
  173        -361.438     559.222          -5.833       4.908             173               0
  179         -65.691    -176.283           0.000       0.000             179               0
   14         -28.283     864.304          -0.873       0.691              14               0
   23        1027.221    -754.960           0.000       0.000              23              -0
   14        -550.051     147.265          -8.018       0.493              14               0
  234       -1561.025     290.985           0.000       0.000             234               0
   65       -1767.987     260.529           9.126       9.114              65              -0
  179        -170.277     245.355           0.000       0.000             179              -0
  152         768.027    -716.103          -2.722       4.670             152               0
  150         735.462     822.193           0.000       0.000             150               0
    8         -59.877    1061.477          -0.718       0.462               8               0
   83         308.186    -200.433           0.000       0.000              83              -0
   37         678.633     326.663          -6.271      -0.231              37               0
    0        -155.552     422.329           0.000       0.000               0               0
  100        -189.620     304.637           6.505       7.916             100              -0
   15        -212.849     621.860           0.000       0.000              15              -0
  239        -220.462     906.506          -4.039       2.223             239               0
  184        -311.366    -357.787           0.000       0.000             184               0
  210         929.877    1105.323          -0.621       0.318             210               0
  248       -1298.420    -289.941           0.000       0.000             248              -0
  157         442.246    -490.313          -5.142      -0.698             157               0
  203        1051.640    -167.320           0.000       0.000             203               0
  203         768.848   -1160.345           4.764       7.120             203              -0
   42         154.462   -1490.144           0.000       0.000              42              -0
  189         401.937     469.501          -2.847       2.396             189               0
   16         775.812     279.173           0.000       0.000              16               0
  220         535.717     175.458          -0.553       0.218             220               0
   51       -1020.531    1256.853           0.000       0.000              51              -0
   17        -239.866     715.306          -4.340      -1.031              17               0
  199         261.659      74.605           0.000       0.000             199               0
  143        1120.211    -268.901           3.503       6.543             143              -0
    8        1522.026     122.545           0.000       0.000               8              -0
   55        -183.257   -1330.701          -3.239       1.026              55               0
  179         903.443    1110.546           0.000       0.000             179               0
   33         166.753   -2095.565          -0.502       0.143              33               0
  238        1100.526    -451.646           0.000       0.000             238              -0
  188         -87.005   -1106.819          -3.730      -1.283             188               0
  151        -945.062    -357.247           0.000       0.000             151               0
   42         411.122     135.221           2.531       6.099              42              -0
   40        -429.289    -195.850           0.000       0.000              40              -0
  240        -771.122    1692.736          -2.147       1.899             240               0
   70        -103.992     108.946           0.000       0.000              70               0
   66         575.788   -1812.320          -0.462       0.084              66               0
  106        1004.475     444.691           0.000       0.000             106              -0
  196        -656.819    -196.009          -3.243      -1.485             196               0
  193          21.743     569.627           0.000       0.000             193               0
  161        -298.612   -1738.773           1.745       5.739             161              -0
  214         439.069    -409.534           0.000       0.000             214              -0
  122       -1155.266    -799.651          -2.758       0.306             122               0
  106          33.009     458.654           0.000       0.000             106               0
   66        1022.618    1086.080          -0.429       0.035              66               0
  193         305.511   -1574.245           0.000       0.000             193              -0
   28          30.209    -507.978          -2.837      -1.653              28               0
  242          53.644     795.597           0.000       0.000             242               0
   57         -77.112    -395.201           1.085       5.438              57              -0
   53        1597.665     574.211           0.000       0.000              53              -0
  138        -427.366    -257.494          -2.346       0.743             138               0
  170         759.726     943.612           0.000       0.000             170               0
  153         251.185    1110.440          -0.401      -0.007             153               0
   46        -608.302     369.254           0.000       0.000              46              -0
  174        1308.164     549.765          -2.488      -1.798             174               0
   50        -962.130    -228.210           0.000       0.000              50               0
  242        -251.370   -1582.703           0.513       5.176             242              -0
   64        -121.225   -1297.537           0.000       0.000              64              -0
  167         630.813     886.540          -2.415      -0.208             167               0
  123        -208.903   -1056.102           0.000       0.000             123               0
   99       -1104.620   -1355.312          -0.376      -0.044              99               0
   90        1224.053     513.401           0.000       0.000              90              -0
  243        -951.176     159.039          -2.178      -1.926             243               0
  132        -915.459     132.507           0.000       0.000             132               0
   75         445.096     259.127           0.003       4.943              75              -0
  183       -1426.751   -1736.060           0.000       0.000             183              -0
   56        -225.314     665.146          -2.112       0.557              56               0
  225        -295.509    1142.165           0.000       0.000             225               0
  105         418.992     957.875          -0.354      -0.077             105              -0
   78        1479.873     741.996           0.000       0.000              78              -0
  236         696.294   -1605.870          -1.897      -2.043             236               0
  185         710.333    1592.800           0.000       0.000             185               0
  195        -351.344     -89.784          -0.463       4.730             195              -0
  192        -129.421     526.335           0.000       0.000             192              -0
    2       -1143.969   -1026.055          -2.139      -0.620               2               0
  188         891.508   -1217.875           0.000       0.000             188               0
  247        -226.168   -1686.499          -0.333      -0.107             247              -0
    7         385.605   -1789.310           0.000       0.000               7              -0
   16         -53.233    -945.809          -1.636      -2.151              16               0
  170         620.129    1391.730           0.000       0.000             170               0
   67        -868.067     973.760          -0.898       4.531              67              -0
   30         475.553    -664.762           0.000       0.000              30              -0
    0        1185.026    -413.433          -2.067      -0.178              -0               0
   63          52.879    -106.928           0.000       0.000              63               0
   44       -1060.480    1310.684          -0.314      -0.136              44              -0
   66         510.276    2108.278           0.000       0.000              66              -0
   70        -899.546    -720.625          -1.388      -2.253              70               0
   65       -2291.850    1004.744           0.000       0.000              65               0
  248       -1328.062     300.246          -1.314       4.341             248              -0
  240        1207.864    -673.131           0.000       0.000             240              -0
  221         541.933      27.949          -1.896      -0.984             221               0
  182        -513.934     880.211           0.000       0.000             182               0
  182         247.533   -2425.706          -0.295      -0.164             182              -0
   65        -819.675     169.164           0.000       0.000              65              -0
  225        -363.727      96.871          -1.148      -2.353             225               0
   69         518.895     714.449           0.000       0.000              69               0
  101         301.246      49.530          -1.718       4.156             101              -0
   57         909.539     277.659           0.000       0.000              57              -0
  138         593.570      -8.182           0.000       0.000             138               0
  192         963.000       0.057           0.000       0.000             192               0
   32         593.536       8.227          -0.276      -0.192              32              -0
  215         909.517    -277.550           0.000       0.000             215              -0
  185         301.157     -49.521          -0.911      -2.451             185               0
  219         518.893    -714.366           0.000       0.000             219               0
   37        -363.840     -96.883          -2.120       3.972              37              -0
   24        -819.685    -169.203           0.000       0.000              24              -0
  145         247.110    2425.692          -1.664      -1.332             145               0
  126        -513.795    -880.444           0.000       0.000             126               0
   89         541.940     -27.888          -0.258      -0.219              89              -0
  169        1207.589     673.244           0.000       0.000             169              -0
   11       -1328.224    -300.607          -0.672      -2.550              11               0
  183       -2291.687   -1005.181           0.000       0.000             183               0
  110        -899.516     720.370          -2.526       3.786             110              -0
  218         510.713   -2108.278           0.000       0.000             218              -0
  164       -1060.179   -1310.744          -1.832      -0.951             164               0
   50          53.026     107.079           0.000       0.000              50               0
  168        1185.030     413.706          -0.239      -0.247             168              -0
  118         475.399     664.817           0.000       0.000             118              -0
   40        -867.884    -973.926          -0.427      -2.652              40               0
  102         620.416   -1391.454           0.000       0.000             102               0
    5         -53.374     946.041          -2.946       3.594               5              -0
  249         385.315    1789.483           0.000       0.000             249              -0
  201        -226.432    1686.430          -1.423      -1.692             201               0
    0         891.270    1217.905           0.000       0.000              -0               0
  148       -1144.163    1025.666          -0.219      -0.277             148              -0
  242        -129.261    -526.536           0.000       0.000             242              -0
  116        -351.253      89.583          -0.169      -2.758             116               0
  128         710.707   -1592.706           0.000       0.000             128               0
  163         696.083    1605.939          -3.388       3.392             163              -0
   66        1479.957    -741.912           0.000       0.000              66              -0
   99         419.016    -957.873          -1.868      -1.089              99               0
   54        -295.433   -1142.182           0.000       0.000              54               0
  193        -225.301    -665.036          -0.198      -0.308             193              -0
   18       -1427.045    1735.868           0.000       0.000              18              -0
  127         445.158    -259.118           0.106      -2.872             127               0
   80        -915.449    -132.670           0.000       0.000              80               0
   43        -951.037    -159.187          -3.863       3.175              43              -0
   59        1224.183    -513.106           0.000       0.000              59              -0
  248       -1104.843    1355.197          -1.153      -2.096             248               0
  233        -208.970    1055.986           0.000       0.000             233               0
   68         631.019    -886.448          -0.175      -0.342              68              -0
  179        -121.434    1297.555           0.000       0.000             179              -0
   12        -251.610    1582.532           0.407      -2.997              12               0
   21        -962.045     227.833           0.000       0.000              21               0
  144        1308.345    -549.713          -4.387       2.936             144              -0
  126        -608.200    -369.484           0.000       0.000             126              -0
   61         251.480   -1110.473          -1.559      -1.852              61               0
  104         759.934    -943.453           0.000       0.000             104               0
   19        -427.329     257.450          -0.150      -0.379              19              -0
  134        1597.800    -573.924           0.000       0.000             134              -0
  103         -77.219     395.201           0.745      -3.137             103               0
   98          53.787    -795.547           0.000       0.000              98               0
   94          30.157     508.077          -4.978       2.665              94              -0
  246         305.296    1574.233           0.000       0.000             246              -0
   26        1022.775   -1085.991          -0.821      -2.592              26               0
   59          32.989    -458.574           0.000       0.000              59               0
  199       -1155.394     799.524          -0.120      -0.423             199              -0
   61         439.050     409.637           0.000       0.000              61              -0
  182        -298.883    1738.643           1.135      -3.298             182               0
   68          21.872    -569.741           0.000       0.000              68               0
  221        -656.759     195.854          -5.665       2.351             221              -0
  157        1004.635    -444.509           0.000       0.000             157              -0
  242         575.460    1812.354          -1.853      -2.095             242               0
   87        -104.024    -109.162           0.000       0.000              87               0
  140        -770.828   -1692.909          -0.086      -0.474             140              -0
  227        -429.233     195.836           0.000       0.000             227              -0
   13         411.202    -135.109           1.599      -3.491              13               0
   60        -945.038     357.156           0.000       0.000              60               0
  188         -87.007    1106.816          -6.491       1.974             188              -0
  185        1100.575     451.817           0.000       0.000             185              -0
  192         166.483    2095.456          -0.363      -3.278             192               0
   90         903.691   -1110.529           0.000       0.000              90               0
   38        -183.391    1330.584          -0.043      -0.536              38              -0
  154        1522.124    -122.446           0.000       0.000             154              -0
   34        1120.115     268.950           2.173      -3.729              34               0
   51         261.583     -74.728           0.000       0.000              51               0
  105        -239.806    -715.491          -7.523       1.502             105              -0
  125       -1020.261   -1257.062           0.000       0.000             125              -0
   23         535.868    -175.347          -1.083      -3.420              23               0
  168         775.907    -279.029           0.000       0.000             168               0
   42         402.027    -469.346           0.011      -0.617              42              -0
  105         154.250    1490.220           0.000       0.000             105              -0
   10         768.690    1160.369           2.918      -4.037              10               0
   62        1051.568     167.360           0.000       0.000              62               0
  237         442.040     490.251          -8.881       0.881             237              -0
   93       -1298.485     289.531           0.000       0.000              93              -0
  213         930.083   -1105.299           0.378      -4.387             213               0
   42        -311.467     357.626           0.000       0.000              42               0
  251        -220.307    -906.667           0.084      -0.725             251              -0
  133        -212.720    -621.949           0.000       0.000             133              -0
   23        -189.521    -304.712           3.946      -4.463              23               0
   60        -155.399    -422.397           0.000       0.000              60               0
   12         678.747    -326.575         -10.792       0.007              12              -0
  159         308.157     200.414           0.000       0.000             159              -0
  109         -59.672   -1061.546          -1.298      -4.926             109               0
  240         735.614    -822.016           0.000       0.000             240               0
  155         767.820     716.251           0.192      -0.885             155              -0
  120        -170.393    -245.433           0.000       0.000             120              -0
  224       -1768.009    -260.849           5.495      -5.104             224               0
  154       -1560.864    -291.250           0.000       0.000             154               0
  135        -549.817    -147.337         -13.749      -1.345             135               0
  216        1027.222     755.084           0.000       0.000             216              -0
   17         -28.107    -864.360           1.958      -6.752              17               0
  111         -65.691     176.262           0.000       0.000             111               0
  250        -361.327    -559.280           0.370      -1.149             250              -0
  128        -941.540     800.353           0.000       0.000             128              -0
  241       -2076.888   -1488.412           8.160      -6.208             241               0
   35          38.946    1192.287           0.000       0.000              35               0
  109         139.349     -54.385         -19.078      -3.782             109               0
   67        1824.024     183.178           0.000       0.000              67              -0
  220        1197.164    -875.374           0.841      -9.762             220               0
  244       -1068.484     -76.751           0.000       0.000             244               0
   16         608.471    -431.064           0.732      -1.685              16              -0
  238       -1327.752      60.332           0.000       0.000             238              -0
   17         921.113     420.760          14.004      -8.629              17               0
   94         819.732    -650.419           0.000       0.000              94               0
   40         819.340     737.163         -31.960      -9.672              40               0
  177        -349.690   -1220.441           0.000       0.000             177              -0
   52        -983.860     711.851           8.871     -17.098              52               0
   82        1512.123     700.777           0.000       0.000              82               0
  133          41.197    1829.486           1.907      -3.424             133              -0
  113         144.495    1172.771           0.000       0.000             113              -0
  145          17.556    -549.172          38.296     -18.691             145               0
  184         718.729      40.811           0.000       0.000             184               0
  170         465.675    -548.539        -112.830     -46.647             170               0
  144         564.978    -638.321           0.000       0.000             144              -0
  125         412.635     491.168           0.000       0.000             125               0
