SINAL     NFT                         FFT                         NFT INVERSA     FFT INVERSA
-----     -----------------------     -----------------------     -----------     -----------
  234       33675.000       0.000           0.000       0.000             234               1
  179         765.333   -1324.167         -15.616      22.518             179               0
    7        -234.333     483.364           0.000       0.000               7              -0
   38        -742.910    -175.559         -66.546      24.736              38               0
  138          32.270    -621.923           0.000       0.000             138               0
  140        -547.749   -1331.896          64.655      34.503             140              -0
  187          65.063     212.794           0.000       0.000             187              -0
  138       -1032.291    -175.673         -15.463      19.321             138               0
   61         229.018    -459.657           0.000       0.000              61               0
   83        -957.603    -337.084          -1.976       2.325              83               0
  164        -410.842     664.468           0.000       0.000             164              -0
  172        -236.492   -1020.449         -18.776       4.949             172               0
  199         830.115     616.204           0.000       0.000             199               0
  202        -443.627    1191.371          23.532      15.701             202              -0
  241         370.142    1575.327           0.000       0.000             241              -0
  211        -340.494     604.474          -5.106       9.841             211               0
  250       -1077.318     773.480           0.000       0.000             250               0
   33        -236.804   -1566.806          -1.168       1.128              33               0
  108         617.016   -1199.738           0.000       0.000             108              -0
  249         684.618    1722.696         -11.166       1.797             249               0
  158         216.596    -864.234           0.000       0.000             158               0
    1         375.794     -68.941          13.638      11.177               1              -0
  232        -535.834     212.749           0.000       0.000             232              -0
  230        -352.425   -1669.631          -5.833       4.908             230               0
    8         123.570     142.330           0.000       0.000               8               0
  122        -798.957    -688.339          -0.873       0.691             122               0
  122         338.674      85.739           0.000       0.000             122              -0
  116         850.142    -869.974          -8.018       0.493             116               0
  186         465.064   -1464.047           0.000       0.000             186               0
  171        -918.495     -15.223           9.126       9.114             171              -0
   80         891.228     188.028           0.000       0.000              80              -0
  222         187.984     781.692          -2.722       4.670             222               0
   58          80.550     929.807           0.000       0.000              58               0
  211         750.115     902.654          -0.718       0.462             211               0
  123         -27.122     133.314           0.000       0.000             123              -0
   89        1079.868     596.254          -6.271      -0.231              89               0
   94         997.879    -262.837           0.000       0.000              94               0
  156         260.636    -573.828           6.505       7.916             156              -0
  237         264.212    2083.154           0.000       0.000             237              -0
  247        1948.398     490.774          -4.039       2.223             247               0
   84         -64.966     -60.829           0.000       0.000              84               0
   11         518.331     703.473          -0.621       0.318              11               0
  209         338.148    -488.842           0.000       0.000             209              -0
   24       -1054.510     975.303          -5.142      -0.698              24               0
  120         116.721    -516.969           0.000       0.000             120               0
   74        1631.889     794.815           4.764       7.120              74              -0
  243         530.071     481.617           0.000       0.000             243              -0
  212         553.892    -436.910          -2.847       2.396             212               0
   37        1257.211     290.799           0.000       0.000              37               0
  120       -1257.924    1073.701          -0.553       0.218             120               0
  220         233.690    -215.274           0.000       0.000             220              -0
  242         -30.432     349.007          -4.340      -1.031             242               0
  103        -671.167    -842.921           0.000       0.000             103               0
   41        1175.386     362.243           3.503       6.543              41              -0
  211       -1024.655    1349.090           0.000       0.000             211              -0
   14        1911.584   -1720.153          -3.239       1.026              14               0
  186         361.032    -907.705           0.000       0.000             186               0
  213        -877.945    -383.869          -0.502       0.143             213               0
  141        -196.885   -1063.082           0.000       0.000             141              -0
   53        -611.670     829.279          -3.730      -1.283              53               0
  242        -433.180     261.040           0.000       0.000             242               0
  134       -1581.587   -2122.941           2.531       6.099             134              -0
    1         112.515   -1021.004           0.000       0.000               1              -0
  206         605.344   -2231.624          -2.147       1.899             206               0
   86         130.974    1124.056           0.000       0.000              86               0
  223        1259.424    1356.263          -0.462       0.084             223               0
  253         178.187     867.891           0.000       0.000             253              -0
  176        1944.681      80.842          -3.243      -1.485             176               0
  110          42.572    -533.752           0.000       0.000             110               0
  156         -82.686   -1314.627           1.745       5.739             156              -0
  168         214.424     101.203           0.000       0.000             168              -0
   99         501.276    -397.841          -2.758       0.306              99               0
  188        -445.315     164.545           0.000       0.000             188               0
   95         254.538   -2208.942          -0.429       0.035              95               0
  254         -43.154      79.594           0.000       0.000             254              -0
   78       -1320.052    -155.678          -2.837      -1.653              78               0
  213         767.817     730.447           0.000       0.000             213               0
  134        1319.042    -749.632           1.085       5.438             134              -0
  172        1826.688    1274.498           0.000       0.000             172              -0
  196         -97.680     817.857          -2.346       0.743             196               0
  146           3.194    2671.325           0.000       0.000             146               0
  104         -24.179   -1687.771          -0.401      -0.007             104               0
   14         122.667    -655.220           0.000       0.000              14              -0
   94       -1358.937   -2482.559          -2.488      -1.798              94               0
   57         624.441    -421.617           0.000       0.000              57               0
  231        -110.480    -944.268           0.513       5.176             231              -0
  105         846.236    -864.449           0.000       0.000             105              -0
  233       -1284.398   -1109.478          -2.415      -0.208             233               0
    9         181.077     294.538           0.000       0.000               9               0
  120          81.096    1017.999          -0.376      -0.044             120               0
   72         825.731     246.880           0.000       0.000              72              -0
  181          -2.803    -133.250          -2.178      -1.926             181               0
  194         983.092    -919.384           0.000       0.000             194               0
  240        1339.275     254.294           0.003       4.943             240              -0
  208         991.125      23.966           0.000       0.000             208              -0
  129        -922.578    -701.676          -2.112       0.557             129               0
   40        -708.671    1219.771           0.000       0.000              40               0
   14        -815.708     323.720          -0.354      -0.077              14              -0
  225         -32.811    -244.418           0.000       0.000             225              -0
  115         698.004     118.100          -1.897      -2.043             115               0
   56           6.476    -477.462           0.000       0.000              56               0
   88        1232.661     -76.514          -0.463       4.730              88              -0
  201       -1251.031    1194.628           0.000       0.000             201              -0
  162       -1384.206      48.703          -2.139      -0.620             162               0
  133        -311.073    -990.316           0.000       0.000             133               0
  112         592.640    -309.888          -0.333      -0.107             112              -0
  233        -131.716    -308.000           0.000       0.000             233              -0
  209        -423.580    -214.082          -1.636      -2.151             209               0
   73        -171.175    -187.166           0.000       0.000              73               0
   43        1173.301     582.335          -0.898       4.531              43              -0
   43         893.841     832.042           0.000       0.000              43              -0
  218        -566.555    -882.495          -2.067      -0.178             218               0
  127         264.680    -325.811           0.000       0.000             127               0
   58       -1639.054    1421.763          -0.314      -0.136              58              -0
   68         650.734     547.662           0.000       0.000              68              -0
  161         195.645    -968.673          -1.388      -2.253             161               0
   22        -154.518   -1136.520           0.000       0.000              22               0
  228        -195.317     532.004          -1.314       4.341             228              -0
  103        1009.598   -1467.730           0.000       0.000             103              -0
  252        -899.545   -1523.159          -1.896      -0.984             252               0
   55          -1.425    1964.807           0.000       0.000              55               0
  177           0.018    -484.369          -0.295      -0.164             177              -0
  118         -58.980    1205.978           0.000       0.000             118              -0
  166         743.492      21.273          -1.148      -2.353             166               0
  228         539.250     366.741           0.000       0.000             228               0
  169         174.968    -946.479          -1.718       4.156             169              -0
  110        -109.191    1228.671           0.000       0.000             110              -0
  223         132.650     189.229           0.000       0.000             223               0
  206        -313.000      -0.072           0.000       0.000             206               0
    1         132.701    -189.303          -0.276      -0.192               1              -0
  244        -108.961   -1228.684           0.000       0.000             244              -0
  237         174.854     946.513          -0.911      -2.451             237               0
    9         539.336    -366.718           0.000       0.000               9               0
   17         743.454     -21.210          -2.120       3.972              17              -0
  254         -58.841   -1205.984           0.000       0.000             254              -0
   67          -0.101     484.378          -1.664      -1.332              67               0
   56          -1.141   -1964.699           0.000       0.000              56               0
  188        -899.767    1523.182          -0.258      -0.219             188              -0
   66        1009.377    1467.856           0.000       0.000              66              -0
   66        -195.271    -532.074          -0.672      -2.550              66               0
  178        -154.706    1136.485           0.000       0.000             178               0
   45         195.489     968.558          -2.526       3.786              45              -0
   56         650.745    -547.724           0.000       0.000              56              -0
   25       -1638.831   -1422.053          -1.832      -0.951              25               0
  174         264.699     325.913           0.000       0.000             174               0
  146        -566.616     882.334          -0.239      -0.247             146              -0
  234         894.073    -831.973           0.000       0.000             234              -0
   79        1173.354    -582.112          -0.427      -2.652              79               0
  144        -171.299     187.181           0.000       0.000             144               0
  173        -423.644     214.029          -2.946       3.594             173              -0
   62        -131.751     307.979           0.000       0.000              62              -0
   15         592.552     309.982          -1.423      -1.692              15               0
   46        -311.335     990.188           0.000       0.000              46               0
   97       -1384.209     -49.079          -0.219      -0.277              97              -0
  119       -1250.670   -1194.879           0.000       0.000             119              -0
  233        1232.778      76.760          -0.169      -2.758             233               0
   58           6.431     477.443           0.000       0.000              58               0
   63         698.029    -118.026          -3.388       3.392              63              -0
  131         -32.905     244.358           0.000       0.000             131              -0
  210        -815.658    -323.931          -1.868      -1.089             210               0
  251        -708.390   -1219.854           0.000       0.000             251               0
    2        -922.507     701.581          -0.198      -0.308               2              -0
   58         991.337     -23.809           0.000       0.000              58              -0
   24        1339.398    -254.030           0.106      -2.872              24               0
  139         982.916     919.555           0.000       0.000             139               0
  225          -2.839     133.184          -3.863       3.175             225              -0
   21         825.754    -246.798           0.000       0.000              21              -0
   26          81.212   -1017.951          -1.153      -2.096              26               0
  188         181.062    -294.359           0.000       0.000             188               0
  219       -1284.552    1109.381          -0.175      -0.342             219              -0
  249         846.159     864.629           0.000       0.000             249              -0
  132        -110.629     944.248           0.407      -2.997             132               0
  166         624.337     421.748           0.000       0.000             166               0
  159       -1359.336    2482.257          -4.387       2.936             159              -0
   98         122.665     655.039           0.000       0.000              98              -0
   73         -24.377    1687.438          -1.559      -1.852              73               0
  111           3.743   -2671.584           0.000       0.000             111               0
   32         -97.377    -817.908          -0.150      -0.379              32              -0
   74        1827.012   -1274.140           0.000       0.000              74              -0
   27        1318.868     749.892           0.745      -3.137              27               0
   70         767.795    -730.308           0.000       0.000              70               0
  130       -1320.139     155.524          -4.978       2.665             130              -0
   77         -43.081     -79.497           0.000       0.000              77              -0
  248         254.197    2208.976          -0.821      -2.592             248               0
   24        -445.231    -164.725           0.000       0.000              24               0
   58         501.283     397.874          -0.120      -0.423              58              -0
   92         214.478    -101.182           0.000       0.000              92              -0
  249         -82.842    1314.561           1.135      -3.298             249               0
  128          42.619     533.602           0.000       0.000             128               0
    5        1944.743     -80.688          -5.665       2.351               5              -0
  193         178.307    -867.983           0.000       0.000             193              -0
   69        1259.607   -1356.045          -1.853      -2.095              69               0
  127         131.077   -1123.833           0.000       0.000             127               0
  129         604.878    2231.874          -0.086      -0.474             129              -0
   81         112.188    1021.012           0.000       0.000              81              -0
  155       -1582.009    2122.535           1.599      -3.491             155               0
   77        -433.096    -261.322           0.000       0.000              77               0
  161        -611.474    -829.426          -6.491       1.974             161              -0
  159        -196.992    1063.033           0.000       0.000             159              -0
  123        -877.878     383.651          -0.363      -3.278             123               0
  216         361.073     907.686           0.000       0.000             216               0
  138        1911.322    1720.237          -0.043      -0.536             138              -0
   99       -1024.422   -1349.491           0.000       0.000              99              -0
  169        1175.480    -362.108           2.173      -3.729             169               0
  161        -671.309     842.695           0.000       0.000             161               0
   62         -30.301    -349.167          -7.523       1.502              62              -0
   25         233.695     215.154           0.000       0.000              25              -0
  226       -1257.603   -1074.036          -1.083      -3.420             226               0
   74        1257.436    -290.630           0.000       0.000              74               0
   39         553.900     436.908           0.011      -0.617              39              -0
  126         530.244    -481.659           0.000       0.000             126              -0
  115        1632.023    -794.594           2.918      -4.037             115               0
  234         116.548     516.911           0.000       0.000             234               0
  238       -1054.308    -975.555          -8.881       0.881             238              -0
   91         338.194     488.828           0.000       0.000              91              -0
  251         518.537    -703.482           0.378      -4.387             251               0
  233         -64.843      60.731           0.000       0.000             233               0
  242        1948.549    -490.584           0.084      -0.725             242              -0
   58         264.541   -2083.102           0.000       0.000              58              -0
   94         260.588     573.942           3.946      -4.463              94               0
  251         997.878     262.945           0.000       0.000             251               0
   47        1079.930    -596.136         -10.792       0.007              47              -0
    6         -27.132    -133.375           0.000       0.000               6              -0
  246         750.248    -902.576          -1.298      -4.926             246               0
   42          80.675    -929.770           0.000       0.000              42               0
   26         188.121    -781.570           0.192      -0.885              26              -0
   76         891.209    -187.753           0.000       0.000              76              -0
   61        -918.511      15.219           5.495      -5.104              61               0
  253         464.887    1464.202           0.000       0.000             253               0
  251         849.987     870.066         -13.749      -1.345             251               0
  183         338.609     -85.718           0.000       0.000             183              -0
   38        -799.096     688.180           1.958      -6.752              38               0
  235         123.618    -142.313           0.000       0.000             235               0
  236        -352.685    1669.505           0.370      -1.149             236              -0
    9        -535.711    -212.973           0.000       0.000               9              -0
  164         375.886      68.937           8.160      -6.208             164               0
  182         216.531     864.131           0.000       0.000             182               0
  148         684.956   -1722.629         -19.078      -3.782             148               0
   18         616.792    1199.876           0.000       0.000              18              -0
  242        -237.115    1566.583           0.841      -9.762             242               0
  116       -1077.144    -773.897           0.000       0.000             116               0
   88        -340.255    -604.699           0.732      -1.685              88              -0
  124         370.516   -1575.351           0.000       0.000             124              -0
   24        -443.305   -1191.406          14.004      -8.629              24               0
   81         830.320    -615.949           0.000       0.000              81               0
  167        -236.612    1020.448         -31.960      -9.672             167               0
   38        -410.640    -664.536           0.000       0.000              38              -0
  113        -957.481     336.973           8.871     -17.098             113               0
  245         229.143     459.694           0.000       0.000             245               0
  211       -1032.076     175.477           1.907      -3.424             211              -0
  170          65.416    -212.752           0.000       0.000             170              -0
   18        -547.605    1331.801          38.296     -18.691              18               0
   36          32.623     621.821           0.000       0.000              36               0
  109        -742.314     175.314        -112.830     -46.647             109               0
  111        -233.262    -483.451           0.000       0.000             111              -0
   85         766.948    1324.205           0.000       0.000              85               0
