SINAL     NFT                         FFT                         NFT INVERSA     FFT INVERSA
-----     -----------------------     -----------------------     -----------     -----------
  220       32017.000       0.000           0.000       0.000             220               1
  217        -749.373     546.304         -15.616      22.518             217               0
  153       -1674.836    -796.743           0.000       0.000             153              -0
   15         660.063    -888.355         -66.546      24.736              15               0
  141         704.228     466.922           0.000       0.000             141               0
   92        -660.825     639.336          64.655      34.503              92              -0
   38         -63.801     -27.992           0.000       0.000              38              -0
   78       -1022.154    1139.634         -15.463      19.321              78               0
   26        -213.205    -576.265           0.000       0.000              26               0
  137        -602.513       3.820          -1.976       2.325             137               0
  130         977.847    -418.843           0.000       0.000             130              -0
  163        1783.983   -1723.201         -18.776       4.949             163               0
   74        1566.136    1106.572           0.000       0.000              74               0
   91          65.317     -10.219          23.532      15.701              91              -0
   91        1946.468     391.975           0.000       0.000              91              -0
   74        -406.917   -1175.969          -5.106       9.841              74               0
   22        1797.790     627.113           0.000       0.000              22               0
   75        -942.706    -361.421          -1.168       1.128              75               0
  151         -43.893    -324.309           0.000       0.000             151              -0
  238         562.398    1557.644         -11.166       1.797             238               0
  128         596.529    1187.458           0.000       0.000             128               0
  194        1102.729    1844.565          13.638      11.177             194              -0
  184        -884.879     -67.857           0.000       0.000             184              -0
  181         518.864    -786.214          -5.833       4.908             181               0
   78        1089.579     575.935           0.000       0.000              78               0
  232        -341.954    -246.288          -0.873       0.691             232               0
   44         415.589     387.738           0.000       0.000              44              -0
  165         384.803    -209.262          -8.018       0.493             165               0
   85         748.660    -514.748           0.000       0.000              85               0
   73        -826.818   -1005.780           9.126       9.114              73              -0
  236         290.493    -116.128           0.000       0.000             236              -0
   13         413.928   -1259.107          -2.722       4.670              13               0
   20        -241.432    -988.753           0.000       0.000              20               0
   55        -360.628    -363.929          -0.718       0.462              55               0
  252         363.174     853.368           0.000       0.000             252              -0
  156         442.308    1223.788          -6.271      -0.231             156               0
  206        -150.534    -513.928           0.000       0.000             206               0
  158          -1.839    -777.755           6.505       7.916             158              -0
    9         711.940     441.935           0.000       0.000               9              -0
  203         647.583     436.674          -4.039       2.223             203               0
    4       -1032.159    -788.639           0.000       0.000               4               0
  224         154.191     711.972          -0.621       0.318             224               0
   56         719.919    -687.078           0.000       0.000              56              -0
   11         277.113    1693.317          -5.142      -0.698              11               0
  179        1719.096    -125.859           0.000       0.000             179               0
   49        -273.136      -1.065           4.764       7.120              49              -0
  207       -1022.961    -561.518           0.000       0.000             207              -0
   23         539.223     373.176          -2.847       2.396              23               0
  242         -52.651     -69.085           0.000       0.000             242               0
  107       -1248.651    1430.554          -0.553       0.218             107               0
  223        -300.113     108.597           0.000       0.000             223              -0
   85        1407.055    -514.303          -4.340      -1.031              85               0
  234          -4.230     144.564           0.000       0.000             234               0
   26        -452.531      64.054           3.503       6.543              26              -0
  255         512.485   -1418.938           0.000       0.000             255              -0
   11        -394.081   -1267.044          -3.239       1.026              11               0
   19        -509.545    -211.130           0.000       0.000              19               0
  248        2309.224    -232.448          -0.502       0.143             248               0
  168         690.391    -354.995           0.000       0.000             168              -0
  100         326.180     -57.575          -3.730      -1.283             100               0
  139         477.307    -279.986           0.000       0.000             139               0
  109        -133.488     372.308           2.531       6.099             109              -0
  100         474.090    -109.779           0.000       0.000             100              -0
   31       -1398.713     745.652          -2.147       1.899              31               0
  164        -473.995    -557.055           0.000       0.000             164               0
  220       -2003.615   -1436.219          -0.462       0.084             220               0
  124         -82.500    1209.093           0.000       0.000             124              -0
  133         632.967   -2059.118          -3.243      -1.485             133               0
  158        1814.002     303.277           0.000       0.000             158               0
   41        1784.546     318.857           1.745       5.739              41              -0
    2        -465.737     372.464           0.000       0.000               2              -0
  233        -879.880    1084.666          -2.758       0.306             233               0
  208         921.076   -1193.512           0.000       0.000             208               0
   30        -924.465   -1264.081          -0.429       0.035              30               0
  217        -925.540    1796.128           0.000       0.000             217              -0
  206         180.804    -525.642          -2.837      -1.653             206               0
  234         755.549   -1040.291           0.000       0.000             234               0
   84        -738.186   -1171.311           1.085       5.438              84              -0
  147        -842.166     -44.589           0.000       0.000             147              -0
   19        1579.519    -644.235          -2.346       0.743              19               0
  121         525.583     506.184           0.000       0.000             121               0
  247        -159.895     828.940          -0.401      -0.007             247               0
  123        -814.238     289.750           0.000       0.000             123              -0
    4         247.529      82.409          -2.488      -1.798               4               0
   37        -410.506     173.820           0.000       0.000              37               0
  185         478.480     456.364           0.513       5.176             185              -0
  170        -309.775    -659.412           0.000       0.000             170              -0
   81        -536.758    -366.289          -2.415      -0.208              81               0
   52       -1636.718    -358.049           0.000       0.000              52               0
  149       -1025.317    1085.710          -0.376      -0.044             149               0
   13        -432.655   -1070.844           0.000       0.000              13              -0
  115        -344.384     143.131          -2.178      -1.926             115               0
  249        -375.731      65.119           0.000       0.000             249               0
  181         671.972    -280.737           0.003       4.943             181              -0
  164         345.625      82.262           0.000       0.000             164              -0
   95         304.013   -1336.810          -2.112       0.557              95               0
  157        -412.562    -494.743           0.000       0.000             157               0
  173       -1371.740    1175.004          -0.354      -0.077             173              -0
   41        -374.228      40.540           0.000       0.000              41              -0
  212         453.775     -32.197          -1.897      -2.043             212               0
  223        -891.427    -134.761           0.000       0.000             223               0
   57         390.130   -1360.665          -0.463       4.730              57              -0
   11        -525.228    1027.155           0.000       0.000              11              -0
  109        -773.818    1181.784          -2.139      -0.620             109               0
  251         348.744    -287.462           0.000       0.000             251               0
   51           8.721   -1007.838          -0.333      -0.107              51              -0
  132          74.912     -50.711           0.000       0.000             132              -0
  122        -926.067   -1495.762          -1.636      -2.151             122               0
  237         473.307    -669.937           0.000       0.000             237               0
   85          49.995    -300.558          -0.898       4.531              85              -0
   78        -408.256    1269.528           0.000       0.000              78              -0
  211        1400.837     926.818          -2.067      -0.178             211               0
  112        2253.246    -861.574           0.000       0.000             112               0
   66        1071.618     260.140          -0.314      -0.136              66              -0
    1          54.040   -1311.205           0.000       0.000               1              -0
   46        -880.491    -469.007          -1.388      -2.253              46               0
   63         113.592     165.896           0.000       0.000              63               0
  178        -114.204    1951.765          -1.314       4.341             178              -0
   65        1313.087     -97.368           0.000       0.000              65              -0
   52        -136.547    -786.592          -1.896      -0.984              52               0
  161        -591.571    -660.696           0.000       0.000             161               0
   51        1074.982     -60.112          -0.295      -0.164              51              -0
   23         743.025     737.628           0.000       0.000              23              -0
  186         686.695      58.104          -1.148      -2.353             186               0
  249         288.180   -1595.541           0.000       0.000             249               0
  119         -28.321   -1075.023          -1.718       4.156             119              -0
  147       -1038.403    -457.587           0.000       0.000             147              -0
  178         608.570     -75.955           0.000       0.000             178               0
  180        1943.000       0.208           0.000       0.000             180               0
  187         608.411      76.157          -0.276      -0.192             187              -0
  174       -1038.537     457.519           0.000       0.000             174              -0
  128         -28.445    1075.079          -0.911      -2.451             128               0
   75         287.974    1595.512           0.000       0.000              75               0
   54         686.743     -58.134          -2.120       3.972              54              -0
   54         743.147    -737.545           0.000       0.000              54              -0
  244        1074.886      60.325          -1.664      -1.332             244               0
   57        -591.755     660.597           0.000       0.000              57               0
  109        -136.636     786.480          -0.258      -0.219             109              -0
   40        1313.051      97.422           0.000       0.000              40              -0
   78        -113.957   -1951.818          -0.672      -2.550              78               0
  138         113.567    -165.761           0.000       0.000             138               0
  102        -880.547     468.949          -2.526       3.786             102              -0
  172          53.950    1311.187           0.000       0.000             172              -0
  151        1071.784    -260.025          -1.832      -0.951             151               0
  196        2253.078     861.860           0.000       0.000             196               0
  181        1400.790    -926.690          -0.239      -0.247             181              -0
  202        -408.229   -1269.537           0.000       0.000             202              -0
  187          49.845     300.696          -0.427      -2.652             187               0
  105         473.057     670.100           0.000       0.000             105               0
   81        -926.419    1495.581          -2.946       3.594              81              -0
   54          74.865      50.654           0.000       0.000              54              -0
    6           8.494    1007.754          -1.423      -1.692               6               0
   62         348.592     287.349           0.000       0.000              62               0
   17        -773.715   -1182.017          -0.219      -0.277              17              -0
   66        -525.070   -1027.170           0.000       0.000              66              -0
   97         389.854    1360.767          -0.169      -2.758              97               0
   41        -891.486     134.537           0.000       0.000              41               0
  195         453.737      32.211          -3.388       3.392             195              -0
  196        -374.320     -40.674           0.000       0.000             196              -0
  113       -1371.552   -1175.209          -1.868      -1.089             113               0
  151        -412.557     494.774           0.000       0.000             151               0
  154         303.852    1336.834          -0.198      -0.308             154              -0
  163         345.650     -82.285           0.000       0.000             163              -0
  152         671.859     280.794           0.106      -2.872             152               0
    4        -375.819     -65.236           0.000       0.000               4               0
  200        -344.430    -143.198          -3.863       3.175             200              -0
  206        -432.911    1070.694           0.000       0.000             206              -0
   95       -1025.193   -1085.946          -1.153      -2.096              95               0
  197       -1636.724     357.792           0.000       0.000             197               0
  151        -536.688     366.172          -0.175      -0.342             151              -0
  207        -309.755     659.268           0.000       0.000             207              -0
  186         478.633    -456.382           0.407      -2.997             186               0
  147        -410.426    -173.937           0.000       0.000             147               0
  128         247.585     -82.419          -4.387       2.936             128              -0
  142        -814.126    -289.943           0.000       0.000             142              -0
  137        -159.618    -828.968          -1.559      -1.852             137               0
  253         525.796    -506.008           0.000       0.000             253               0
   23        1579.388     644.571          -0.150      -0.379              23              -0
  178        -842.242      44.503           0.000       0.000             178              -0
   95        -738.306    1171.216           0.745      -3.137              95               0
  187         755.436    1040.335           0.000       0.000             187               0
  238         180.679     525.504          -4.978       2.665             238              -0
  196        -925.240   -1796.305           0.000       0.000             196              -0
  117        -924.548    1263.982          -0.821      -2.592             117               0
    9         920.968    1193.525           0.000       0.000               9               0
  192        -879.629   -1084.944          -0.120      -0.423             192              -0
  216        -465.459    -372.557           0.000       0.000             216              -0
   62        1784.772    -318.541           1.135      -3.298              62               0
  252        1814.020    -302.883           0.000       0.000             252               0
  213         632.477    2059.191          -5.665       2.351             213              -0
  243         -82.472   -1209.156           0.000       0.000             243              -0
  142       -2003.901    1435.882          -1.853      -2.095             142               0
  254        -474.015     556.835           0.000       0.000             254               0
  135       -1398.442    -745.978          -0.086      -0.474             135              -0
   83         474.251     109.824           0.000       0.000              83              -0
  170        -133.287    -372.347           1.599      -3.491             170               0
  133         477.401     280.067           0.000       0.000             133               0
  146         326.298      57.622          -6.491       1.974             146              -0
   14         690.471     355.103           0.000       0.000              14              -0
   31        2309.160     232.822          -0.363      -3.278              31               0
   82        -509.685     211.065           0.000       0.000              82               0
  207        -394.268    1266.966          -0.043      -0.536             207              -0
  193         512.270    1418.875           0.000       0.000             193              -0
  230        -452.494     -64.316           2.173      -3.729             230               0
  114          -4.108    -144.683           0.000       0.000             114               0
   88        1406.970     514.404          -7.523       1.502              88              -0
  115        -300.183    -108.835           0.000       0.000             115              -0
  196       -1248.376   -1430.850          -1.083      -3.420             196               0
  197         -52.540      69.060           0.000       0.000             197               0
   21         539.335    -373.107           0.011      -0.617              21              -0
  174       -1022.976     561.304           0.000       0.000             174              -0
  200        -272.925       0.923           2.918      -4.037             200               0
   87        1719.201     126.014           0.000       0.000              87               0
   56         277.422   -1693.302          -8.881       0.881              56              -0
  237         719.819     687.211           0.000       0.000             237              -0
  161         154.281    -711.957           0.378      -4.387             161               0
  141       -1032.219     788.444           0.000       0.000             141               0
   67         647.785    -436.631           0.084      -0.725              67              -0
  185         712.054    -441.799           0.000       0.000             185              -0
    2          -1.950     777.749           3.946      -4.463               2               0
   49        -150.553     513.781           0.000       0.000              49               0
   25         442.583   -1223.793         -10.792       0.007              25              -0
   33         363.338    -853.232           0.000       0.000              33              -0
   58        -360.651     363.984          -1.298      -4.926              58               0
   26        -241.496     988.766           0.000       0.000              26               0
   63         413.816    1259.120           0.192      -0.885              63              -0
  227         290.522     116.101           0.000       0.000             227              -0
   33        -826.870    1005.559           5.495      -5.104              33               0
   23         748.727     514.727           0.000       0.000              23               0
   95         384.862     209.164         -13.749      -1.345              95               0
  210         415.728    -387.794           0.000       0.000             210              -0
   86        -341.871     246.114           1.958      -6.752              86               0
   20        1089.795    -575.845           0.000       0.000              20               0
  214         518.761     786.184           0.370      -1.149             214              -0
  244        -884.769      67.471           0.000       0.000             244              -0
   59        1103.201   -1844.548           8.160      -6.208              59               0
   24         596.811   -1187.393           0.000       0.000              24               0
  216         562.715   -1557.471         -19.078      -3.782             216               0
  228         -43.890     324.409           0.000       0.000             228              -0
  101        -942.567     361.269           0.841      -9.762             101               0
  232        1798.079    -626.778           0.000       0.000             232               0
   52        -406.951    1175.896           0.732      -1.685              52              -0
  210        1946.690    -391.717           0.000       0.000             210              -0
  165          65.436      10.193          14.004      -8.629             165               0
   83        1566.472   -1106.245           0.000       0.000              83               0
    5        1783.719    1723.541         -31.960      -9.672               5               0
   18         977.700     418.903           0.000       0.000              18              -0
   47        -602.538      -4.007           8.871     -17.098              47               0
   49        -213.237     576.101           0.000       0.000              49               0
  136       -1021.800   -1139.899           1.907      -3.424             136              -0
   74         -63.554      27.949           0.000       0.000              74              -0
   51        -660.379    -639.471          38.296     -18.691              51               0
  192         704.720    -466.747           0.000       0.000             192               0
   42         660.326     888.497        -112.830     -46.647              42               0
  218       -1674.232     796.371           0.000       0.000             218              -0
  111        -747.550    -546.517           0.000       0.000             111               0
