SINAL     NFT                         FFT                         NFT INVERSA     FFT INVERSA
-----     -----------------------     -----------------------     -----------     -----------
  224       33220.000       0.000           0.000       0.000             224               0
   84        -334.648    -491.684           0.000      -0.000              84               0
  115         892.745    -465.598           0.000       0.000             115               0
  163         309.933     -25.257           0.000      -0.000             163               0
  244         454.427    -138.891           0.000       0.000             244               0
   82        1179.629     151.244           0.000      -0.000              82               0
  202         146.251    1219.588           0.000       0.000             202               0
    7        -111.843    -625.127           0.000      -0.000               7               0
  204        -566.543   -1498.015           0.000       0.000             204               0
  191          78.611     255.278           0.000      -0.000             191               0
    3        -458.941    -135.776           0.000       0.000               3               0
  125        -958.475    -556.625           0.000      -0.000             125               0
  252          88.365    1224.642           0.000       0.000             252               0
  172         510.758     562.028           0.000      -0.000             172               0
   47        -259.044    -238.205           0.000       0.000              47               0
  219         360.581     573.151           0.000      -0.000             219               0
  239         148.017    -716.680           0.000       0.000             239               0
  212        1985.057    -110.479           0.000      -0.000             212               0
  228          92.838    -270.096           0.000       0.000             228               0
   38        -371.638      60.866           0.000      -0.000              38               0
   18        1025.653    -457.564           0.000       0.000              18               0
  101         283.991   -1219.948           0.000      -0.000             101               0
  135        -330.606     197.426           0.000       0.000             135               0
    6        -583.797      -3.847           0.000      -0.000               6               0
   76        -558.789    -683.928           0.000       0.000              76               0
   86        -398.781     164.507           0.000      -0.000              86               0
  174          61.038     874.159           0.000       0.000             174               0
  104        1458.475    -207.350           0.000      -0.000             104               0
  103       -1204.170    -164.065           0.000       0.000             103               0
  153         598.672     604.377           0.000      -0.000             153               0
   61         452.625    1206.825           0.000       0.000              61               0
  175         846.907     246.741           0.000      -0.000             175               0
   51         415.589     -93.495           0.000       0.000              51               0
  209        -880.203     208.381           0.000      -0.000             209               0
  232         -71.919    -243.966           0.000       0.000             232               0
   48        -333.878     148.172           0.000      -0.000              48               0
  116        -413.468     525.754           0.000       0.000             116               0
  165        -959.085     315.955           0.000      -0.000             165               0
  229         824.468     -77.101           0.000       0.000             229               0
   99        -903.198     293.581           0.000      -0.000              99               0
  144         -35.846     574.356           0.000       0.000             144               0
  234        -998.344    -343.272           0.000      -0.000             234               0
  145         168.051    1179.420           0.000       0.000             145               0
  119       -1457.245    -588.365           0.000      -0.000             119               0
   63        -142.388     -78.103           0.000       0.000              63               0
  131        2163.900     791.083           0.000      -0.000             131               0
   44        -749.747    -735.585           0.000       0.000              44               0
  207          13.485     385.818           0.000      -0.000             207               0
  237        -404.917     563.396           0.000       0.000             237               0
   52         645.750   -1359.543           0.000      -0.000              52               0
  142        -189.506    -734.027           0.000       0.000             142               0
  103          80.675   -1032.690           0.000      -0.000             103               0
  250        -739.898     945.404           0.000       0.000             250               0
   43       -1243.841     321.250           0.000      -0.000              43               0
   39         760.489     568.287           0.000       0.000              39               0
   44        1237.648     128.456           0.000      -0.000              44               0
  167        -873.834    -377.089           0.000       0.000             167               0
  222        -346.430    1495.428           0.000      -0.000             222               0
  162          63.699    1414.551           0.000       0.000             162               0
   47        1107.393     402.236           0.000      -0.000              47               0
  170         571.353     436.139           0.000       0.000             170               0
   95         -90.308    -874.604           0.000      -0.000              95               0
  244         664.467    -185.195           0.000       0.000             244               0
   17        2891.866   -1490.715           0.000      -0.000              17               0
   64        -897.061     600.960           0.000       0.000              64               0
  207         676.188    -701.618           0.000      -0.000             207               0
  124        -102.311    -311.960           0.000       0.000             124               0
   82         -98.172    1318.000           0.000      -0.000              82               0
  210         315.316      99.874           0.000       0.000             210               0
   98         710.739   -1579.672           0.000      -0.000              98               0
   24          43.194     -84.672           0.000       0.000              24               0
   83         528.299   -1403.021           0.000      -0.000              83               0
   32          37.893    -750.568           0.000       0.000              32               0
   78        -362.584    -206.676           0.000      -0.000              78               0
  236         612.995    1492.624           0.000       0.000             236               0
  250        -562.832      65.192           0.000      -0.000             250               0
  173         860.615   -1680.169           0.000       0.000             173               0
   94        -694.610     758.287           0.000      -0.000              94               0
  254         284.262     -37.179           0.000       0.000             254               0
  193         737.886    1829.674           0.000      -0.000             193               0
  172         197.532    1320.234           0.000       0.000             172               0
   57        -699.434    1243.750           0.000      -0.000              57               0
  130         745.644    1293.941           0.000       0.000             130               0
   37         338.436    -700.650           0.000      -0.000              37               0
  227         963.246     -12.817           0.000       0.000             227               0
   25         168.568     504.502           0.000      -0.000              25               0
  248        1387.579    1334.020           0.000       0.000             248               0
  123        -729.735   -1043.875           0.000      -0.000             123               0
    3        -577.678    -342.765           0.000       0.000               3               0
  210         400.878    -331.312           0.000      -0.000             210               0
  144        -304.414   -1157.970           0.000       0.000             144               0
  113        1549.329    -586.134           0.000      -0.000             113               0
   21         427.372    -895.240           0.000       0.000              21               0
   51         214.696     128.807           0.000      -0.000              51               0
  107         242.780     -58.578           0.000       0.000             107               0
  120        1228.625    -183.544           0.000      -0.000             120               0
  100        -561.719     810.494           0.000       0.000             100               0
  133        -161.764    1909.625           0.000      -0.000             133               0
  226        -270.820     152.228           0.000       0.000             226               0
   59        -439.371   -1640.545           0.000      -0.000              59               0
   73         492.665    -726.155           0.000       0.000              73               0
  157         944.943     344.492           0.000      -0.000             157               0
  251        -462.652     804.631           0.000       0.000             251               0
  216        -410.567    1053.211           0.000      -0.000             216               0
   95       -2065.405    -378.366           0.000       0.000              95               0
  141        -719.936    -114.232           0.000      -0.000             141               0
  155       -1707.298    1558.690           0.000       0.000             155               0
  228         298.981   -1112.076           0.000      -0.000             228               0
   51        -257.399    -866.903           0.000       0.000              51               0
  176          31.284   -1260.096           0.000      -0.000             176               0
  101        -684.479     -88.138           0.000       0.000             101               0
   35        -622.239   -1006.407           0.000      -0.000              35               0
  114         855.091    2984.207           0.000       0.000             114               0
  151        -619.829    -422.402           0.000      -0.000             151               0
  189         187.544     583.153           0.000       0.000             189               0
  250        1317.405    1002.272           0.000      -0.000             250               0
  188        -557.519    -167.284           0.000       0.000             188               0
   19        -478.063     352.346           0.000      -0.000              19               0
  171        -386.740    -234.980           0.000       0.000             171               0
  136        1496.169   -1014.490           0.000      -0.000             136               0
   82         416.310    -944.678           0.000       0.000              82               0
  210        1006.454     919.553           0.000      -0.000             210               0
  198        -372.706     807.776           0.000       0.000             198               0
  132         645.081    -519.158           0.000      -0.000             132               0
   29        1603.881     972.200           0.000       0.000              29               0
  181         506.394     723.336           0.000      -0.000             181               0
   70       -1823.870    -401.851           0.000       0.000              70               0
  245        1073.114     459.554           0.000      -0.000             245               0
   20        1066.000       0.024           0.000       0.000              20               0
  102        1073.064    -459.466           0.000       0.000             102               0
  106       -1823.954     401.436           0.000       0.000             106               0
  168         506.661    -723.378           0.000       0.000             168               0
  160        1604.068    -971.952           0.000       0.000             160               0
   36         644.909     519.229           0.000       0.000              36               0
  231        -372.589    -807.903           0.000       0.000             231               0
  234        1006.610    -919.322           0.000       0.000             234               0
   64         416.118     944.811           0.000       0.000              64               0
  161        1495.881    1014.667           0.000       0.000             161               0
   66        -386.945     234.773           0.000       0.000              66               0
  168        -478.078    -352.541           0.000       0.000             168               0
   52        -557.522     167.066           0.000       0.000              52               0
  177        1317.552   -1002.155           0.000       0.000             177               0
  237         187.512    -583.144           0.000       0.000             237               0
  114        -619.962     422.194           0.000       0.000             114               0
   86         855.506   -2984.019           0.000       0.000              86               0
   36        -622.536    1006.472           0.000       0.000              36               0
  239        -684.537      88.096           0.000       0.000             239               0
   66          31.039    1260.126           0.000       0.000              66               0
  198        -257.600     866.783           0.000       0.000             198               0
  178         298.673    1111.932           0.000       0.000             178               0
   19       -1707.131   -1559.115           0.000       0.000              19               0
  247        -719.971     114.088           0.000       0.000             247               0
  248       -2065.388     377.911           0.000       0.000             248               0
  201        -410.214   -1053.376           0.000       0.000             201               0
   30        -462.333    -804.696           0.000       0.000              30               0
  137         945.134    -344.258           0.000       0.000             137               0
   59         492.559     726.297           0.000       0.000              59               0
  108        -439.627    1640.363           0.000       0.000             108               0
  142        -270.725    -152.506           0.000       0.000             142               0
  185        -161.360   -1909.747           0.000       0.000             185               0
   48        -561.430    -810.518           0.000       0.000              48               0
  134        1228.719     183.816           0.000       0.000             134               0
  191         242.815      58.646           0.000       0.000             191               0
  181         214.789    -128.714           0.000       0.000             181               0
  129         427.313     895.349           0.000       0.000             129               0
  118        1549.223     586.379           0.000       0.000             118               0
  189        -304.657    1157.842           0.000       0.000             189               0
  162         400.804     331.253           0.000       0.000             162               0
  112        -577.737     342.556           0.000       0.000             112               0
  253        -729.779    1043.545           0.000       0.000             253               0
  109        1387.907   -1333.980           0.000       0.000             109               0
  247         168.687    -504.538           0.000       0.000             247               0
   34         963.265      12.915           0.000       0.000              34               0
   50         338.303     700.533           0.000       0.000              50               0
   56         745.808   -1294.016           0.000       0.000              56               0
  232        -699.245   -1243.964           0.000       0.000             232               0
  137         197.812   -1320.238           0.000       0.000             137               0
    1         738.202   -1829.460           0.000       0.000               1               0
  141         284.207      37.356           0.000       0.000             141               0
   26        -694.464    -758.262           0.000       0.000              26               0
  100         860.354    1680.371           0.000       0.000             100               0
   68        -562.811     -65.378           0.000       0.000              68               0
  194         613.271   -1492.481           0.000       0.000             194               0
  137        -362.602     206.763           0.000       0.000             137               0
   44          37.838     750.675           0.000       0.000              44               0
   42         528.113    1403.100           0.000       0.000              42               0
  154          43.225      84.643           0.000       0.000             154               0
  121         710.508    1579.694           0.000       0.000             121               0
   52         315.323    -100.011           0.000       0.000              52               0
   54         -97.942   -1318.067           0.000       0.000              54               0
  195        -102.299     311.980           0.000       0.000             195               0
   35         676.117     701.684           0.000       0.000              35               0
  197        -896.816    -601.121           0.000       0.000             197               0
   35        2891.697    1491.164           0.000       0.000              35               0
  233         664.318     185.184           0.000       0.000             233               0
  186         -90.504     874.422           0.000       0.000             186               0
  219         571.422    -436.246           0.000       0.000             219               0
  100        1107.380    -402.228           0.000       0.000             100               0
  217          63.806   -1414.658           0.000       0.000             217               0
   89        -346.266   -1495.450           0.000       0.000              89               0
  242        -873.865     376.991           0.000       0.000             242               0
   10        1237.690    -128.284           0.000       0.000              10               0
   99         760.440    -568.176           0.000       0.000              99               0
  115       -1243.895    -321.448           0.000       0.000             115               0
   98        -739.708    -945.434           0.000       0.000              98               0
  234          80.548    1032.804           0.000       0.000             234               0
   87        -189.586     733.998           0.000       0.000              87               0
  168         645.526    1359.538           0.000       0.000             168               0
  128        -404.840    -563.606           0.000       0.000             128               0
   38          13.563    -385.854           0.000       0.000              38               0
  236        -749.775     735.381           0.000       0.000             236               0
  199        2164.032    -790.804           0.000       0.000             199               0
   22        -142.571      78.055           0.000       0.000              22               0
  150       -1457.383     588.014           0.000       0.000             150               0
   79         168.260   -1179.469           0.000       0.000              79               0
   71        -998.385     343.068           0.000       0.000              71               0
  189         -35.703    -574.424           0.000       0.000             189               0
   93        -903.069    -293.751           0.000       0.000              93               0
   64         824.500      77.201           0.000       0.000              64               0
    1        -959.022    -316.171           0.000       0.000               1               0
  207        -413.294    -525.843           0.000       0.000             207               0
   76        -333.753    -148.220           0.000       0.000              76               0
   15         -71.870     243.929           0.000       0.000              15               0
  194        -880.021    -208.573           0.000       0.000             194               0
   88         415.765      93.508           0.000       0.000              88               0
    6         847.062    -246.692           0.000       0.000               6               0
  168         452.884   -1206.780           0.000       0.000             168               0
   30         598.776    -604.214           0.000       0.000              30               0
  252       -1204.105     163.914           0.000       0.000             252               0
  122        1458.540     207.577           0.000       0.000             122               0
   29          61.165    -874.134           0.000       0.000              29               0
  212        -398.737    -164.482           0.000       0.000             212               0
   45        -558.834     683.879           0.000       0.000              45               0
  182        -583.669       3.751           0.000       0.000             182               0
   13        -330.387    -197.421           0.000       0.000              13               0
  144         283.990    1220.017           0.000       0.000             144               0
  113        1025.699     457.663           0.000       0.000             113               0
  185        -371.513     -60.982           0.000       0.000             185               0
   79          93.010     270.073           0.000       0.000              79               0
  155        1985.155     110.772           0.000       0.000             155               0
  207         147.918     716.616           0.000       0.000             207               0
   64         360.728    -573.181           0.000       0.000              64               0
  169        -258.997     238.090           0.000       0.000             169               0
  163         510.948    -562.029           0.000       0.000             163               0
   11          88.620   -1224.594           0.000       0.000              11               0
  242        -958.452     556.529           0.000       0.000             242               0
  172        -458.745     135.697           0.000       0.000             172               0
  153          78.883    -255.218           0.000       0.000             153               0
  166        -566.524    1497.909           0.000       0.000             166               0
   80        -111.594     624.944           0.000       0.000              80               0
  115         146.872   -1219.659           0.000       0.000             115               0
   20        1180.069    -151.035           0.000       0.000              20               0
  204         454.837     138.963           0.000       0.000             204               0
  182         310.522      25.302           0.000       0.000             182               0
  116         893.507     465.725           0.000       0.000             116               0
  156        -333.013     491.549           0.000       0.000             156               0
