SINAL     NFT                         FFT                         NFT INVERSA     FFT INVERSA
-----     -----------------------     -----------------------     -----------     -----------
  142       32773.000       0.000           0.000       0.000             142               0
  243       -1056.974    -529.309           0.000      -0.000             243               0
   55         361.764    -586.905           0.000       0.000              55               0
  210        -404.112    -486.842           0.000      -0.000             210               0
  218        -335.002    -306.147           0.000       0.000             218               0
  173         823.379   -1100.469           0.000      -0.000             173               0
  107         958.694     -54.385           0.000       0.000             107               0
   58        -191.800    -108.112           0.000      -0.000              58               0
   14        -144.883     327.225           0.000       0.000              14               0
  163         623.967     610.065           0.000      -0.000             163               0
   38         865.553     284.470           0.000       0.000              38               0
   79         414.099   -1352.631           0.000      -0.000              79               0
  224         117.937    -205.005           0.000       0.000             224               0
  118        1077.678     479.158           0.000      -0.000             118               0
  240        -438.142     327.916           0.000       0.000             240               0
  111        -279.817   -1171.011           0.000      -0.000             111               0
  121        1352.942    1854.185           0.000       0.000             121               0
  210        1196.519     500.095           0.000      -0.000             210               0
   47        -155.261    -178.726           0.000       0.000              47               0
   39         774.254    -429.743           0.000      -0.000              39               0
  146          12.388   -1236.204           0.000       0.000             146               0
  245        -944.758   -1569.766           0.000      -0.000             245               0
   55        -256.732     -15.765           0.000       0.000              55               0
  159        1172.180     194.148           0.000      -0.000             159               0
   13         724.640   -1102.099           0.000       0.000              13               0
  163         641.483    -766.452           0.000      -0.000             163               0
  199       -1954.204    -989.444           0.000       0.000             199               0
  214         642.191     346.978           0.000      -0.000             214               0
   94         759.265    -129.511           0.000       0.000              94               0
  150         156.135    -965.019           0.000      -0.000             150               0
  166        -401.839     997.645           0.000       0.000             166               0
  178         -22.842      76.955           0.000      -0.000             178               0
  199         777.138    1090.282           0.000       0.000             199               0
    9        -379.645     870.357           0.000      -0.000               9               0
  160        -775.506     659.210           0.000       0.000             160               0
  127        -672.888     763.900           0.000      -0.000             127               0
   23        -199.070     916.005           0.000       0.000              23               0
   71         561.893    -442.520           0.000      -0.000              71               0
   44        -531.056     574.758           0.000       0.000              44               0
   87        -618.722     271.980           0.000      -0.000              87               0
  161         323.083    -274.280           0.000       0.000             161               0
   82        -276.581   -1414.655           0.000      -0.000              82               0
  157        -131.933    1198.174           0.000       0.000             157               0
  238        -739.278    -575.320           0.000      -0.000             238               0
  134         830.537    -184.426           0.000       0.000             134               0
  242        -993.561     554.602           0.000      -0.000             242               0
   25        1406.753     859.325           0.000       0.000              25               0
  235        -808.816     862.678           0.000      -0.000             235               0
  134         470.296     293.658           0.000       0.000             134               0
   54           8.773     488.915           0.000      -0.000              54               0
   48         396.490    -190.499           0.000       0.000              48               0
  157        -148.265   -1272.913           0.000      -0.000             157               0
  220        1198.968    -179.162           0.000       0.000             220               0
   78        -169.976     230.270           0.000      -0.000              78               0
  205        -298.801     676.696           0.000       0.000             205               0
  246        -132.448     804.508           0.000      -0.000             246               0
  219       -1271.220     -27.977           0.000       0.000             219               0
  176         675.499     108.231           0.000      -0.000             176               0
   52         962.130    1205.137           0.000       0.000              52               0
  116         841.273    1428.811           0.000      -0.000             116               0
   78         720.436    -390.581           0.000       0.000              78               0
   14       -1150.422    -619.406           0.000      -0.000              14               0
  122        -374.066   -1423.071           0.000       0.000             122               0
  210         558.654      -4.063           0.000      -0.000             210               0
   89        -898.005     -23.058           0.000       0.000              89               0
  239         858.440     165.401           0.000      -0.000             239               0
  131          33.977   -2159.162           0.000       0.000             131               0
    2        -633.133    -835.261           0.000      -0.000               2               0
   89         752.563     591.994           0.000       0.000              89               0
    2         -22.824     315.544           0.000      -0.000               2               0
   30       -1083.847     890.700           0.000       0.000              30               0
  244        -253.893   -1993.116           0.000      -0.000             244               0
    3        -734.382     857.577           0.000       0.000               3               0
  169         116.075    -231.684           0.000      -0.000             169               0
  180         604.937      96.452           0.000       0.000             180               0
  134        -333.576     423.655           0.000      -0.000             134               0
  157        -103.123   -1778.226           0.000       0.000             157               0
  237        1010.961     -88.432           0.000      -0.000             237               0
  187       -1441.398    -421.748           0.000       0.000             187               0
  169        1191.306    -775.837           0.000      -0.000             169               0
    9         249.768    -318.139           0.000       0.000               9               0
  182        -142.611    -727.370           0.000      -0.000             182               0
   51         772.463     568.251           0.000       0.000              51               0
  220        -119.733     261.552           0.000      -0.000             220               0
  127        -992.726   -1086.479           0.000       0.000             127               0
    0        1223.738     612.636           0.000      -0.000              -0               0
  151         603.576    1202.397           0.000       0.000             151               0
    4        -411.742     270.938           0.000      -0.000               4               0
  103         -35.037   -2327.623           0.000       0.000             103               0
  122        2221.839    2092.652           0.000      -0.000             122               0
  197         481.659     420.534           0.000       0.000             197               0
  230        -926.843   -1885.050           0.000      -0.000             230               0
   66        -287.309   -1831.022           0.000       0.000              66               0
  167        -869.701    -331.731           0.000      -0.000             167               0
  229        -219.592    -411.864           0.000       0.000             229               0
  118         272.122   -1253.525           0.000      -0.000             118               0
   68         164.814    -183.676           0.000       0.000              68               0
  114         353.537    1223.174           0.000      -0.000             114               0
  159        -145.519     -13.376           0.000       0.000             159               0
  118        -299.953   -1365.565           0.000      -0.000             118               0
   71       -2331.901     520.219           0.000       0.000              71               0
  165         173.515    1005.624           0.000      -0.000             165               0
  184        -413.242     -62.186           0.000       0.000             184               0
  196        -795.799     460.441           0.000      -0.000             196               0
   51         216.051     -86.204           0.000       0.000              51               0
  162        -182.954   -1082.701           0.000      -0.000             162               0
  179       -1430.711    -371.641           0.000       0.000             179               0
   83         -64.188     425.092           0.000      -0.000              83               0
  128         540.354   -1495.958           0.000       0.000             128               0
  210        1704.684     578.857           0.000      -0.000             210               0
   75        -658.013    -491.144           0.000       0.000              75               0
  165        1659.995   -1340.688           0.000      -0.000             165               0
  189         506.800    1586.421           0.000       0.000             189               0
  150         654.915     259.178           0.000      -0.000             150               0
  108         -88.783    -263.215           0.000       0.000             108               0
   51       -1205.186   -1749.179           0.000      -0.000              51               0
  134         103.441    -187.957           0.000       0.000             134               0
  218       -1712.285    -174.943           0.000      -0.000             218               0
   82          71.899    -223.880           0.000       0.000              82               0
   96          38.548    1569.277           0.000      -0.000              96               0
  230         561.936    -645.935           0.000       0.000             230               0
  132        -411.296     273.550           0.000      -0.000             132               0
  233         901.335     750.169           0.000       0.000             233               0
  186       -1014.421     730.405           0.000      -0.000             186               0
  190        -290.506    -521.011           0.000       0.000             190               0
   55       -1325.407     457.515           0.000      -0.000              55               0
  222         -54.935   -1388.064           0.000       0.000             222               0
  160         372.322    -855.538           0.000      -0.000             160               0
  106       -1685.000      -0.072           0.000       0.000             106               0
  138         372.234     855.694           0.000       0.000             138               0
   59         -55.216    1388.004           0.000       0.000              59               0
    0       -1325.326    -457.817           0.000       0.000              -0               0
  176        -290.530     520.893           0.000       0.000             176               0
  167       -1014.185    -730.653           0.000       0.000             167               0
  255         901.549    -750.006           0.000       0.000             255               0
   99        -411.215    -273.558           0.000       0.000              99               0
   20         561.858     646.012           0.000       0.000              20               0
  114          38.783   -1569.240           0.000       0.000             114               0
  115          71.790     224.021           0.000       0.000             115               0
  225       -1712.300     174.746           0.000       0.000             225               0
   84         103.486     188.084           0.000       0.000              84               0
  245       -1205.379    1748.988           0.000       0.000             245               0
   52         -88.643     263.094           0.000       0.000              52               0
  232         655.102    -259.155           0.000       0.000             232               0
   67         507.173   -1586.259           0.000       0.000              67               0
  250        1659.768    1341.074           0.000       0.000             250               0
  144        -658.095     491.005           0.000       0.000             144               0
   15        1704.778    -578.533           0.000       0.000              15               0
   32         539.962    1496.055           0.000       0.000              32               0
  107         -64.281    -425.143           0.000       0.000             107               0
  215       -1430.837     371.430           0.000       0.000             215               0
   34        -183.108    1082.621           0.000       0.000              34               0
  252         216.001      86.128           0.000       0.000             252               0
  225        -795.760    -460.637           0.000       0.000             225               0
    2        -413.242      62.067           0.000       0.000               2               0
  170         173.621   -1005.600           0.000       0.000             170               0
   84       -2331.788    -520.495           0.000       0.000              84               0
  190        -300.018    1365.557           0.000       0.000             190               0
   80        -145.387      13.279           0.000       0.000              80               0
  250         353.839   -1223.071           0.000       0.000             250               0
   81         164.837     183.858           0.000       0.000              81               0
  169         271.930    1253.645           0.000       0.000             169               0
  226        -219.670     411.840           0.000       0.000             226               0
  254        -869.708     331.652           0.000       0.000             254               0
   10        -287.520    1830.987           0.000       0.000              10               0
   23        -926.990    1884.707           0.000       0.000              23               0
  203         481.965    -420.702           0.000       0.000             203               0
  150        2222.249   -2092.268           0.000       0.000             150               0
   26         -35.484    2327.616           0.000       0.000              26               0
  207        -411.651    -271.193           0.000       0.000             207               0
  110         603.855   -1202.358           0.000       0.000             110               0
   98        1223.794    -612.357           0.000       0.000              98               0
  186        -992.945    1086.332           0.000       0.000             186               0
  194        -119.607    -261.621           0.000       0.000             194               0
  118         772.594    -568.076           0.000       0.000             118               0
  206        -142.721     727.403           0.000       0.000             206               0
  253         249.763     318.197           0.000       0.000             253               0
   24        1191.120     776.029           0.000       0.000              24               0
  247       -1441.477     421.466           0.000       0.000             247               0
   18        1010.992      88.603           0.000       0.000              18               0
   46        -103.455    1778.122           0.000       0.000              46               0
  212        -333.484    -423.857           0.000       0.000             212               0
   37         604.958     -96.410           0.000       0.000              37               0
   67         115.972     231.638           0.000       0.000              67               0
   97        -734.270    -857.682           0.000       0.000              97               0
   31        -254.223    1993.018           0.000       0.000              31               0
   13       -1083.635    -891.017           0.000       0.000              13               0
  234         -22.643    -315.569           0.000       0.000             234               0
    8         752.705    -591.807           0.000       0.000               8               0
  127        -633.242     835.254           0.000       0.000             127               0
  201          33.709    2159.088           0.000       0.000             201               0
    1         858.479    -165.420           0.000       0.000               1               0
  235        -897.986      22.826           0.000       0.000             235               0
  206         558.702       4.130           0.000       0.000             206               0
   83        -374.301    1422.924           0.000       0.000              83               0
  182       -1150.401     619.019           0.000       0.000             182               0
  107         720.543     390.444           0.000       0.000             107               0
    1         841.595   -1428.877           0.000       0.000               1               0
   97         962.334   -1205.025           0.000       0.000              97               0
  236         675.421    -108.132           0.000       0.000             236               0
   71       -1271.259      27.689           0.000       0.000              71               0
   84        -132.246    -804.596           0.000       0.000              84               0
  111        -298.612    -676.739           0.000       0.000             111               0
  160        -169.811    -230.255           0.000       0.000             160               0
   86        1199.000     179.412           0.000       0.000              86               0
   14        -148.468    1272.838           0.000       0.000              14               0
  122         396.488     190.412           0.000       0.000             122               0
  236           8.877    -489.040           0.000       0.000             236               0
  208         470.343    -293.683           0.000       0.000             208               0
   12        -808.620    -862.889           0.000       0.000              12               0
  194        1406.909    -859.095           0.000       0.000             194               0
  185        -993.478    -554.716           0.000       0.000             185               0
  198         830.516     184.613           0.000       0.000             198               0
  120        -739.390     575.157           0.000       0.000             120               0
  111        -131.690   -1198.174           0.000       0.000             111               0
  106        -276.764    1414.629           0.000       0.000             106               0
  177         323.062     274.219           0.000       0.000             177               0
   95        -618.657    -272.192           0.000       0.000              95               0
  135        -530.863    -574.899           0.000       0.000             135               0
   55         561.887     442.529           0.000       0.000              55               0
   81        -198.910    -916.145           0.000       0.000              81               0
  246        -672.717    -764.052           0.000       0.000             246               0
  196        -775.280    -659.358           0.000       0.000             196               0
   71        -379.319    -870.415           0.000       0.000              71               0
  193         777.453   -1090.073           0.000       0.000             193               0
   39         -22.759     -76.867           0.000       0.000              39               0
  180        -401.554    -997.574           0.000       0.000             180               0
   36         156.130     965.175           0.000       0.000              36               0
  113         759.350     129.681           0.000       0.000             113               0
   46         642.243    -346.767           0.000       0.000              46               0
  138       -1954.254     989.224           0.000       0.000             138               0
   21         641.595     766.596           0.000       0.000              21               0
  159         724.611    1102.183           0.000       0.000             159               0
  144        1172.265    -193.991           0.000       0.000             144               0
   46        -256.726      15.784           0.000       0.000              46               0
  105        -944.894    1569.628           0.000       0.000             105               0
   14          12.397    1236.091           0.000       0.000              14               0
  243         774.354     429.708           0.000       0.000             243               0
  160        -155.107     178.528           0.000       0.000             160               0
   64        1196.792    -500.059           0.000       0.000              64               0
  177        1353.311   -1853.950           0.000       0.000             177               0
   38        -279.969    1170.997           0.000       0.000              38               0
   27        -437.913    -328.054           0.000       0.000              27               0
   19        1077.931    -478.967           0.000       0.000              19               0
   46         118.042     205.077           0.000       0.000              46               0
  141         414.056    1352.644           0.000       0.000             141               0
  122         865.764    -284.453           0.000       0.000             122               0
  212         624.190    -610.009           0.000       0.000             212               0
   30        -144.672    -327.234           0.000       0.000              30               0
  115        -191.553     108.108           0.000       0.000             115               0
  106         958.976      54.589           0.000       0.000             106               0
   73         823.437    1100.601           0.000       0.000              73               0
   56        -334.733     306.029           0.000       0.000              56               0
  144        -403.656     486.715           0.000       0.000             144               0
  198         362.470     586.875           0.000       0.000             198               0
  149       -1055.360     528.993           0.000       0.000             149               0
