SINAL     NFT                         FFT                         NFT INVERSA     FFT INVERSA
-----     -----------------------     -----------------------     -----------     -----------
  123       32145.000       0.000           0.000       0.000             123               0
   73       -2331.055     688.336           0.000      -0.000              73               0
  157          84.019     730.346           0.000       0.000             157               0
  152        -109.491    -342.589           0.000      -0.000             152               0
  210        -218.900   -1442.309           0.000       0.000             210               0
   14        -630.746    -305.240           0.000      -0.000              14               0
   35        -657.047     -91.621           0.000       0.000              35               0
   73        -165.344   -1844.773           0.000      -0.000              73               0
  100        -588.334     256.351           0.000       0.000             100               0
  134         340.359    -510.872           0.000      -0.000             134               0
  234        -306.211      17.568           0.000       0.000             234               0
  148        1065.302     332.617           0.000      -0.000             148               0
  160         626.303     312.593           0.000       0.000             160               0
   58         346.675    -737.068           0.000      -0.000              58               0
   12          66.299     -68.265           0.000       0.000              12               0
   20         -96.653    -264.222           0.000      -0.000              20               0
  232         -44.726     488.686           0.000       0.000             232               0
  167        1988.226   -1221.487           0.000      -0.000             167               0
  243          75.630     288.363           0.000       0.000             243               0
  106        -101.744    -455.852           0.000      -0.000             106               0
  106         -82.476    -486.630           0.000       0.000             106               0
  173         110.024    1389.293           0.000      -0.000             173               0
  177        -915.977    1953.754           0.000       0.000             177               0
   62         930.152     362.988           0.000      -0.000              62               0
  211        -596.443    -443.263           0.000       0.000             211               0
   58        1738.745    -344.348           0.000      -0.000              58               0
   24        -239.543    -187.757           0.000       0.000              24               0
   24         448.375    -459.443           0.000      -0.000              24               0
  168         573.488    -534.942           0.000       0.000             168               0
   56        -213.941   -1250.380           0.000      -0.000              56               0
   44         -77.817      88.103           0.000       0.000              44               0
  232         871.956    -530.720           0.000      -0.000             232               0
  219         311.176     -54.655           0.000       0.000             219               0
   62        -397.043    -492.855           0.000      -0.000              62               0
   81        1793.948     -45.280           0.000       0.000              81               0
    6       -1520.253   -1962.605           0.000      -0.000               6               0
    3       -1246.343     434.403           0.000       0.000               3               0
   54       -1750.834    -448.947           0.000      -0.000              54               0
  157          -9.321    -923.715           0.000       0.000             157               0
  123        -394.615    1211.436           0.000      -0.000             123               0
    5        1205.220    1137.747           0.000       0.000               5               0
  161       -1109.234    1648.355           0.000      -0.000             161               0
   40        -919.220    -351.638           0.000       0.000              40               0
  198        -479.988    -696.722           0.000      -0.000             198               0
  125         181.113     961.371           0.000       0.000             125               0
  165        1457.275    1460.440           0.000      -0.000             165               0
  216        -891.658    -358.433           0.000       0.000             216               0
   48         181.193     143.539           0.000      -0.000              48               0
  178        1038.551     272.114           0.000       0.000             178               0
    0         -98.966    -875.891           0.000      -0.000              -0               0
   53        1097.304     335.792           0.000       0.000              53               0
   36       -1653.525     640.629           0.000      -0.000              36               0
  150        -883.219     174.004           0.000       0.000             150               0
   69         -14.557     621.481           0.000      -0.000              69               0
   57        -379.176     586.962           0.000       0.000              57               0
   32         499.042    -414.783           0.000      -0.000              32               0
  252         677.855    1215.537           0.000       0.000             252               0
   19        -803.767    1104.739           0.000      -0.000              19               0
  158        -653.950     265.254           0.000       0.000             158               0
   69       -1146.432    1228.469           0.000      -0.000              69               0
  110        -399.795    -428.079           0.000       0.000             110               0
  153         381.801    -516.716           0.000      -0.000             153               0
   40        -437.409    -249.005           0.000       0.000              40               0
  185         916.172    1016.879           0.000      -0.000             185               0
  176         660.964     529.996           0.000       0.000             176               0
   30         144.370    -451.692           0.000      -0.000              30               0
   69        -289.968     309.096           0.000       0.000              69               0
  221       -1281.889      67.939           0.000      -0.000             221               0
  146         -51.547     -81.757           0.000       0.000             146               0
  128        -434.878   -1339.021           0.000      -0.000             128               0
  117        -176.968     946.707           0.000       0.000             117               0
    7        -554.912      21.899           0.000      -0.000               7               0
   50        -352.112    1056.887           0.000       0.000              50               0
  241        1561.287     178.280           0.000      -0.000             241               0
   23         520.018    -340.321           0.000       0.000              23               0
  238         104.609    -182.510           0.000      -0.000             238               0
  210       -1174.988      71.371           0.000       0.000             210               0
   76       -1411.571   -1024.461           0.000      -0.000              76               0
  144        -451.372    -996.462           0.000       0.000             144               0
  105        -196.491    -365.944           0.000      -0.000             105               0
  174        -281.247     196.933           0.000       0.000             174               0
  206        1423.742    -699.872           0.000      -0.000             206               0
  149         450.572    -774.511           0.000       0.000             149               0
  161         272.286    -153.765           0.000      -0.000             161               0
  204        1571.629    -739.374           0.000       0.000             204               0
  121        -410.837   -1012.013           0.000      -0.000             121               0
   96         733.789   -1146.694           0.000       0.000              96               0
  109        -298.597     709.521           0.000      -0.000             109               0
   55         987.986     675.498           0.000       0.000              55               0
  231        -125.656    -213.040           0.000      -0.000             231               0
  234       -1812.147    -455.597           0.000       0.000             234               0
  240         181.442     232.104           0.000      -0.000             240               0
  254         967.645     780.201           0.000       0.000             254               0
   60       -1572.128   -1528.210           0.000      -0.000              60               0
   70         735.815    1773.344           0.000       0.000              70               0
  140          34.316     371.824           0.000      -0.000             140               0
   58         630.769     241.366           0.000       0.000              58               0
  163        -718.592    1108.823           0.000      -0.000             163               0
  203        -845.000    -756.078           0.000       0.000             203               0
    4        -502.314    -101.949           0.000      -0.000               4               0
   54         357.637    -635.308           0.000       0.000              54               0
  114        1136.678     385.111           0.000      -0.000             114               0
  188        -779.297    -560.239           0.000       0.000             188               0
   90       -1046.172    -570.379           0.000      -0.000              90               0
  158       -1801.914     230.165           0.000       0.000             158               0
   96         942.184    -292.784           0.000      -0.000              96               0
  133        2179.488     -11.571           0.000       0.000             133               0
   83          67.915    -118.717           0.000      -0.000              83               0
  199         647.494     282.756           0.000       0.000             199               0
  145         329.862     543.821           0.000      -0.000             145               0
  129        -407.447     771.394           0.000       0.000             129               0
  147       -1269.460     539.988           0.000      -0.000             147               0
  174         547.475     -58.444           0.000       0.000             174               0
  230        -399.471     424.009           0.000      -0.000             230               0
  133        -570.183   -1577.799           0.000       0.000             133               0
   59         696.066   -1108.072           0.000      -0.000              59               0
  147         799.287     885.906           0.000       0.000             147               0
  164       -2015.503     506.740           0.000      -0.000             164               0
   46        1776.315    -346.914           0.000       0.000              46               0
  217        -101.847   -1128.871           0.000      -0.000             217               0
  212        1075.754   -1558.305           0.000       0.000             212               0
  166        -643.875     424.179           0.000      -0.000             166               0
  238         199.326     341.754           0.000       0.000             238               0
  191        1485.161    1021.631           0.000      -0.000             191               0
  199         492.519     263.577           0.000       0.000             199               0
   99        -409.924    1269.372           0.000      -0.000              99               0
  164         467.420      24.818           0.000       0.000             164               0
   98        1061.042    1096.826           0.000      -0.000              98               0
  212         753.000      -0.031           0.000       0.000             212               0
    3        1061.180   -1096.756           0.000       0.000               3               0
   89         467.332     -24.814           0.000       0.000              89               0
   64        -409.736   -1269.481           0.000       0.000              64               0
   44         492.607    -263.485           0.000       0.000              44               0
  167        1485.280   -1021.342           0.000       0.000             167               0
  224         199.254    -341.618           0.000       0.000             224               0
  214        -643.829    -424.128           0.000       0.000             214               0
  130        1075.476    1558.593           0.000       0.000             130               0
  188        -102.077    1128.802           0.000       0.000             188               0
   22        1776.113     347.098           0.000       0.000              22               0
  143       -2015.516    -507.154           0.000       0.000             143               0
    9         799.468    -885.712           0.000       0.000               9               0
  245         695.782    1108.267           0.000       0.000             245               0
  239        -570.547    1577.600           0.000       0.000             239               0
  231        -399.419    -424.226           0.000       0.000             231               0
  156         547.400      58.431           0.000       0.000             156               0
   81       -1269.408    -540.300           0.000       0.000              81               0
   89        -407.235    -771.500           0.000       0.000              89               0
  244         330.036    -543.749           0.000       0.000             244               0
   26         647.571    -282.604           0.000       0.000              26               0
  248          67.944     118.763           0.000       0.000             248               0
  170        2179.436      11.958           0.000       0.000             170               0
   38         941.867     292.945           0.000       0.000              38               0
  210       -1802.066    -230.449           0.000       0.000             210               0
   72       -1046.273     570.224           0.000       0.000              72               0
  251        -779.299     560.058           0.000       0.000             251               0
  244        1136.783    -384.951           0.000       0.000             244               0
  110         357.439     635.346           0.000       0.000             110               0
   68        -502.421     101.808           0.000       0.000              68               0
  224        -845.145     755.815           0.000       0.000             224               0
  119        -718.331   -1109.051           0.000       0.000             119               0
  115         630.867    -241.292           0.000       0.000             115               0
   86          34.382    -371.873           0.000       0.000              86               0
   24         736.046   -1773.137           0.000       0.000              24               0
  200       -1572.382    1528.011           0.000       0.000             200               0
  199         967.821    -780.068           0.000       0.000             199               0
  173         181.387    -232.012           0.000       0.000             173               0
   35       -1812.207     455.331           0.000       0.000              35               0
  187        -125.535     212.995           0.000       0.000             187               0
  107         988.167    -675.325           0.000       0.000             107               0
  245        -298.440    -709.437           0.000       0.000             245               0
   29         733.636    1146.949           0.000       0.000              29               0
  130        -410.941    1011.966           0.000       0.000             130               0
   73        1571.541     739.603           0.000       0.000              73               0
   68         272.213     153.789           0.000       0.000              68               0
  218         450.427     774.569           0.000       0.000             218               0
   42        1423.515     700.035           0.000       0.000              42               0
   48        -281.382    -197.032           0.000       0.000              48               0
   48        -196.676     365.915           0.000       0.000              48               0
  133        -451.662     996.351           0.000       0.000             133               0
  141       -1411.790    1024.096           0.000       0.000             141               0
  115       -1174.883     -71.710           0.000       0.000             115               0
  204         104.712     182.422           0.000       0.000             204               0
  106         520.052     340.274           0.000       0.000             106               0
  251        1561.266    -178.179           0.000       0.000             251               0
   87        -352.064   -1057.028           0.000       0.000              87               0
  212        -554.959     -22.028           0.000       0.000             212               0
  115        -176.835    -946.712           0.000       0.000             115               0
  132        -435.119    1338.944           0.000       0.000             132               0
   68         -51.593      81.634           0.000       0.000              68               0
   76       -1281.855     -68.253           0.000       0.000              76               0
  144        -289.806    -309.212           0.000       0.000             144               0
  146         144.397     451.620           0.000       0.000             146               0
  179         661.109    -530.011           0.000       0.000             179               0
  109         916.295   -1016.752           0.000       0.000             109               0
  204        -437.510     248.944           0.000       0.000             204               0
   86         381.660     516.713           0.000       0.000              86               0
  144        -399.961     427.848           0.000       0.000             144               0
  244       -1146.249   -1228.795           0.000       0.000             244               0
  226        -653.855    -265.446           0.000       0.000             226               0
   11        -803.467   -1104.946           0.000       0.000              11               0
  131         678.159   -1215.386           0.000       0.000             131               0
   24         498.963     414.886           0.000       0.000              24               0
   68        -379.101    -587.063           0.000       0.000              68               0
  214         -14.475    -621.476           0.000       0.000             214               0
  171        -883.203    -174.142           0.000       0.000             171               0
  250       -1653.266    -640.883           0.000       0.000             250               0
   39        1097.523    -335.532           0.000       0.000              39               0
   84         -99.028     875.884           0.000       0.000              84               0
  135        1038.642    -271.992           0.000       0.000             135               0
  140         181.180    -143.533           0.000       0.000             140               0
  227        -891.657     358.196           0.000       0.000             227               0
  143        1457.556   -1460.256           0.000       0.000             143               0
   57         181.180    -961.252           0.000       0.000              57               0
    9        -480.181     696.697           0.000       0.000               9               0
  117        -919.290     351.392           0.000       0.000             117               0
  252       -1108.844   -1648.594           0.000       0.000             252               0
  163        1205.474   -1137.462           0.000       0.000             163               0
   56        -394.450   -1211.303           0.000       0.000              56               0
  232          -9.530     923.901           0.000       0.000             232               0
    6       -1750.913     448.728           0.000       0.000               6               0
  183       -1246.139    -434.478           0.000       0.000             183               0
   33       -1520.301    1962.421           0.000       0.000              33               0
   26        1794.155      45.551           0.000       0.000              26               0
  223        -397.026     492.788           0.000       0.000             223               0
  163         311.321      54.713           0.000       0.000             163               0
  130         871.953     530.872           0.000       0.000             130               0
    4         -77.749     -88.085           0.000       0.000               4               0
  187        -214.034    1250.351           0.000       0.000             187               0
  203         573.519     534.968           0.000       0.000             203               0
  180         448.371     459.436           0.000       0.000             180               0
  120        -239.453     187.634           0.000       0.000             120               0
  188        1738.739     344.550           0.000       0.000             188               0
  194        -596.506     443.019           0.000       0.000             194               0
   24         930.235    -363.024           0.000       0.000              24               0
  107        -915.620   -1953.984           0.000       0.000             107               0
  148         110.364   -1389.155           0.000       0.000             148               0
   25         -82.454     486.749           0.000       0.000              25               0
  191        -101.683     455.869           0.000       0.000             191               0
   53          75.873    -288.301           0.000       0.000              53               0
  175        1988.110    1221.819           0.000       0.000             175               0
   72         -44.651    -488.730           0.000       0.000              72               0
  243         -96.628     264.218           0.000       0.000             243               0
   75          66.399      68.285           0.000       0.000              75               0
   22         346.679     737.091           0.000       0.000              22               0
  154         626.470    -312.545           0.000       0.000             154               0
   32        1065.397    -332.430           0.000       0.000              32               0
   33        -306.175     -17.572           0.000       0.000              33               0
   93         340.337     510.954           0.000       0.000              93               0
   34        -588.202    -256.387           0.000       0.000              34               0
    4        -165.507    1844.747           0.000       0.000               4               0
  180        -656.866      91.425           0.000       0.000             180               0
   40        -630.496     305.112           0.000       0.000              40               0
   16        -218.745    1442.175           0.000       0.000              16               0
   44        -109.039     342.371           0.000       0.000              44               0
  207          84.849    -730.482           0.000       0.000             207               0
   91       -2329.287    -688.770           0.000       0.000              91               0
