SINAL     NFT                         FFT                         NFT INVERSA     FFT INVERSA
-----     -----------------------     -----------------------     -----------     -----------
   96       31787.000       0.000           0.000       0.000              96               1
  119         272.558    -993.981         -15.616      22.518             119               0
  134         167.027    -637.489           0.000       0.000             134              -0
  155        -523.201    -273.958         -66.546      24.736             155               0
  179         203.832     848.020           0.000       0.000             179               0
   14       -1108.828    -151.059          64.655      34.503              14              -0
   58         809.440     418.478           0.000       0.000              58              -0
  171       -1674.862     275.150         -15.463      19.321             171               0
   22        1674.357     474.959           0.000       0.000              22               0
   13        -343.837   -1031.999          -1.976       2.325              13               0
  245       -1547.663    -592.006           0.000       0.000             245              -0
   71         816.676    1587.420         -18.776       4.949              71               0
  224         450.501     459.116           0.000       0.000             224               0
   69          28.135     339.647          23.532      15.701              69              -0
  180         708.076     193.401           0.000       0.000             180              -0
  207        -145.995     289.769          -5.106       9.841             207               0
   78        -476.246     918.967           0.000       0.000              78               0
  125        -327.833    -573.090          -1.168       1.128             125               0
   38        2204.810    -602.135           0.000       0.000              38              -0
  228        -534.604    -695.721         -11.166       1.797             228               0
  221         134.004    -902.670           0.000       0.000             221               0
  251         312.639    1844.775          13.638      11.177             251              -0
   26        -383.846     252.916           0.000       0.000              26              -0
   73       -1317.147     252.940          -5.833       4.908              73               0
   61        1008.429     -19.245           0.000       0.000              61               0
  158        1225.149   -2041.851          -0.873       0.691             158               0
  143         698.437     315.200           0.000       0.000             143              -0
   47        -611.165     -38.439          -8.018       0.493              47               0
  236        -182.153    -279.578           0.000       0.000             236               0
   62         291.233    1369.370           9.126       9.114              62              -0
  168        -819.631    -982.614           0.000       0.000             168              -0
  173       -1233.930     996.784          -2.722       4.670             173               0
  226       -2301.272   -1517.845           0.000       0.000             226               0
  141        -587.284     -27.098          -0.718       0.462             141               0
  204        -126.759    -981.213           0.000       0.000             204              -0
   89       -1187.913    -147.917          -6.271      -0.231              89               0
  147         739.271    -720.147           0.000       0.000             147               0
  121         929.067    1503.198           6.505       7.916             121              -0
  145          16.978   -2291.532           0.000       0.000             145              -0
  143         110.178    1123.147          -4.039       2.223             143               0
  128         247.701     231.059           0.000       0.000             128               0
  173           8.459   -1358.928          -0.621       0.318             173               0
  174         -27.102    -638.642           0.000       0.000             174              -0
  244        -222.365   -1772.471          -5.142      -0.698             244               0
  253          -0.337     303.271           0.000       0.000             253               0
   87        -477.397     -96.366           4.764       7.120              87              -0
   98        -226.651     811.871           0.000       0.000              98              -0
   27         848.021     886.303          -2.847       2.396              27               0
  160         412.569     272.924           0.000       0.000             160               0
    1         215.623     -15.540          -0.553       0.218               1               0
  160        -627.141     721.301           0.000       0.000             160              -0
   26          66.109     440.969          -4.340      -1.031              26               0
  114          69.904   -1951.671           0.000       0.000             114               0
  113         304.825   -1404.998           3.503       6.543             113              -0
  112        1305.611     -13.114           0.000       0.000             112              -0
  127         809.910   -1415.029          -3.239       1.026             127               0
  246         214.218     903.802           0.000       0.000             246               0
   91        -299.611    -337.182          -0.502       0.143              91               0
   36        -641.268    1079.962           0.000       0.000              36              -0
  241         409.047    -155.072          -3.730      -1.283             241               0
  218         939.787    1193.838           0.000       0.000             218               0
  159        -573.821    1364.222           2.531       6.099             159              -0
  190        -211.118     678.833           0.000       0.000             190              -0
  241        -203.253     777.792          -2.147       1.899             241               0
   90         811.929    1521.019           0.000       0.000              90               0
  184         150.606     524.495          -0.462       0.084             184               0
   61        -510.135    -299.140           0.000       0.000              61              -0
   80       -1692.017     518.039          -3.243      -1.485              80               0
  110        1737.765    -121.567           0.000       0.000             110               0
  229        -225.090     671.025           1.745       5.739             229              -0
  136        -368.155    1495.974           0.000       0.000             136              -0
  224         164.182   -1226.646          -2.758       0.306             224               0
   67         -65.453     512.663           0.000       0.000              67               0
   51        1757.683     709.009          -0.429       0.035              51               0
   98         333.793    -422.970           0.000       0.000              98              -0
  163         622.034     636.344          -2.837      -1.653             163               0
  121        -172.726     374.545           0.000       0.000             121               0
   26        -133.012     694.829           1.085       5.438              26              -0
   11        -964.203    -631.652           0.000       0.000              11              -0
   15         141.703    -968.926          -2.346       0.743              15               0
   62        -315.321    -838.315           0.000       0.000              62               0
  111        1113.846    1431.564          -0.401      -0.007             111               0
   23         253.603     157.009           0.000       0.000              23              -0
  244          73.497    -699.588          -2.488      -1.798             244               0
  180        -734.614   -1459.583           0.000       0.000             180               0
  108          12.707     307.026           0.513       5.176             108              -0
  221         646.127     498.101           0.000       0.000             221              -0
   69        -357.147      55.558          -2.415      -0.208              69               0
  222       -1265.791    -433.607           0.000       0.000             222               0
   38        -545.606     258.603          -0.376      -0.044              38               0
  250         -94.188     336.752           0.000       0.000             250              -0
  207       -1368.423    -756.283          -2.178      -1.926             207               0
   70        -100.467   -1068.336           0.000       0.000              70               0
   59        -254.849   -1595.567           0.003       4.943              59              -0
  218         242.049     218.944           0.000       0.000             218              -0
  236        -811.879      18.162          -2.112       0.557             236               0
  164          87.305      68.271           0.000       0.000             164               0
   78        -126.172    1200.725          -0.354      -0.077              78              -0
  240        -885.835     907.748           0.000       0.000             240              -0
   17         685.419    1374.201          -1.897      -2.043              17               0
   29       -1643.651     376.955           0.000       0.000              29               0
   38         307.048     758.274          -0.463       4.730              38              -0
   42         156.820    -572.450           0.000       0.000              42              -0
  115        -507.188    -278.187          -2.139      -0.620             115               0
   84        -312.275    1259.464           0.000       0.000              84               0
  174         361.254    -646.933          -0.333      -0.107             174              -0
   89        -494.022     -86.504           0.000       0.000              89              -0
   21        1500.916     735.373          -1.636      -2.151              21               0
  153        -323.957    -365.237           0.000       0.000             153               0
  193        -320.829    -896.576          -0.898       4.531             193              -0
   62          88.495      84.048           0.000       0.000              62              -0
   13         641.301   -1225.182          -2.067      -0.178              13               0
   31         531.015    -484.214           0.000       0.000              31               0
  193        -275.416    -359.945          -0.314      -0.136             193              -0
  195       -1118.604   -1146.296           0.000       0.000             195              -0
  156        -858.667   -1356.256          -1.388      -2.253             156               0
  239        -503.101     760.419           0.000       0.000             239               0
  174         150.347    1101.386          -1.314       4.341             174              -0
    1         399.794     830.805           0.000       0.000               1              -0
  111         354.896    1064.836          -1.896      -0.984             111               0
  145        -261.321    -156.830           0.000       0.000             145               0
   97        -483.896     908.404          -0.295      -0.164              97              -0
  207         382.149     675.611           0.000       0.000             207              -0
  225         995.136   -1633.476          -1.148      -2.353             225               0
  117       -1269.979    -171.960           0.000       0.000             117               0
   96        -126.869    -500.399          -1.718       4.156              96              -0
  110        1208.822     323.614           0.000       0.000             110              -0
  209         387.499    1557.260           0.000       0.000             209               0
  149        -247.000      -0.111           0.000       0.000             149               0
  252         387.799   -1557.253          -0.276      -0.192             252              -0
  196        1208.820    -323.339           0.000       0.000             196              -0
  206        -127.080     500.418          -0.911      -2.451             206               0
  228       -1269.996     171.764           0.000       0.000             228               0
   36         994.903    1633.540          -2.120       3.972              36              -0
   16         382.187    -675.725           0.000       0.000              16              -0
   57        -483.799    -908.543          -1.664      -1.332              57               0
  209        -261.337     156.728           0.000       0.000             209               0
  166         355.080   -1064.837          -0.258      -0.219             166              -0
   68         399.884    -830.724           0.000       0.000              68              -0
  202         150.435   -1101.273          -0.672      -2.550             202               0
  102        -503.070    -760.298           0.000       0.000             102               0
   72        -858.937    1356.283          -2.526       3.786              72              -0
  102       -1118.744    1146.129           0.000       0.000             102              -0
   37        -275.355     359.884          -1.832      -0.951              37               0
  195         531.021     484.312           0.000       0.000             195               0
  124         641.099    1225.231          -0.239      -0.247             124              -0
   69          88.471     -84.109           0.000       0.000              69              -0
   32        -320.988     896.446          -0.427      -2.652              32               0
   44        -323.951     365.032           0.000       0.000              44               0
   39        1501.023    -735.220          -2.946       3.594              39              -0
  130        -494.113      86.384           0.000       0.000             130              -0
    5         361.097     646.875          -1.423      -1.692               5               0
   64        -312.134   -1259.596           0.000       0.000              64               0
   19        -507.251     278.095          -0.219      -0.277              19              -0
   74         156.715     572.365           0.000       0.000              74              -0
  206         307.083    -758.352          -0.169      -2.758             206               0
  206       -1643.601    -377.332           0.000       0.000             206               0
  213         685.666   -1374.143          -3.388       3.392             213              -0
  243        -885.704    -907.873           0.000       0.000             243              -0
   84        -125.941   -1200.648          -1.868      -1.089              84               0
   70          87.300     -68.122           0.000       0.000              70               0
   13        -811.867     -18.192          -0.198      -0.308              13              -0
   95         242.104    -218.751           0.000       0.000              95              -0
  220        -255.139    1595.624           0.106      -2.872             220               0
  124        -100.696    1068.282           0.000       0.000             124               0
  197       -1368.543     755.945          -3.863       3.175             197              -0
  103         -94.080    -336.865           0.000       0.000             103              -0
  184        -545.551    -258.716          -1.153      -2.096             184               0
   76       -1265.776     433.365           0.000       0.000              76               0
  168        -356.971     -55.681          -0.175      -0.342             168              -0
  185         646.315    -498.008           0.000       0.000             185              -0
  192          12.785    -306.952           0.407      -2.997             192               0
   75        -734.780    1459.473           0.000       0.000              75               0
  123          73.507     699.475          -4.387       2.936             123              -0
  133         253.743    -157.113           0.000       0.000             133              -0
   58        1114.110   -1431.382          -1.559      -1.852              58               0
   40        -315.480     838.322           0.000       0.000              40               0
   82         141.538     968.885          -0.150      -0.379              82              -0
  101        -964.266     631.327           0.000       0.000             101              -0
  185        -132.783    -695.000           0.745      -3.137             185               0
   17        -172.530    -374.658           0.000       0.000              17               0
  141         622.262    -636.278          -4.978       2.665             141              -0
   86         333.830     422.964           0.000       0.000              86              -0
  163        1757.808    -708.794          -0.821      -2.592             163               0
  192         -65.436    -512.670           0.000       0.000             192               0
  234         163.945    1226.571          -0.120      -0.423             234              -0
   97        -367.908   -1496.166           0.000       0.000              97              -0
  174        -224.906    -671.060           1.135      -3.298             174               0
   97        1737.685     121.836           0.000       0.000              97               0
  135       -1692.005    -518.361          -5.665       2.351             135              -0
   23        -510.086     298.984           0.000       0.000              23              -0
   63         150.801    -524.603          -1.853      -2.095              63               0
  137         812.213   -1520.943           0.000       0.000             137               0
  170        -203.134    -777.814          -0.086      -0.474             170              -0
   22        -210.979    -678.873           0.000       0.000              22              -0
  148        -573.496   -1364.284           1.599      -3.491             148               0
  254         940.067   -1193.547           0.000       0.000             254               0
   35         409.000     155.256          -6.491       1.974              35              -0
   35        -641.075   -1079.947           0.000       0.000              35              -0
  174        -299.569     337.270          -0.363      -3.278             174               0
    0         214.497    -903.591           0.000       0.000              -0               0
  139         809.774    1415.322          -0.043      -0.536             139              -0
   31        1305.608      13.432           0.000       0.000              31              -0
  200         304.527    1405.141           2.173      -3.729             200               0
  191          69.536    1951.581           0.000       0.000             191               0
  192          66.146    -441.124          -7.523       1.502             192              -0
   31        -627.003    -721.452           0.000       0.000              31              -0
   84         215.684      15.563          -1.083      -3.420              84               0
  193         412.652    -272.892           0.000       0.000             193               0
   86         848.132    -886.152           0.011      -0.617              86              -0
   39        -226.586    -811.804           0.000       0.000              39              -0
   86        -477.419      96.417           2.918      -4.037              86               0
   77          -0.268    -303.100           0.000       0.000              77               0
   74        -222.639    1772.546          -8.881       0.881              74              -0
  183         -27.171     638.643           0.000       0.000             183              -0
  198           8.273    1358.862           0.378      -4.387             198               0
   21         247.770    -231.128           0.000       0.000              21               0
  180         110.382   -1123.066           0.084      -0.725             180              -0
  205          16.632    2291.517           0.000       0.000             205              -0
  162         929.313   -1503.099           3.946      -4.463             162               0
   22         739.016     720.328           0.000       0.000              22               0
  149       -1188.044     147.738         -10.792       0.007             149              -0
   23        -126.972     981.178           0.000       0.000              23              -0
   65        -587.392      26.975          -1.298      -4.926              65               0
   53       -2301.520    1517.361           0.000       0.000              53               0
    9       -1233.603    -997.088           0.192      -0.885               9              -0
   94        -819.584     982.395           0.000       0.000              94              -0
  217         291.644   -1369.380           5.495      -5.104             217               0
  244        -182.069     279.579           0.000       0.000             244               0
  231        -610.978      38.332         -13.749      -1.345             231               0
   49         698.703    -315.020           0.000       0.000              49              -0
   30        1224.912    2042.023           1.958      -6.752              30               0
  166        1008.387      19.249           0.000       0.000             166               0
   29       -1317.097    -253.277           0.370      -1.149              29              -0
  252        -383.654    -253.090           0.000       0.000             252              -0
  165         313.090   -1844.687           8.160      -6.208             165               0
   66         133.964     902.797           0.000       0.000              66               0
  165        -534.528     695.617         -19.078      -3.782             165               0
  225        2204.810     602.432           0.000       0.000             225              -0
   56        -327.947     572.890           0.841      -9.762              56               0
   71        -476.004    -919.165           0.000       0.000              71               0
    4        -145.789    -289.837           0.732      -1.685               4              -0
  171         708.240    -193.333           0.000       0.000             171              -0
  233          28.301    -339.697          14.004      -8.629             233               0
  106         450.698    -459.096           0.000       0.000             106               0
  149         816.973   -1587.221         -31.960      -9.672             149               0
  110       -1547.664     591.867           0.000       0.000             110              -0
  135        -343.733    1031.910           8.871     -17.098             135               0
   74        1674.592    -474.752           0.000       0.000              74               0
   36       -1674.635    -275.451           1.907      -3.424              36              -0
  140         809.786    -418.333           0.000       0.000             140              -0
  221       -1108.535     150.873          38.296     -18.691             221               0
  235         204.426    -847.949           0.000       0.000             235               0
   40        -522.657     273.960        -112.830     -46.647              40               0
   73         167.816     637.555           0.000       0.000              73              -0
  159         274.095     993.965           0.000       0.000             159               0
