SINAL     NFT                         FFT                         NFT INVERSA     FFT INVERSA
-----     -----------------------     -----------------------     -----------     -----------
  217       32265.000       0.000           0.000       0.000             217               1
  140        1754.044    -236.005         -15.616      22.518             140               0
  165         890.655      98.661           0.000       0.000             165              -0
  124        -335.634    -226.326         -66.546      24.736             124               0
   87        -463.588    -260.439           0.000       0.000              87               0
  143         603.721   -1065.061          64.655      34.503             143              -0
  186          72.467     419.919           0.000       0.000             186              -0
  158          97.229     256.356         -15.463      19.321             158               0
  241          71.686    -365.182           0.000       0.000             241               0
  171         919.200    -615.078          -1.976       2.325             171               0
  133         341.401    -361.364           0.000       0.000             133              -0
   89        -460.159    -531.097         -18.776       4.949              89               0
  190         402.451     361.901           0.000       0.000             190               0
  185         200.835    -751.364          23.532      15.701             185              -0
   78         -15.717    2116.473           0.000       0.000              78              -0
   89        -903.685      32.163          -5.106       9.841              89               0
  153        1205.352     -45.161           0.000       0.000             153               0
  227        -858.778     329.677          -1.168       1.128             227               0
  243         643.892     212.334           0.000       0.000             243              -0
   40       -1029.369     -81.776         -11.166       1.797              40               0
  115       -1163.507     295.963           0.000       0.000             115               0
   10        1424.027    -310.763          13.638      11.177              10              -0
  148         716.502    -338.602           0.000       0.000             148              -0
  158        -869.943    -556.993          -5.833       4.908             158               0
  232         730.708     777.873           0.000       0.000             232               0
   36       -1472.706     850.156          -0.873       0.691              36               0
  254         729.581    1890.127           0.000       0.000             254              -0
   64         586.903     204.602          -8.018       0.493              64               0
  155        -413.864     224.011           0.000       0.000             155               0
  190       -1023.872   -1058.019           9.126       9.114             190              -0
  153         690.461      74.219           0.000       0.000             153              -0
  230         371.841    -329.525          -2.722       4.670             230               0
  173         931.170    1064.970           0.000       0.000             173               0
    3         635.959      -5.934          -0.718       0.462               3               0
  207        1214.984    -897.438           0.000       0.000             207              -0
  146        -749.391    -828.724          -6.271      -0.231             146               0
  138        -198.909    -368.220           0.000       0.000             138               0
  119         115.645    1178.541           6.505       7.916             119              -0
  246         758.802    -744.414           0.000       0.000             246              -0
  171       -1159.876     810.036          -4.039       2.223             171               0
   58        -562.373    2110.073           0.000       0.000              58               0
  118        -963.179    -713.871          -0.621       0.318             118               0
    6        1569.927    -705.021           0.000       0.000               6              -0
   96         718.891    -277.462          -5.142      -0.698              96               0
    4        -287.024     780.576           0.000       0.000               4               0
  202        -710.068    -957.984           4.764       7.120             202              -0
   99         674.531    -982.787           0.000       0.000              99              -0
  229         308.448   -1394.529          -2.847       2.396             229               0
  197        -514.889    -778.805           0.000       0.000             197               0
  132        -310.393    -554.848          -0.553       0.218             132               0
  154         580.678     737.286           0.000       0.000             154              -0
   98         398.737     218.375          -4.340      -1.031              98               0
   33        -419.948     329.651           0.000       0.000              33               0
   86       -2408.485    1586.965           3.503       6.543              86              -0
   60        -410.453     -56.379           0.000       0.000              60              -0
  156          58.373    -873.480          -3.239       1.026             156               0
  226        -113.861     822.202           0.000       0.000             226               0
  156        -473.426    -337.754          -0.502       0.143             156               0
   26         -24.163     902.155           0.000       0.000              26              -0
  129         599.145    -274.801          -3.730      -1.283             129               0
  135         295.481   -1008.960           0.000       0.000             135               0
  248         393.795   -1398.531           2.531       6.099             248              -0
  239        -294.261     448.613           0.000       0.000             239              -0
    8        -491.028       4.317          -2.147       1.899               8               0
   10         781.079   -1877.972           0.000       0.000              10               0
  196        -938.794      34.554          -0.462       0.084             196               0
  127         976.679     861.863           0.000       0.000             127              -0
   48        1343.255   -2007.348          -3.243      -1.485              48               0
  183          85.309    1006.659           0.000       0.000             183               0
  249         -85.828    -225.119           1.745       5.739             249              -0
   33       -1087.619     101.815           0.000       0.000              33              -0
  126        -756.298     762.441          -2.758       0.306             126               0
   96        -744.843    -748.615           0.000       0.000              96               0
   32         307.456    -196.895          -0.429       0.035              32               0
  136        -178.790    1416.832           0.000       0.000             136              -0
  154         732.073    -898.441          -2.837      -1.653             154               0
  109        -618.979    -443.384           0.000       0.000             109               0
  179        -546.574    -517.224           1.085       5.438             179              -0
   19         574.593    1115.649           0.000       0.000              19              -0
   37         408.343      72.176          -2.346       0.743              37               0
   47        -627.695    -775.860           0.000       0.000              47               0
  142          12.642    1108.320          -0.401      -0.007             142               0
  232         979.432   -1662.850           0.000       0.000             232              -0
   29         654.896     192.780          -2.488      -1.798              29               0
  187        -776.216      65.931           0.000       0.000             187               0
  216       -1284.082     843.897           0.513       5.176             216              -0
  209         111.720     233.460           0.000       0.000             209              -0
    0        1654.590    -499.945          -2.415      -0.208              -0               0
  163        -202.519    -365.498           0.000       0.000             163               0
  145         827.268     409.390          -0.376      -0.044             145               0
   42         687.163     571.357           0.000       0.000              42              -0
   21        -854.481    -981.121          -2.178      -1.926              21               0
   45        -174.031   -1449.014           0.000       0.000              45               0
   63         275.545    -566.846           0.003       4.943              63              -0
  122         -88.529     504.850           0.000       0.000             122              -0
   96        -805.773      51.908          -2.112       0.557              96               0
  218         772.824     518.998           0.000       0.000             218               0
  145        1344.253     -36.400          -0.354      -0.077             145              -0
  118         -69.277     224.456           0.000       0.000             118              -0
   16         206.095    -153.864          -1.897      -2.043              16               0
  238         883.907    -768.579           0.000       0.000             238               0
  152         464.262     477.236          -0.463       4.730             152              -0
   31        -551.805   -1613.627           0.000       0.000              31              -0
   92         801.302     359.463          -2.139      -0.620              92               0
  243        1451.537    -104.114           0.000       0.000             243               0
   62       -1312.389    1270.166          -0.333      -0.107              62              -0
  112         650.403    -147.880           0.000       0.000             112              -0
  113         127.685     750.952          -1.636      -2.151             113               0
  213           8.589   -1414.318           0.000       0.000             213               0
  229       -1604.203    -827.963          -0.898       4.531             229              -0
  136          48.226   -1947.810           0.000       0.000             136              -0
   65        -208.050   -1059.582          -2.067      -0.178              65               0
  108        1241.243    1221.951           0.000       0.000             108               0
   57         623.660    -668.503          -0.314      -0.136              57              -0
  203        1431.183     326.307           0.000       0.000             203              -0
   46         298.269      89.558          -1.388      -2.253              46               0
  239        1153.367     304.545           0.000       0.000             239               0
  120        1099.917     431.062          -1.314       4.341             120              -0
   10         161.822    2356.301           0.000       0.000              10              -0
  208         438.660    -444.244          -1.896      -0.984             208               0
   28         801.517     113.590           0.000       0.000              28               0
  176        -405.911    -131.701          -0.295      -0.164             176              -0
   22        -924.363     334.728           0.000       0.000              22              -0
  235        -460.110     224.174          -1.148      -2.353             235               0
   57       -1161.062     754.302           0.000       0.000              57               0
   54         623.081    2403.101          -1.718       4.156              54              -0
  230          19.754    -830.430           0.000       0.000             230              -0
  241         772.217    1121.392           0.000       0.000             241               0
  237        -659.000      -0.168           0.000       0.000             237               0
  114         772.420   -1121.396          -0.276      -0.192             114              -0
   38          19.584     830.257           0.000       0.000              38              -0
   63         623.401   -2403.135          -0.911      -2.451              63               0
    9       -1160.998    -754.459           0.000       0.000               9               0
   76        -460.046    -224.231          -2.120       3.972              76              -0
   47        -924.226    -334.872           0.000       0.000              47              -0
  123        -405.765     131.625          -1.664      -1.332             123               0
  106         801.678    -113.495           0.000       0.000             106               0
   85         438.664     444.189          -0.258      -0.219              85              -0
  127         162.322   -2356.319           0.000       0.000             127              -0
  103        1100.084    -430.773          -0.672      -2.550             103               0
   38        1153.429    -304.269           0.000       0.000              38               0
  205         298.298     -89.436          -2.526       3.786             205              -0
   56        1431.228    -325.977           0.000       0.000              56              -0
  185         623.482     668.656          -1.832      -0.951             185               0
  195        1241.322   -1221.630           0.000       0.000             195               0
  200        -208.382    1059.742          -0.239      -0.247             200              -0
   46          47.765    1947.851           0.000       0.000              46              -0
  195       -1604.373     827.626          -0.427      -2.652             195               0
  110           8.428    1414.164           0.000       0.000             110               0
   95         127.861    -751.087          -2.946       3.594              95              -0
  104         650.362     147.889           0.000       0.000             104              -0
  143       -1312.109   -1270.418          -1.423      -1.692             143               0
    9        1451.620     104.401           0.000       0.000               9               0
  121         801.310    -359.258          -0.219      -0.277             121              -0
   51        -552.085    1613.527           0.000       0.000              51              -0
   54         464.397    -477.216          -0.169      -2.758              54               0
   11         883.771     768.695           0.000       0.000              11               0
  247         206.031     153.810          -3.388       3.392             247              -0
  165         -69.216    -224.533           0.000       0.000             165              -0
  180        1344.233      36.571          -1.868      -1.089             180               0
  154         772.771    -518.896           0.000       0.000             154               0
  176        -805.862     -52.037          -0.198      -0.308             176              -0
  162         -88.452    -504.810           0.000       0.000             162              -0
   47         275.422     566.983           0.106      -2.872              47               0
  194        -174.319    1448.973           0.000       0.000             194               0
   93        -854.598     980.831          -3.863       3.175              93              -0
   29         687.340    -571.378           0.000       0.000              29              -0
   95         827.323    -409.283          -1.153      -2.096              95               0
  107        -202.574     365.444           0.000       0.000             107               0
  143        1654.451     500.136          -0.175      -0.342             143              -0
   47         111.579    -233.553           0.000       0.000              47              -0
  155       -1284.022    -844.147           0.407      -2.997             155               0
  191        -776.131     -66.041           0.000       0.000             191               0
  236         655.010    -192.619          -4.387       2.936             236              -0
    7         979.120    1662.954           0.000       0.000               7              -0
   48          12.737   -1108.397          -1.559      -1.852              48               0
  114        -627.841     775.727           0.000       0.000             114               0
  230         408.369     -72.211          -0.150      -0.379             230              -0
   34         574.713   -1115.557           0.000       0.000              34              -0
  207        -546.733     517.179           0.745      -3.137             207               0
   67        -619.028     443.262           0.000       0.000              67               0
   74         731.927     898.447          -4.978       2.665              74              -0
  196        -178.598   -1416.929           0.000       0.000             196              -0
    5         307.356     196.987          -0.821      -2.592               5               0
  178        -745.039     748.435           0.000       0.000             178               0
   94        -756.176    -762.623          -0.120      -0.423              94              -0
    4       -1087.520    -101.981           0.000       0.000               4              -0
   57         -85.729     225.091           1.135      -3.298              57               0
   11          85.619   -1006.572           0.000       0.000              11               0
  116        1342.989    2007.582          -5.665       2.351             116              -0
  171         976.744    -861.759           0.000       0.000             171              -0
   67        -938.821     -34.625          -1.853      -2.095              67               0
  104         780.763    1878.085           0.000       0.000             104               0
   10        -491.060      -4.515          -0.086      -0.474              10              -0
   92        -294.144    -448.660           0.000       0.000              92              -0
  143         393.602    1398.591           1.599      -3.491             143               0
  250         295.319    1008.870           0.000       0.000             250               0
  225         599.058     274.708          -6.491       1.974             225              -0
  100         -24.091    -902.274           0.000       0.000             100              -0
   61        -473.524     337.595          -0.363      -3.278              61               0
  128        -113.739    -822.270           0.000       0.000             128               0
  241          58.174     873.433          -0.043      -0.536             241              -0
   41        -410.565      56.142           0.000       0.000              41              -0
  146       -2408.176   -1587.443           2.173      -3.729             146               0
   82        -419.696    -329.691           0.000       0.000              82               0
   32         398.918    -218.293          -7.523       1.502              32              -0
  189         580.850    -737.111           0.000       0.000             189              -0
  213        -310.464     554.908          -1.083      -3.420             213               0
   85        -514.929     778.782           0.000       0.000              85               0
  174         308.323    1394.565           0.011      -0.617             174              -0
  234         674.390     982.797           0.000       0.000             234              -0
   40        -710.198     957.684           2.918      -4.037              40               0
  115        -286.765    -780.762           0.000       0.000             115               0
  132         718.967     277.526          -8.881       0.881             132              -0
  235        1569.766     705.169           0.000       0.000             235              -0
  255        -963.378     713.469           0.378      -4.387             255               0
  114        -561.993   -2110.326           0.000       0.000             114               0
   55       -1159.609    -810.191           0.084      -0.725              55              -0
   71         758.820     744.515           0.000       0.000              71              -0
  156         115.901   -1178.538           3.946      -4.463             156               0
   90        -198.901     368.249           0.000       0.000              90               0
  220        -749.362     828.586         -10.792       0.007             220              -0
  161        1215.001     897.527           0.000       0.000             161              -0
   71         636.036       5.873          -1.298      -4.926              71               0
  201         931.380   -1064.887           0.000       0.000             201               0
  159         371.784     329.565           0.192      -0.885             159              -0
  161         690.422     -74.143           0.000       0.000             161              -0
   56       -1024.063    1057.739           5.495      -5.104              56               0
    9        -413.715    -224.261           0.000       0.000               9               0
  211         587.035    -204.694         -13.749      -1.345             211               0
   87         729.881   -1890.107           0.000       0.000              87              -0
  173       -1472.509    -850.376           1.958      -6.752             173               0
  111         730.944    -777.670           0.000       0.000             111               0
  201        -869.924     556.911           0.370      -1.149             201              -0
  234         716.605     338.706           0.000       0.000             234              -0
  153        1423.967     310.941           8.160      -6.208             153               0
  247       -1163.485    -296.216           0.000       0.000             247               0
   18       -1029.233      81.554         -19.078      -3.782              18               0
  101         644.073    -212.286           0.000       0.000             101              -0
   33        -858.564    -329.857           0.841      -9.762              33               0
  236        1205.478      45.320           0.000       0.000             236               0
  186        -903.572     -32.418           0.732      -1.685             186              -0
   23         -15.161   -2116.445           0.000       0.000              23              -0
  146         200.905     751.496          14.004      -8.629             146               0
   44         402.679    -361.792           0.000       0.000              44               0
  222        -460.041     531.070         -31.960      -9.672             222               0
   20         341.610     361.429           0.000       0.000              20              -0
  175         919.317     615.204           8.871     -17.098             175               0
   83          71.831     365.120           0.000       0.000              83               0
  206          97.537    -256.401           1.907      -3.424             206              -0
   74          72.864    -419.885           0.000       0.000              74              -0
  169         603.895    1065.157          38.296     -18.691             169               0
  124        -463.184     260.281           0.000       0.000             124               0
  190        -334.974     226.187        -112.830     -46.647             190               0
  225         891.678     -98.583           0.000       0.000             225              -0
   63        1755.741     236.229           0.000       0.000              63               0
