SINAL     NFT                         FFT                         NFT INVERSA     FFT INVERSA
-----     -----------------------     -----------------------     -----------     -----------
  185       31166.000       0.000           0.000       0.000             185               1
   34        -573.064   -1195.732         -15.616      22.518              34               0
  224         -48.255      29.106           0.000       0.000             224              -0
  199        1540.283     519.098         -66.546      24.736             199               0
  228        -643.876      40.781           0.000       0.000             228               0
  135         710.438    -199.187          64.655      34.503             135              -0
  153        1576.731    -340.054           0.000       0.000             153              -0
  216        -367.053     -60.196         -15.463      19.321             216               0
   45         101.993    -170.762           0.000       0.000              45               0
   78        2177.067    1647.356          -1.976       2.325              78               0
   29         108.240     564.534           0.000       0.000              29              -0
   38         317.838   -1203.113         -18.776       4.949              38               0
   28        -505.750     453.158           0.000       0.000              28               0
   99         679.105    -233.083          23.532      15.701              99              -0
  173        1099.278     849.907           0.000       0.000             173              -0
  209         561.939     105.304          -5.106       9.841             209               0
   81         -14.629     -90.168           0.000       0.000              81               0
  108        -513.137      89.373          -1.168       1.128             108               0
  236       -1194.422   -1026.605           0.000       0.000             236              -0
   61        -681.193    -610.126         -11.166       1.797              61               0
   92         -65.142   -1125.892           0.000       0.000              92               0
   98         822.410    -402.054          13.638      11.177              98              -0
   93        -940.147   -1229.060           0.000       0.000              93              -0
   83        -296.654    -157.536          -5.833       4.908              83               0
  239        -820.986     -23.007           0.000       0.000             239               0
   60       -1192.745     483.582          -0.873       0.691              60               0
  121       -1235.777     240.052           0.000       0.000             121              -0
   82         996.803     -84.860          -8.018       0.493              82               0
   89        -702.046    -411.850           0.000       0.000              89               0
  117        -981.411     426.877           9.126       9.114             117              -0
  176        -300.030     224.543           0.000       0.000             176              -0
  179        -336.492    -177.291          -2.722       4.670             179               0
   40        -466.770    1756.309           0.000       0.000              40               0
  163        1043.744    -745.177          -0.718       0.462             163               0
   12         837.752    -264.126           0.000       0.000              12              -0
   90          73.793     187.391          -6.271      -0.231              90               0
  212         -90.305    -429.165           0.000       0.000             212               0
   46        -736.293    -313.632           6.505       7.916              46              -0
  232        -166.888     677.945           0.000       0.000             232              -0
  119       -1161.590    1119.346          -4.039       2.223             119               0
  128        1268.672   -1723.657           0.000       0.000             128               0
   28         428.558    1059.683          -0.621       0.318              28               0
   74        -738.489     168.322           0.000       0.000              74              -0
   26       -1052.094    -152.210          -5.142      -0.698              26               0
    5         751.258      19.660           0.000       0.000               5               0
  166        -800.062    -275.426           4.764       7.120             166              -0
  202        -131.450   -1020.901           0.000       0.000             202              -0
  201       -1692.033     177.190          -2.847       2.396             201               0
  117        -794.227     -51.257           0.000       0.000             117               0
   93        -351.931    -289.465          -0.553       0.218              93               0
  210         901.526     387.589           0.000       0.000             210              -0
  178         311.618    -258.276          -4.340      -1.031             178               0
  234        -937.069     138.582           0.000       0.000             234               0
  128         373.241     566.625           3.503       6.543             128              -0
  114          61.782      77.057           0.000       0.000             114              -0
  144        -530.676     248.322          -3.239       1.026             144               0
  198          13.085    -744.443           0.000       0.000             198               0
   71         114.364    -216.818          -0.502       0.143              71               0
  248         814.316    -556.931           0.000       0.000             248              -0
  102       -1448.551     492.903          -3.730      -1.283             102               0
  103        -255.276     -73.059           0.000       0.000             103               0
    7        1136.602   -1192.684           2.531       6.099               7              -0
  231         -13.680      78.125           0.000       0.000             231              -0
   14        -493.229     471.446          -2.147       1.899              14               0
  187        -262.024     761.989           0.000       0.000             187               0
   15        -598.258     145.263          -0.462       0.084              15               0
   82         190.600     895.185           0.000       0.000              82              -0
  148           8.736   -1767.217          -3.243      -1.485             148               0
   77         197.692     632.550           0.000       0.000              77               0
   65        1589.786     323.500           1.745       5.739              65              -0
  141         181.521     601.543           0.000       0.000             141              -0
   85         594.571     815.653          -2.758       0.306              85               0
  201        1002.458     773.022           0.000       0.000             201               0
   48        -668.525     157.970          -0.429       0.035              48               0
  136        1913.371    -615.411           0.000       0.000             136              -0
  151        -309.642    1441.567          -2.837      -1.653             151               0
  205          98.024    -991.463           0.000       0.000             205               0
  229        -590.555    1255.744           1.085       5.438             229              -0
  151        -250.654    -148.062           0.000       0.000             151              -0
  163        -135.545   -1849.944          -2.346       0.743             163               0
   75        1068.269    1039.243           0.000       0.000              75               0
  199       -1078.979    -914.042          -0.401      -0.007             199               0
   50        -701.190    1947.056           0.000       0.000              50              -0
  131         379.921     242.027          -2.488      -1.798             131               0
  176         -91.238     306.608           0.000       0.000             176               0
  253         528.739     897.486           0.513       5.176             253              -0
  253        -204.489    -175.249           0.000       0.000             253              -0
  120        -448.270   -1007.861          -2.415      -0.208             120               0
  147         922.081      29.262           0.000       0.000             147               0
  116       -1967.152   -2291.983          -0.376      -0.044             116               0
  157        -872.156    -563.078           0.000       0.000             157              -0
   17         831.526   -1207.489          -2.178      -1.926              17               0
  206         642.984    1017.262           0.000       0.000             206               0
  242         284.372    -384.304           0.003       4.943             242              -0
   62       -1749.408    -512.312           0.000       0.000              62              -0
  147        1510.099    -470.476          -2.112       0.557             147               0
  199         118.757     -19.633           0.000       0.000             199               0
  177         789.777     705.231          -0.354      -0.077             177              -0
   39        -937.725     311.703           0.000       0.000              39              -0
  148         565.477     391.164          -1.897      -2.043             148               0
   93         703.186     118.624           0.000       0.000              93               0
  160         163.576    -362.851          -0.463       4.730             160              -0
  249         549.029     156.219           0.000       0.000             249              -0
   50         465.111    -323.250          -2.139      -0.620              50               0
  117          90.470     -31.927           0.000       0.000             117               0
  234        -794.503      45.425          -0.333      -0.107             234              -0
   47         320.067     579.350           0.000       0.000              47              -0
   72        1692.978     872.880          -1.636      -2.151              72               0
  231        1602.138     534.262           0.000       0.000             231               0
    5        -911.782    -628.656          -0.898       4.531               5              -0
  132         397.106     498.236           0.000       0.000             132              -0
  250        -181.252   -1047.575          -2.067      -0.178             250               0
  100         588.566    -303.658           0.000       0.000             100               0
    6          30.878    1998.994          -0.314      -0.136               6              -0
   48        1482.884     282.001           0.000       0.000              48              -0
  146         689.520     445.665          -1.388      -2.253             146               0
  201        1549.257     882.566           0.000       0.000             201               0
   38        -372.435    -336.930          -1.314       4.341              38              -0
  177        -615.695      79.640           0.000       0.000             177              -0
  161        -637.121    -842.132          -1.896      -0.984             161               0
   14        2526.316   -1247.021           0.000       0.000              14               0
  181        -439.064     608.834          -0.295      -0.164             181              -0
  194        -451.058    -344.295           0.000       0.000             194              -0
   72        -439.181    1356.536          -1.148      -2.353              72               0
  233         626.097   -1487.277           0.000       0.000             233               0
   21        -334.855    -396.456          -1.718       4.156              21              -0
   10        -458.614    -471.441           0.000       0.000              10              -0
   77        1190.592     958.901           0.000       0.000              77               0
  193        1926.000       0.120           0.000       0.000             193               0
    0        1190.604    -958.696          -0.276      -0.192              -0              -0
  158        -458.822     471.419           0.000       0.000             158              -0
   43        -334.939     396.413          -0.911      -2.451              43               0
  114         625.816    1487.267           0.000       0.000             114               0
  133        -439.000   -1356.710          -2.120       3.972             133              -0
  133        -451.084     344.212           0.000       0.000             133              -0
  251        -438.821    -608.885          -1.664      -1.332             251               0
   25        2526.112    1247.455           0.000       0.000              25               0
  111        -637.378     841.904          -0.258      -0.219             111              -0
    1        -615.655     -79.881           0.000       0.000               1              -0
  182        -372.350     336.714          -0.672      -2.550             182               0
   83        1549.508    -882.444           0.000       0.000              83               0
  162         689.612    -445.624          -2.526       3.786             162              -0
  224        1482.880    -281.852           0.000       0.000             224              -0
  253          31.132   -1998.969          -1.832      -0.951             253               0
   27         588.456     303.877           0.000       0.000              27               0
  183        -181.471    1047.522          -0.239      -0.247             183              -0
  120         397.161    -498.226           0.000       0.000             120              -0
  125        -911.821     628.436          -0.427      -2.652             125               0
   51        1602.322    -534.103           0.000       0.000              51               0
  186        1693.033    -872.632          -2.946       3.594             186              -0
   95         319.990    -579.265           0.000       0.000              95              -0
   92        -794.573     -45.516          -1.423      -1.692              92               0
    9          90.477      31.968           0.000       0.000               9               0
  111         465.055     323.321          -0.219      -0.277             111              -0
   15         549.017    -156.142           0.000       0.000              15              -0
   79         163.479     362.850          -0.169      -2.758              79               0
  255         703.158    -118.566           0.000       0.000             255               0
   33         565.426    -391.104          -3.388       3.392              33              -0
   82        -937.718    -311.871           0.000       0.000              82              -0
  140         789.894    -705.057          -1.868      -1.089             140               0
  215         118.718      19.739           0.000       0.000             215               0
   50        1509.876     470.785          -0.198      -0.308              50              -0
  237       -1749.601     512.026           0.000       0.000             237              -0
  225         284.341     384.310           0.106      -2.872             225               0
   74         643.118   -1017.100           0.000       0.000              74               0
  139         831.174    1207.722          -3.863       3.175             139              -0
  201        -872.425     562.973           0.000       0.000             201              -0
  192       -1967.509    2291.572          -1.153      -2.096             192               0
  182         922.145     -29.266           0.000       0.000             182               0
  244        -448.460    1007.637          -0.175      -0.342             244              -0
  111        -204.483     174.994           0.000       0.000             111              -0
   64         528.893    -897.557           0.407      -2.997              64               0
  150         -91.213    -306.718           0.000       0.000             150               0
  219         379.907    -242.088          -4.387       2.936             219              -0
  178        -700.920   -1947.169           0.000       0.000             178              -0
  119       -1079.055     913.898          -1.559      -1.852             119               0
   64        1068.500   -1039.030           0.000       0.000              64               0
   82        -135.888    1849.911          -0.150      -0.379              82              -0
   18        -250.683     147.844           0.000       0.000              18              -0
  126        -590.294   -1255.908           0.745      -3.137             126               0
  212          97.940     991.405           0.000       0.000             212               0
  205        -309.272   -1441.689          -4.978       2.665             205              -0
   54        1913.305     615.707           0.000       0.000              54              -0
   50        -668.501    -158.195          -0.821      -2.592              50               0
   35        1002.638    -772.940           0.000       0.000              35               0
   35         594.689    -815.577          -0.120      -0.423              35              -0
  117         181.633    -601.493           0.000       0.000             117              -0
   12        1589.787    -323.201           1.135      -3.298              12               0
   91         197.663    -632.423           0.000       0.000              91               0
  198           8.342    1767.204          -5.665       2.351             198              -0
   69         190.645    -895.251           0.000       0.000              69              -0
   17        -598.314    -145.391          -1.853      -2.095              17               0
  209        -261.929    -762.034           0.000       0.000             209               0
   22        -493.145    -471.465          -0.086      -0.474              22              -0
  255         -13.620     -78.025           0.000       0.000             255              -0
   81        1136.359    1192.897           1.599      -3.491              81               0
   17        -255.415      72.954           0.000       0.000              17               0
  102       -1448.455    -493.142          -6.491       1.974             102              -0
  159         814.273     557.087           0.000       0.000             159              -0
  145         114.287     216.822          -0.363      -3.278             145               0
  107          12.909     744.381           0.000       0.000             107               0
  140        -530.653    -248.500          -0.043      -0.536             140              -0
   49          61.806     -77.110           0.000       0.000              49              -0
  173         373.288    -566.591           2.173      -3.729             173               0
   24        -937.057    -138.724           0.000       0.000              24               0
  186         311.618     258.316          -7.523       1.502             186              -0
   86         901.522    -387.441           0.000       0.000              86              -0
   73        -352.115     289.417          -1.083      -3.420              73               0
  135        -794.336      51.112           0.000       0.000             135               0
   10       -1691.983    -177.445           0.011      -0.617              10              -0
   30        -131.544    1020.870           0.000       0.000              30              -0
  254        -800.024     275.209           2.918      -4.037             254               0
   32         751.296     -19.605           0.000       0.000              32               0
   11       -1052.115     151.962          -8.881       0.881              11              -0
   72        -738.337    -168.530           0.000       0.000              72              -0
  108         428.868   -1059.588           0.378      -4.387             108               0
  120        1268.362    1723.823           0.000       0.000             120               0
   55       -1161.441   -1119.661           0.084      -0.725              55              -0
  215        -166.729    -677.948           0.000       0.000             215              -0
  161        -736.271     313.545           3.946      -4.463             161               0
  244         -90.259     429.119           0.000       0.000             244               0
   67          73.944    -187.415         -10.792       0.007              67              -0
  236         837.786     264.241           0.000       0.000             236              -0
   59        1043.574     745.225          -1.298      -4.926              59               0
  140        -466.551   -1756.451           0.000       0.000             140               0
   85        -336.542     177.270           0.192      -0.885              85              -0
  119        -300.013    -224.601           0.000       0.000             119              -0
   89        -981.317    -427.009           5.495      -5.104              89               0
   47        -702.004     411.758           0.000       0.000              47               0
   36         996.808      85.004         -13.749      -1.345              36               0
  110       -1235.773    -240.274           0.000       0.000             110              -0
  210       -1192.581    -483.744           1.958      -6.752             210               0
   86        -820.841      22.946           0.000       0.000              86               0
   70        -296.531     157.583           0.370      -1.149              70              -0
  217        -940.156    1228.945           0.000       0.000             217              -0
  110         822.515     402.188           8.160      -6.208             110               0
  106         -65.258    1125.851           0.000       0.000             106               0
  126        -681.203     609.936         -19.078      -3.782             126               0
   78       -1194.406    1026.276           0.000       0.000              78              -0
   14        -512.846     -89.610           0.841      -9.762              14               0
  131         -14.344      90.044           0.000       0.000             131               0
   46         562.243    -105.338           0.732      -1.685              46              -0
  145        1099.633    -849.786           0.000       0.000             145              -0
   56         679.199     233.164          14.004      -8.629              56               0
   56        -505.489    -453.262           0.000       0.000              56               0
  109         317.896    1203.080         -31.960      -9.672             109               0
  138         108.645    -564.689           0.000       0.000             138              -0
   62        2177.568   -1647.011           8.871     -17.098              62               0
  233         102.106     170.837           0.000       0.000             233               0
  199        -366.768      60.147           1.907      -3.424             199              -0
   44        1576.988     340.303           0.000       0.000              44              -0
  201         710.650     199.255          38.296     -18.691             201               0
  189        -643.461     -40.952           0.000       0.000             189               0
  154        1540.900    -518.860        -112.830     -46.647             154               0
  182         -47.538     -29.076           0.000       0.000             182              -0
   46        -571.643    1195.590           0.000       0.000              46               0
