SINAL     NFT                         FFT                         NFT INVERSA     FFT INVERSA
-----     -----------------------     -----------------------     -----------     -----------
  198       32021.000       0.000           0.000       0.000             198               0
  160          30.682      76.112           0.000      -0.000             160               0
  211        -137.680     259.436           0.000       0.000             211               0
  235        -319.125    -454.584           0.000      -0.000             235               0
   74          69.617    -478.221           0.000       0.000              74               0
  122        -265.471    -787.793           0.000      -0.000             122               0
  179         587.530     278.285           0.000       0.000             179               0
    3        -172.047     409.137           0.000      -0.000               3               0
  247        1506.953    -601.199           0.000       0.000             247               0
  127         432.623    -196.194           0.000      -0.000             127               0
  132        -109.890     -46.129           0.000       0.000             132               0
   57        1803.502     602.930           0.000      -0.000              57               0
   61        2509.658   -1908.335           0.000       0.000              61               0
    9        -144.717   -1106.383           0.000      -0.000               9               0
  113        1484.915     587.298           0.000       0.000             113               0
   53         -21.933    -467.211           0.000      -0.000              53               0
    1         -90.404    -248.044           0.000       0.000               1               0
  221         408.884    -261.254           0.000      -0.000             221               0
  179          94.400       8.149           0.000       0.000             179               0
  148        1099.871    -563.517           0.000      -0.000             148               0
  181        -693.669    1070.121           0.000       0.000             181               0
   70       -1599.697    -125.629           0.000      -0.000              70               0
  174        1704.246     396.121           0.000       0.000             174               0
  230         263.439     870.004           0.000      -0.000             230               0
  248         362.110    -457.002           0.000       0.000             248               0
   65         863.178    1448.249           0.000      -0.000              65               0
    6         -53.696      68.599           0.000       0.000               6               0
  182         673.790    -121.607           0.000      -0.000             182               0
  244        -527.942     574.113           0.000       0.000             244               0
   53        1287.625     726.966           0.000      -0.000              53               0
  111       -1800.012    -983.592           0.000       0.000             111               0
  241         210.155    -892.888           0.000      -0.000             241               0
   93         939.106   -1141.713           0.000       0.000              93               0
    8         543.370     -75.061           0.000      -0.000               8               0
  161        -439.228     201.023           0.000       0.000             161               0
  119        1154.809      26.542           0.000      -0.000             119               0
   80        1179.241   -1623.775           0.000       0.000              80               0
  155        -924.293     -65.476           0.000      -0.000             155               0
   66        -131.723     -23.797           0.000       0.000              66               0
  135       -1156.384     433.129           0.000      -0.000             135               0
  134         307.894     142.795           0.000       0.000             134               0
   22         178.870     206.131           0.000      -0.000              22               0
  158         374.079    -123.706           0.000       0.000             158               0
  226        -300.103     612.454           0.000      -0.000             226               0
  201         265.509      25.167           0.000       0.000             201               0
  189          36.216   -1757.801           0.000      -0.000             189               0
   83         163.735     844.735           0.000       0.000              83               0
   44        1892.178    -551.858           0.000      -0.000              44               0
  176        -808.351      56.618           0.000       0.000             176               0
  103        -607.480     602.151           0.000      -0.000             103               0
   80        -227.807     588.420           0.000       0.000              80               0
   79       -1189.008     566.217           0.000      -0.000              79               0
  179        -144.592     640.196           0.000       0.000             179               0
   46         566.585    1035.459           0.000      -0.000              46               0
    8         647.506      20.720           0.000       0.000               8               0
  145         150.707     526.383           0.000      -0.000             145               0
   85          -8.704     276.604           0.000       0.000              85               0
   76        1564.649     -99.423           0.000      -0.000              76               0
  217         127.550     809.808           0.000       0.000             217               0
   51         194.471    -284.475           0.000      -0.000              51               0
  173         174.919    -506.455           0.000       0.000             173               0
   14       -1118.324     764.216           0.000      -0.000              14               0
  134       -1842.612    1212.447           0.000       0.000             134               0
  133        -270.563     -16.028           0.000      -0.000             133               0
  125        -739.061    1527.941           0.000       0.000             125               0
  212         527.085     -59.594           0.000      -0.000             212               0
  164        -227.501    -359.105           0.000       0.000             164               0
  226        -805.803    -511.738           0.000      -0.000             226               0
  107       -1061.518    -260.179           0.000       0.000             107               0
  203        -453.115   -1241.699           0.000      -0.000             203               0
  198         458.419      89.153           0.000       0.000             198               0
  219       -1482.960     756.877           0.000      -0.000             219               0
  195        -571.154     181.083           0.000       0.000             195               0
   96         698.268     718.024           0.000      -0.000              96               0
   73         898.735     968.977           0.000       0.000              73               0
   19         865.456    -253.296           0.000      -0.000              19               0
   59       -1102.383    -211.522           0.000       0.000              59               0
   88         286.550    -430.166           0.000      -0.000              88               0
   74       -1168.809    -236.454           0.000       0.000              74               0
   93        -214.063     240.602           0.000      -0.000              93               0
   72        -507.478    -866.830           0.000       0.000              72               0
  188        -304.355    1699.940           0.000      -0.000             188               0
  165       -1210.276     201.537           0.000       0.000             165               0
   65         202.333     748.994           0.000      -0.000              65               0
   12        1321.465    -700.455           0.000       0.000              12               0
   17         390.729    1016.025           0.000      -0.000              17               0
  210        -550.340    -253.030           0.000       0.000             210               0
  254       -1238.101     -24.531           0.000      -0.000             254               0
  207         418.161     490.909           0.000       0.000             207               0
  129        1471.274     -89.406           0.000      -0.000             129               0
  210        1596.494      58.653           0.000       0.000             210               0
   61        1420.980    1096.004           0.000      -0.000              61               0
  179         134.295    -677.191           0.000       0.000             179               0
  163         154.060      91.184           0.000      -0.000             163               0
  161         524.379    -583.465           0.000       0.000             161               0
  125        -899.088      56.646           0.000      -0.000             125               0
   89        -113.059    -317.769           0.000       0.000              89               0
   68         518.977      80.816           0.000      -0.000              68               0
  135        -161.398    -655.221           0.000       0.000             135               0
  129         774.299   -1271.606           0.000      -0.000             129               0
   50        -493.239    1208.053           0.000       0.000              50               0
   35        -552.432    -914.415           0.000      -0.000              35               0
   83        1570.187    1160.916           0.000       0.000              83               0
   89        -352.365     -43.851           0.000      -0.000              89               0
  253         205.832    -802.532           0.000       0.000             253               0
    9       -1075.602   -1628.548           0.000      -0.000               9               0
  204        2443.424     406.635           0.000       0.000             204               0
  161        -456.812     -77.701           0.000      -0.000             161               0
  143         176.456    -762.929           0.000       0.000             143               0
  170        -919.356   -1183.261           0.000      -0.000             170               0
  228         761.034    1015.547           0.000       0.000             228               0
   70         535.725     130.590           0.000      -0.000              70               0
   29        -461.864     228.491           0.000       0.000              29               0
  160       -1939.271    1110.785           0.000      -0.000             160               0
  174          -9.696    -623.276           0.000       0.000             174               0
  141        -567.196    1051.940           0.000      -0.000             141               0
  194        -234.805    -346.888           0.000       0.000             194               0
   54        -550.107     637.479           0.000      -0.000              54               0
   30        -247.273     285.323           0.000       0.000              30               0
    1         361.855     329.779           0.000      -0.000               1               0
  179        -493.045     313.593           0.000       0.000             179               0
   67       -1765.479    -237.414           0.000      -0.000              67               0
  186          46.253    -962.388           0.000       0.000             186               0
  254        1824.298      68.587           0.000      -0.000             254               0
   78         234.844     335.975           0.000       0.000              78               0
   96         246.422     447.394           0.000      -0.000              96               0
  242         818.685     959.179           0.000       0.000             242               0
   51       -1585.332     417.546           0.000      -0.000              51               0
  192        2421.000       0.124           0.000       0.000             192               0
   79       -1585.312    -417.954           0.000       0.000              79               0
  244         818.905    -959.116           0.000       0.000             244               0
  139         246.491    -447.364           0.000       0.000             139               0
  183         234.924    -335.926           0.000       0.000             183               0
  140        1824.218     -68.246           0.000       0.000             140               0
   43          45.860     962.367           0.000       0.000              43               0
  230       -1765.620     237.002           0.000       0.000             230               0
   12        -492.951    -313.781           0.000       0.000              12               0
   96         361.907    -329.791           0.000       0.000              96               0
  161        -247.279    -285.427           0.000       0.000             161               0
   92        -550.025    -637.594           0.000       0.000              92               0
  237        -234.875     346.804           0.000       0.000             237               0
   18        -567.023   -1052.056           0.000       0.000              18               0
  249          -9.836     623.246           0.000       0.000             249               0
  121       -1939.042   -1111.147           0.000       0.000             121               0
   58        -461.643    -228.532           0.000       0.000              58               0
    7         535.885    -130.485           0.000       0.000               7               0
   22         761.222   -1015.318           0.000       0.000              22               0
   69        -919.518    1183.213           0.000       0.000              69               0
  182         176.428     762.935           0.000       0.000             182               0
   77        -456.672      77.581           0.000       0.000              77               0
  238        2443.512    -406.179           0.000       0.000             238               0
   99       -1075.933    1628.379           0.000       0.000              99               0
   96         205.747     802.435           0.000       0.000              96               0
  188        -352.287      43.634           0.000       0.000             188               0
  121        1570.392   -1160.696           0.000       0.000             121               0
   58        -552.641     914.290           0.000       0.000              58               0
   13        -492.975   -1208.135           0.000       0.000              13               0
   39         774.132    1271.770           0.000       0.000              39               0
  175        -161.492     655.100           0.000       0.000             175               0
   15         519.001     -80.818           0.000       0.000              15               0
  209        -113.135     317.676           0.000       0.000             209               0
  112        -899.008     -56.863           0.000       0.000             112               0
  235         524.392     583.469           0.000       0.000             235               0
  183         154.154     -91.258           0.000       0.000             183               0
  234         134.310     677.069           0.000       0.000             234               0
   86        1421.268   -1095.887           0.000       0.000              86               0
  201        1596.490     -58.428           0.000       0.000             201               0
   90        1471.121      89.572           0.000       0.000              90               0
  176         418.026    -490.907           0.000       0.000             176               0
   24       -1238.226      24.278           0.000       0.000              24               0
   44        -550.354     252.837           0.000       0.000              44               0
  200         390.949   -1016.016           0.000       0.000             200               0
   81        1321.282     700.615           0.000       0.000              81               0
   97         202.278    -749.062           0.000       0.000              97               0
  176       -1210.346    -201.819           0.000       0.000             176               0
  137        -304.096   -1699.965           0.000       0.000             137               0
  247        -507.644     866.801           0.000       0.000             247               0
   83        -214.048    -240.657           0.000       0.000              83               0
   59       -1168.815     236.254           0.000       0.000              59               0
  183         286.527     430.166           0.000       0.000             183               0
   60       -1102.333     211.252           0.000       0.000              60               0
   38         865.529     253.307           0.000       0.000              38               0
   12         898.891    -968.937           0.000       0.000              12               0
  238         698.276    -717.926           0.000       0.000             238               0
  126        -571.260    -181.188           0.000       0.000             126               0
  114       -1482.833    -757.101           0.000       0.000             114               0
  168         458.457     -88.987           0.000       0.000             168               0
   83        -453.377    1241.633           0.000       0.000              83               0
   70       -1061.562     259.928           0.000       0.000              70               0
  170        -805.811     511.514           0.000       0.000             170               0
   95        -227.460     358.928           0.000       0.000              95               0
  136         527.096      59.491           0.000       0.000             136               0
   78        -738.818   -1528.176           0.000       0.000              78               0
  246        -270.575      15.922           0.000       0.000             246               0
  107       -1842.349   -1212.808           0.000       0.000             107               0
   51       -1117.982    -764.350           0.000       0.000              51               0
  172         175.058     506.510           0.000       0.000             172               0
    3         194.596     284.431           0.000       0.000               3               0
  234         127.869    -809.841           0.000       0.000             234               0
   88        1564.726      99.655           0.000       0.000              88               0
  243          -8.639    -276.670           0.000       0.000             243               0
  243         150.864    -526.400           0.000       0.000             243               0
  191         647.555     -20.674           0.000       0.000             191               0
   29         566.733   -1035.414           0.000       0.000              29               0
   97        -144.545    -640.211           0.000       0.000              97               0
  117       -1188.888    -566.394           0.000       0.000             117               0
   15        -227.615    -588.417           0.000       0.000              15               0
  152        -607.272    -602.172           0.000       0.000             152               0
  215        -808.119     -56.652           0.000       0.000             215               0
   19        1892.236     552.212           0.000       0.000              19               0
  171         163.892    -844.624           0.000       0.000             171               0
  116          35.973    1757.842           0.000       0.000             116               0
  171         265.561     -25.219           0.000       0.000             171               0
  188        -299.933    -612.527           0.000       0.000             188               0
  138         374.138     123.775           0.000       0.000             138               0
  121         178.952    -206.107           0.000       0.000             121               0
  145         307.920    -142.737           0.000       0.000             145               0
  237       -1156.256    -433.282           0.000       0.000             237               0
  112        -131.597      23.848           0.000       0.000             112               0
  205        -924.099      65.419           0.000       0.000             205               0
   50        1179.183    1623.978           0.000       0.000              50               0
  117        1154.873     -26.428           0.000       0.000             117               0
   73        -439.127    -201.105           0.000       0.000              73               0
  174         543.481      75.201           0.000       0.000             174               0
   89         938.959    1141.881           0.000       0.000              89               0
  237         209.973     892.844           0.000       0.000             237               0
   39       -1800.055     983.117           0.000       0.000              39               0
  157        1287.912    -726.921           0.000       0.000             157               0
  142        -527.733    -574.267           0.000       0.000             142               0
   71         673.913     121.660           0.000       0.000              71               0
  108         -53.547     -68.723           0.000       0.000             108               0
   96         863.551   -1448.135           0.000       0.000              96               0
   45         362.125     457.058           0.000       0.000              45               0
  219         263.707    -869.993           0.000       0.000             219               0
  197        1704.312    -395.803           0.000       0.000             197               0
  212       -1599.707     125.364           0.000       0.000             212               0
   64        -693.263   -1070.185           0.000       0.000              64               0
   89        1099.978     563.781           0.000       0.000              89               0
  118          94.541      -8.100           0.000       0.000             118               0
  152         408.994     261.358           0.000       0.000             152               0
   59         -90.269     248.053           0.000       0.000              59               0
  101         -21.750     467.201           0.000       0.000             101               0
  230        1485.239    -586.998           0.000       0.000             230               0
   53        -144.649    1106.445           0.000       0.000              53               0
  111        2509.573    1908.656           0.000       0.000             111               0
   43        1803.640    -602.765           0.000       0.000              43               0
  113        -109.836      46.072           0.000       0.000             113               0
   33         432.769     196.234           0.000       0.000              33               0
    6        1506.979     601.375           0.000       0.000               6               0
   46        -171.851    -409.242           0.000       0.000              46               0
  140         587.770    -278.179           0.000       0.000             140               0
  171        -265.350     787.741           0.000       0.000             171               0
   32          69.905     478.159           0.000       0.000              32               0
   97        -318.673     454.419           0.000       0.000              97               0
  202        -136.788    -259.564           0.000       0.000             202               0
  242          32.401     -76.176           0.000       0.000             242               0
