SINAL     NFT                         FFT                         NFT INVERSA     FFT INVERSA
-----     -----------------------     -----------------------     -----------     -----------
  144       32922.000       0.000           0.000       0.000             144               0
   57        1595.501    -531.731           0.000      -0.000              57               0
  192        -647.182     561.499           0.000       0.000             192               0
  239        -517.319    1121.724           0.000      -0.000             239               0
  128        1087.947   -1365.177           0.000       0.000             128               0
   23        -359.596   -1262.126           0.000      -0.000              23               0
  240         913.304   -2268.979           0.000       0.000             240               0
  254        -650.260    -496.626           0.000      -0.000             254               0
   24         296.749    -421.247           0.000       0.000              24               0
  203         352.454     970.147           0.000      -0.000             203               0
  218        -393.315   -1672.099           0.000       0.000             218               0
  136         422.686    -868.295           0.000      -0.000             136               0
  216         827.489    -199.133           0.000       0.000             216               0
  220         471.414    1681.457           0.000      -0.000             220               0
   98         -12.649     580.795           0.000       0.000              98               0
  203        -515.294     200.738           0.000      -0.000             203               0
   60         195.775     539.516           0.000       0.000              60               0
  224         533.335    -375.979           0.000      -0.000             224               0
  149         435.653    -536.925           0.000       0.000             149               0
  137         -29.187     428.058           0.000      -0.000             137               0
  148         965.434    1130.867           0.000       0.000             148               0
   22        -719.324    -461.258           0.000      -0.000              22               0
  224         707.025     893.022           0.000       0.000             224               0
   54        -572.479    -223.630           0.000      -0.000              54               0
  137        -299.447     570.934           0.000       0.000             137               0
  130        1315.377    -324.858           0.000      -0.000             130               0
    4        -583.942     908.607           0.000       0.000               4               0
  199        -118.858    -273.498           0.000      -0.000             199               0
   75        -248.264    -193.523           0.000       0.000              75               0
  105         773.349    -379.543           0.000      -0.000             105               0
  211        -632.521    1009.603           0.000       0.000             211               0
   37         179.231    -578.920           0.000      -0.000              37               0
  157        -647.743     774.469           0.000       0.000             157               0
  137        -494.626     542.481           0.000      -0.000             137               0
    2         284.169   -1541.421           0.000       0.000               2               0
  226        -360.394     106.108           0.000      -0.000             226               0
   26         854.182    1608.614           0.000       0.000              26               0
  130       -1087.447     438.887           0.000      -0.000             130               0
  126        -361.533   -1188.143           0.000       0.000             126               0
   17       -1223.849     635.763           0.000      -0.000              17               0
  127         683.056     173.828           0.000       0.000             127               0
  184        1009.509     341.615           0.000      -0.000             184               0
   25       -1631.013     297.941           0.000       0.000              25               0
   89          51.672     258.449           0.000      -0.000              89               0
  143       -1098.990      69.466           0.000       0.000             143               0
  134        1010.714   -1018.620           0.000      -0.000             134               0
  111         -15.717   -1338.271           0.000       0.000             111               0
  154        -950.342    -108.005           0.000      -0.000             154               0
  211        -593.194     716.988           0.000       0.000             211               0
   67        -423.651   -1573.585           0.000      -0.000              67               0
  205         260.358    -964.038           0.000       0.000             205               0
  198        -105.966    -260.813           0.000      -0.000             198               0
  187        -201.960     531.285           0.000       0.000             187               0
  123         230.514   -1488.752           0.000      -0.000             123               0
  202         183.024    1088.386           0.000       0.000             202               0
  114         353.406    1039.102           0.000      -0.000             114               0
  183        -612.025    -120.157           0.000       0.000             183               0
  229        -712.155     -25.828           0.000      -0.000             229               0
  210         372.072    -244.756           0.000       0.000             210               0
  104         152.579     193.988           0.000      -0.000             104               0
  124        -949.931   -1036.231           0.000       0.000             124               0
  174         439.633      89.767           0.000      -0.000             174               0
  252          49.681     987.748           0.000       0.000             252               0
  206        1314.478     -55.848           0.000      -0.000             206               0
  169       -1020.072    1245.978           0.000       0.000             169               0
   98         -22.454     430.200           0.000      -0.000              98               0
   65        -244.207     515.617           0.000       0.000              65               0
   66         779.317     859.221           0.000      -0.000              66               0
   93       -1066.932    1779.889           0.000       0.000              93               0
  223         127.436     382.852           0.000      -0.000             223               0
  230           3.645    1958.123           0.000       0.000             230               0
    6         429.231     125.300           0.000      -0.000               6               0
   73       -1186.410     391.530           0.000       0.000              73               0
  159        -815.320    1625.824           0.000      -0.000             159               0
  184         509.423     322.170           0.000       0.000             184               0
  176        -630.398     751.625           0.000      -0.000             176               0
  158         701.301    -280.174           0.000       0.000             158               0
  205        1042.055     -35.973           0.000      -0.000             205               0
  116       -1341.865     807.673           0.000       0.000             116               0
  229          84.259   -1860.070           0.000      -0.000             229               0
   45        2426.258    2279.220           0.000       0.000              45               0
  129         325.244     220.342           0.000      -0.000             129               0
   71        -316.873    -627.791           0.000       0.000              71               0
  240         625.316   -1188.951           0.000      -0.000             240               0
  212         565.930     371.449           0.000       0.000             212               0
   31         521.350      40.581           0.000      -0.000              31               0
  147          66.541     -63.242           0.000       0.000             147               0
   84        1138.288   -1206.656           0.000      -0.000              84               0
   75         377.787    -226.562           0.000       0.000              75               0
  180         631.199    -600.339           0.000      -0.000             180               0
  175       -1084.727    -509.102           0.000       0.000             175               0
  195        -586.147    -350.472           0.000      -0.000             195               0
  148        1455.565     177.215           0.000       0.000             148               0
  119        -841.724    1486.139           0.000      -0.000             119               0
  172          64.686     180.179           0.000       0.000             172               0
   87         894.485    -349.266           0.000      -0.000              87               0
   35         -28.360     -81.539           0.000       0.000              35               0
   99       -1797.324    -952.855           0.000      -0.000              99               0
   85       -1201.140     127.846           0.000       0.000              85               0
   73       -1241.007      21.943           0.000      -0.000              73               0
   10       -1600.437    1635.219           0.000       0.000              10               0
  250        1241.398     -41.940           0.000      -0.000             250               0
   90         280.533    1225.956           0.000       0.000              90               0
  117        1505.039    -237.395           0.000      -0.000             117               0
   59        1724.717     -34.398           0.000       0.000              59               0
   77          99.157    -257.950           0.000      -0.000              77               0
  121        -166.022     517.196           0.000       0.000             121               0
  147         132.068      35.861           0.000      -0.000             147               0
  157        -382.866   -1393.701           0.000       0.000             157               0
   21         134.935    1774.424           0.000      -0.000              21               0
   16        -641.005    -251.391           0.000       0.000              16               0
   33       -1015.972     708.512           0.000      -0.000              33               0
  225         127.118    -926.397           0.000       0.000             225               0
   31        -295.149    1877.320           0.000      -0.000              31               0
  193         -63.423    -720.078           0.000       0.000             193               0
  254        -882.033    -477.597           0.000      -0.000             254               0
   10        1121.020     611.014           0.000       0.000              10               0
  171         810.264    -745.401           0.000      -0.000             171               0
   50        1983.148    -253.079           0.000       0.000              50               0
   27         649.409     950.086           0.000      -0.000              27               0
   18         927.422    -626.485           0.000       0.000              18               0
   19        -970.333    1920.113           0.000      -0.000              19               0
  176       -1054.294    -506.579           0.000       0.000             176               0
   20         869.289    1044.781           0.000      -0.000              20               0
  199        -157.672     263.220           0.000       0.000             199               0
   65       -1487.915    -336.514           0.000      -0.000              65               0
  225        -714.030    -304.034           0.000       0.000             225               0
  201        -131.746    -631.986           0.000      -0.000             201               0
  102          62.000       0.006           0.000       0.000             102               0
   37        -131.893     631.920           0.000       0.000              37               0
  210        -714.121     303.815           0.000       0.000             210               0
  187       -1487.901     336.127           0.000       0.000             187               0
   30        -157.476    -263.407           0.000       0.000              30               0
  206         869.505   -1044.715           0.000       0.000             206               0
  145       -1054.359     506.302           0.000       0.000             145               0
  227        -969.829   -1920.318           0.000       0.000             227               0
  123         927.514     626.650           0.000       0.000             123               0
  255         649.707    -949.990           0.000       0.000             255               0
  146        1983.141     253.451           0.000       0.000             146               0
   94         810.063     745.481           0.000       0.000              94               0
   62        1120.974    -610.882           0.000       0.000              62               0
  123        -882.240     477.421           0.000       0.000             123               0
  246         -63.586     719.917           0.000       0.000             246               0
  234        -294.870   -1877.433           0.000       0.000             234               0
   15         126.906     926.404           0.000       0.000              15               0
   80       -1015.884    -708.755           0.000       0.000              80               0
    9        -640.983     251.209           0.000       0.000               9               0
  109         135.293   -1774.379           0.000       0.000             109               0
   48        -383.041    1393.675           0.000       0.000              48               0
   80         132.147     -35.936           0.000       0.000              80               0
  255        -165.852    -517.268           0.000       0.000             255               0
    1          99.258     257.934           0.000       0.000               1               0
  116        1724.791      34.618           0.000       0.000             116               0
   72        1504.912     237.527           0.000       0.000              72               0
  121         280.609   -1225.988           0.000       0.000             121               0
   43        1241.173      42.096           0.000       0.000              43               0
  233       -1600.383   -1635.482           0.000       0.000             233               0
   22       -1241.071     -22.062           0.000       0.000              22               0
    9       -1201.122    -127.973           0.000       0.000               9               0
  106       -1797.356     952.568           0.000       0.000             106               0
  220         -28.166      81.482           0.000       0.000             220               0
   34         894.525     349.344           0.000       0.000              34               0
  145          64.729    -180.280           0.000       0.000             145               0
  160        -841.377   -1486.289           0.000       0.000             160               0
  107        1455.645    -176.874           0.000       0.000             107               0
  109        -586.241     350.445           0.000       0.000             109               0
   73       -1084.698     508.950           0.000       0.000              73               0
  232         631.254     600.433           0.000       0.000             232               0
   46         377.857     226.612           0.000       0.000              46               0
  174        1138.132    1206.777           0.000       0.000             174               0
  119          66.547      63.127           0.000       0.000             119               0
   20         521.399     -40.587           0.000       0.000              20               0
  111         566.010    -371.380           0.000       0.000             111               0
  182         625.096    1188.997           0.000       0.000             182               0
   36        -316.964     627.553           0.000       0.000              36               0
  244         325.383    -220.514           0.000       0.000             244               0
  241        2426.592   -2278.842           0.000       0.000             241               0
   19          83.753    1860.055           0.000       0.000              19               0
   54       -1341.757    -808.047           0.000       0.000              54               0
  106        1042.077      36.062           0.000       0.000             106               0
   47         701.149     280.140           0.000       0.000              47               0
   44        -630.355    -751.892           0.000       0.000              44               0
   21         509.398    -322.240           0.000       0.000              21               0
  230        -815.144   -1626.057           0.000       0.000             230               0
   52       -1186.309    -391.763           0.000       0.000              52               0
  210         429.311    -125.351           0.000       0.000             210               0
  206           3.971   -1958.196           0.000       0.000             206               0
    0         127.468    -382.856           0.000       0.000              -0               0
   56       -1066.599   -1780.072           0.000       0.000              56               0
  218         779.506    -859.011           0.000       0.000             218               0
  184        -244.137    -515.592           0.000       0.000             184               0
   96         -22.387    -430.171           0.000       0.000              96               0
  233       -1019.783   -1246.067           0.000       0.000             233               0
    9        1314.533      56.160           0.000       0.000               9               0
  192          49.813    -987.639           0.000       0.000             192               0
  255         439.590     -89.529           0.000       0.000             255               0
   45        -950.124    1036.144           0.000       0.000              45               0
   67         152.652    -193.949           0.000       0.000              67               0
  200         372.001     244.843           0.000       0.000             200               0
  136        -712.186      25.709           0.000       0.000             136               0
   90        -611.981     120.022           0.000       0.000              90               0
   33         353.646   -1039.040           0.000       0.000              33               0
   95         183.225   -1088.196           0.000       0.000              95               0
    8         230.256    1488.898           0.000       0.000               8               0
  197        -201.883    -531.279           0.000       0.000             197               0
  115        -106.000     260.913           0.000       0.000             115               0
  206         260.174     964.164           0.000       0.000             206               0
   49        -423.956    1573.454           0.000       0.000              49               0
   72        -593.080    -717.151           0.000       0.000              72               0
   29        -950.292     107.906           0.000       0.000              29               0
  140         -15.825    1338.273           0.000       0.000             140               0
  239        1010.541    1018.665           0.000       0.000             239               0
  252       -1098.998     -69.799           0.000       0.000             252               0
  216          51.737    -258.544           0.000       0.000             216               0
  222       -1630.856    -298.287           0.000       0.000             222               0
  151        1009.705    -341.492           0.000       0.000             151               0
  152         683.049    -173.750           0.000       0.000             152               0
  225       -1223.756    -635.949           0.000       0.000             225               0
  204        -361.664    1188.041           0.000       0.000             204               0
  187       -1087.236    -439.210           0.000       0.000             187               0
  102         854.573   -1608.472           0.000       0.000             102               0
  132        -360.315    -106.050           0.000       0.000             132               0
  123         283.968    1541.446           0.000       0.000             123               0
  152        -494.491    -542.676           0.000       0.000             152               0
  119        -647.501    -774.579           0.000       0.000             119               0
   42         179.249     578.929           0.000       0.000              42               0
  220        -632.214   -1009.719           0.000       0.000             220               0
  137         773.407     379.706           0.000       0.000             137               0
  205        -248.223     193.458           0.000       0.000             205               0
   88        -118.800     273.406           0.000       0.000              88               0
  208        -583.618    -908.738           0.000       0.000             208               0
  164        1315.444     325.066           0.000       0.000             164               0
  216        -299.307    -571.008           0.000       0.000             216               0
   92        -572.375     223.505           0.000       0.000              92               0
  186         707.304    -892.911           0.000       0.000             186               0
   61        -719.252     461.122           0.000       0.000              61               0
  249         965.785   -1130.718           0.000       0.000             249               0
  154         -28.997    -427.975           0.000       0.000             154               0
   14         435.703     537.051           0.000       0.000              14               0
  164         533.376     376.032           0.000       0.000             164               0
   71         195.943    -539.519           0.000       0.000              71               0
  226        -515.129    -200.835           0.000       0.000             226               0
   25         -12.350    -580.812           0.000       0.000              25               0
  117         471.902   -1681.260           0.000       0.000             117               0
   92         827.613     199.488           0.000       0.000              92               0
   67         422.653     868.517           0.000       0.000              67               0
    5        -393.428    1672.024           0.000       0.000               5               0
  211         352.833    -970.092           0.000       0.000             211               0
   89         296.876     421.408           0.000       0.000              89               0
    4        -650.057     496.642           0.000       0.000               4               0
   17         913.251    2269.157           0.000       0.000              17               0
  184        -359.435    1261.943           0.000       0.000             184               0
  167        1088.152    1365.128           0.000       0.000             167               0
  189        -516.583   -1122.012           0.000       0.000             189               0
  135        -646.107    -561.649           0.000       0.000             135               0
  212        1597.228     531.948           0.000       0.000             212               0
