SINAL     NFT                         FFT                         NFT INVERSA     FFT INVERSA
-----     -----------------------     -----------------------     -----------     -----------
  166       33616.000       0.000           0.000       0.000             166               1
  254         922.806     436.302         -15.616      22.518             254               0
  202        -102.166    -467.932           0.000       0.000             202              -0
  121        -829.779    -150.062         -66.546      24.736             121               0
  167         822.405    -140.017           0.000       0.000             167               0
  124          58.642     879.899          64.655      34.503             124              -0
  208         248.851    1019.588           0.000       0.000             208              -0
   91        1130.465     159.277         -15.463      19.321              91               0
  157         280.154   -1355.788           0.000       0.000             157               0
  108        1991.743    -393.641          -1.976       2.325             108               0
    3        1607.226    -115.712           0.000       0.000               3              -0
  112        -554.201    -391.941         -18.776       4.949             112               0
  231         215.629    1410.555           0.000       0.000             231               0
  239          47.506      50.428          23.532      15.701             239              -0
   22        -611.013    1253.619           0.000       0.000              22              -0
   53        -147.973   -1230.273          -5.106       9.841              53               0
    7        -940.139   -1694.148           0.000       0.000               7               0
  205        -619.531    -934.224          -1.168       1.128             205               0
   52         206.749    2278.375           0.000       0.000              52              -0
   62        2703.229    -407.508         -11.166       1.797              62               0
   18        -975.391    -116.584           0.000       0.000              18               0
  193         -26.740    -724.387          13.638      11.177             193              -0
  169        1221.145    -114.390           0.000       0.000             169              -0
  195          87.627   -1422.944          -5.833       4.908             195               0
   42          99.515    -234.319           0.000       0.000              42               0
  142         622.738    1437.419          -0.873       0.691             142               0
  198        1132.145    -780.174           0.000       0.000             198              -0
  130        -772.078    -144.761          -8.018       0.493             130               0
  248        -804.732    -491.843           0.000       0.000             248               0
   92        -601.503     493.559           9.126       9.114              92              -0
  173        -688.149    -879.243           0.000       0.000             173              -0
   44         541.292     157.815          -2.722       4.670              44               0
  237        -176.148    -317.569           0.000       0.000             237               0
  147        -378.702    -986.964          -0.718       0.462             147               0
  166         752.174     -59.045           0.000       0.000             166              -0
  197         604.733    1330.059          -6.271      -0.231             197               0
  110         -78.185     721.062           0.000       0.000             110               0
  233         183.638   -1213.504           6.505       7.916             233              -0
  160        1079.315     781.955           0.000       0.000             160              -0
  233         880.815      80.343          -4.039       2.223             233               0
  202         174.950     172.502           0.000       0.000             202               0
  191        -363.754   -1279.082          -0.621       0.318             191               0
  181        1133.470     854.488           0.000       0.000             181              -0
   58        -527.859     975.130          -5.142      -0.698              58               0
   13         494.463   -1997.302           0.000       0.000              13               0
  161         649.396     604.766           4.764       7.120             161              -0
   30        1256.009    -947.631           0.000       0.000              30              -0
   13        1641.928    -356.171          -2.847       2.396              13               0
   96         828.649    -234.063           0.000       0.000              96               0
  195        -860.246     955.019          -0.553       0.218             195               0
  224       -1257.766    -994.768           0.000       0.000             224              -0
   22       -1977.509     -87.744          -4.340      -1.031              22               0
  251         226.923    -732.704           0.000       0.000             251               0
  113        -875.655      -5.461           3.503       6.543             113              -0
  153        -818.054     249.484           0.000       0.000             153              -0
  246        -991.504      39.434          -3.239       1.026             246               0
   20         746.943     835.886           0.000       0.000              20               0
  176        1439.189     -29.985          -0.502       0.143             176               0
  234         772.350     -20.221           0.000       0.000             234              -0
   93           3.783     640.432          -3.730      -1.283              93               0
  158         288.754    -351.999           0.000       0.000             158               0
   32        1552.865      62.739           2.531       6.099              32              -0
   31         746.216    1304.790           0.000       0.000              31              -0
    9         -63.817   -1439.033          -2.147       1.899               9               0
  180         124.006    -863.979           0.000       0.000             180               0
   22         781.574     631.426          -0.462       0.084              22               0
  180        -903.728    -241.068           0.000       0.000             180              -0
  163        -356.866     993.540          -3.243      -1.485             163               0
  171         601.452     758.668           0.000       0.000             171               0
  222       -1155.641    -142.585           1.745       5.739             222              -0
  119       -1912.891    -707.659           0.000       0.000             119              -0
  232         643.626     285.031          -2.758       0.306             232               0
  212        -523.879    -423.284           0.000       0.000             212               0
   62          75.753     716.420          -0.429       0.035              62               0
    6       -1292.965     434.834           0.000       0.000               6              -0
   55       -1017.599   -1667.181          -2.837      -1.653              55               0
   11           3.384    -648.713           0.000       0.000              11               0
  106        -501.949     246.213           1.085       5.438             106              -0
  190         242.946    -239.470           0.000       0.000             190              -0
  248        1199.959    1928.468          -2.346       0.743             248               0
  117          37.106    -860.640           0.000       0.000             117               0
  240        -700.066     581.805          -0.401      -0.007             240               0
  197         189.577    -129.196           0.000       0.000             197              -0
  209       -1111.751     735.523          -2.488      -1.798             209               0
  175         -84.695    -192.697           0.000       0.000             175               0
    1           5.990    -367.308           0.513       5.176               1              -0
  171         228.223   -1642.479           0.000       0.000             171              -0
   43        -231.849     928.068          -2.415      -0.208              43               0
   72         716.884     638.204           0.000       0.000              72               0
    4        1181.738    -114.908          -0.376      -0.044               4               0
  208          29.494    -300.693           0.000       0.000             208              -0
   15        -589.225     138.662          -2.178      -1.926              15               0
   40        -358.461     125.760           0.000       0.000              40               0
   27        1463.172    -121.980           0.003       4.943              27              -0
  248       -1266.200     -42.887           0.000       0.000             248              -0
   12       -1044.837    -123.166          -2.112       0.557              12               0
   50         132.197    -669.535           0.000       0.000              50               0
  151         102.764    1378.078          -0.354      -0.077             151              -0
   71         693.742      69.374           0.000       0.000              71              -0
  190       -1915.597    -459.306          -1.897      -2.043             190               0
  107        -206.034     490.210           0.000       0.000             107               0
   76       -1657.478     551.224          -0.463       4.730              76              -0
  155        -136.595    -679.538           0.000       0.000             155              -0
   81         570.754     553.412          -2.139      -0.620              81               0
  170        -194.105   -2048.280           0.000       0.000             170               0
   89        -225.226   -1454.117          -0.333      -0.107              89              -0
  177        -620.772     523.651           0.000       0.000             177              -0
  147        -176.855    1480.281          -1.636      -2.151             147               0
  206        -882.863    -201.239           0.000       0.000             206               0
   83         358.752    -884.346          -0.898       4.531              83              -0
  215        -492.124     190.176           0.000       0.000             215              -0
   44        1170.845    1453.559          -2.067      -0.178              44               0
  118       -1497.608    -852.822           0.000       0.000             118               0
  233         -22.248    -756.266          -0.314      -0.136             233              -0
   36        -119.878   -1108.432           0.000       0.000              36              -0
   83       -1814.774     860.556          -1.388      -2.253              83               0
    2         219.723     913.660           0.000       0.000               2               0
   29         -11.451      19.847          -1.314       4.341              29              -0
  143         335.200     740.922           0.000       0.000             143              -0
  184        1458.280    1489.937          -1.896      -0.984             184               0
  147         299.652    -646.536           0.000       0.000             147               0
   79         274.542   -1137.379          -0.295      -0.164              79              -0
  244        -256.700     830.999           0.000       0.000             244              -0
  222         379.137   -1589.266          -1.148      -2.353             222               0
  148         501.659    -287.637           0.000       0.000             148               0
  110        -451.427    -306.648          -1.718       4.156             110              -0
  187         460.071   -1464.742           0.000       0.000             187              -0
   41        -298.324     791.871           0.000       0.000              41               0
  137        1272.000       0.110           0.000       0.000             137               0
  218        -298.235    -791.822          -0.276      -0.192             218              -0
   26         459.802    1464.896           0.000       0.000              26              -0
   72        -451.482     306.551          -0.911      -2.451              72               0
   77         501.632     287.737           0.000       0.000              77               0
   96         378.839    1589.246          -2.120       3.972              96              -0
  189        -256.571    -831.125           0.000       0.000             189              -0
  105         274.374    1137.373          -1.664      -1.332             105               0
  158         299.573     646.386           0.000       0.000             158               0
   47        1458.476   -1489.840          -0.258      -0.219              47              -0
  251         335.179    -740.873           0.000       0.000             251              -0
  170         -11.580     -19.869          -0.672      -2.550             170               0
  234         219.704    -913.628           0.000       0.000             234               0
  248       -1814.715    -860.742          -2.526       3.786             248              -0
   48        -120.044    1108.510           0.000       0.000              48              -0
   45         -22.424     756.239          -1.832      -0.951              45               0
  130       -1497.710     852.442           0.000       0.000             130               0
   43        1171.123   -1453.435          -0.239      -0.247              43              -0
  214        -492.139    -190.192           0.000       0.000             214              -0
  157         358.550     884.404          -0.427      -2.652             157               0
  237        -882.946     200.986           0.000       0.000             237               0
  110        -176.616   -1480.322          -2.946       3.594             110              -0
  100        -620.683    -523.594           0.000       0.000             100              -0
  199        -225.442    1454.205          -1.423      -1.692             199               0
  180        -194.418    2048.150           0.000       0.000             180               0
   71         570.818    -553.454          -0.219      -0.277              71              -0
   83        -136.825     679.414           0.000       0.000              83              -0
   83       -1657.418    -551.614          -0.169      -2.758              83               0
    8        -205.933    -490.270           0.000       0.000               8               0
   97       -1915.570     458.946          -3.388       3.392              97              -0
  131         693.899     -69.361           0.000       0.000             131              -0
  242         103.030   -1378.058          -1.868      -1.089             242               0
    7         132.070     669.603           0.000       0.000               7               0
  183       -1044.850     122.961          -0.198      -0.308             183              -0
   26       -1266.041      42.644           0.000       0.000              26              -0
  122        1463.267     122.185           0.106      -2.872             122               0
  158        -358.438    -125.859           0.000       0.000             158               0
  230        -589.114    -138.775          -3.863       3.175             230              -0
   47          29.590     300.671           0.000       0.000              47              -0
   33        1181.798     115.035          -1.153      -2.096              33               0
  159         716.956    -638.131           0.000       0.000             159               0
  174        -231.724    -928.019          -0.175      -0.342             174              -0
   22         227.939    1642.559           0.000       0.000              22              -0
  174           5.897     367.213           0.407      -2.997             174               0
  127         -84.777     192.569           0.000       0.000             127               0
  161       -1111.609    -735.776          -4.387       2.936             161              -0
  139         189.607     129.191           0.000       0.000             139              -0
  144        -699.910    -581.941          -1.559      -1.852             144               0
  251          37.081     860.567           0.000       0.000             251               0
  145        1200.309   -1928.296          -0.150      -0.379             145              -0
   10         242.827     239.595           0.000       0.000              10              -0
   87        -501.961    -246.231           0.745      -3.137              87               0
   74           3.222     648.788           0.000       0.000              74               0
  254       -1017.922    1666.935          -4.978       2.665             254              -0
  224       -1292.820    -435.197           0.000       0.000             224              -0
   26          75.964    -716.435          -0.821      -2.592              26               0
  198        -523.880     423.184           0.000       0.000             198               0
   44         643.664    -284.944          -0.120      -0.423              44              -0
   27       -1912.998     707.298           0.000       0.000              27              -0
   88       -1155.468     142.272           1.135      -3.298              88               0
  232         601.744    -758.660           0.000       0.000             232               0
  194        -356.608    -993.584          -5.665       2.351             194              -0
   70        -903.586     240.949           0.000       0.000              70              -0
   96         781.865    -631.242          -1.853      -2.095              96               0
   65         123.982     864.062           0.000       0.000              65               0
  226         -63.894    1438.906          -0.086      -0.474             226              -0
   38         746.611   -1304.775           0.000       0.000              38              -0
  211        1552.941     -62.470           1.599      -3.491             211               0
  238         288.693     352.001           0.000       0.000             238               0
  202           3.951    -640.470          -6.491       1.974             202              -0
  241         772.426      20.345           0.000       0.000             241              -0
   53        1439.160      30.183          -0.363      -3.278              53               0
  203         746.930    -835.766           0.000       0.000             203               0
  132        -991.621     -39.560          -0.043      -0.536             132              -0
  255        -818.031    -249.579           0.000       0.000             255              -0
  226        -875.606       5.384           2.173      -3.729             226               0
   43         226.806     732.771           0.000       0.000              43               0
   89       -1977.481      87.415          -7.523       1.502              89              -0
  196       -1257.722     994.500           0.000       0.000             196              -0
  155        -859.771    -955.202          -1.083      -3.420             155               0
   65         828.936     234.249           0.000       0.000              65               0
  161        1642.064     356.473           0.011      -0.617             161              -0
  156        1255.920     947.799           0.000       0.000             156              -0
  126         649.522    -604.664           2.918      -4.037             126               0
  229         494.137    1997.304           0.000       0.000             229               0
  198        -527.620    -975.373          -8.881       0.881             198              -0
  161        1133.685    -854.271           0.000       0.000             161              -0
   25        -363.920    1279.012           0.378      -4.387              25               0
  102         175.106    -172.569           0.000       0.000             102               0
  211         880.935     -80.265           0.084      -0.725             211              -0
   57        1079.466    -781.771           0.000       0.000              57              -0
   37         183.423    1213.490           3.946      -4.463              37               0
   17         -78.021    -721.194           0.000       0.000              17               0
   40         605.009   -1329.927         -10.792       0.007              40              -0
   46         752.144      59.289           0.000       0.000              46              -0
  148        -378.887     986.937          -1.298      -4.926             148               0
  255        -176.156     317.500           0.000       0.000             255               0
  116         541.324    -157.730           0.192      -0.885             116              -0
  121        -688.302     879.092           0.000       0.000             121              -0
  232        -601.358    -493.698           5.495      -5.104             232               0
  151        -804.691     491.703           0.000       0.000             151               0
  213        -771.870     144.602         -13.749      -1.345             213               0
  207        1132.226     780.269           0.000       0.000             207              -0
    9         623.080   -1437.343           1.958      -6.752               9               0
  198          99.576     234.438           0.000       0.000             198               0
  214          87.538    1422.953           0.370      -1.149             214              -0
  237        1221.220     114.525           0.000       0.000             237              -0
  110         -26.823     724.308           8.160      -6.208             110               0
  130        -975.208     116.316           0.000       0.000             130               0
   31        2703.285     407.809         -19.078      -3.782              31               0
   21         207.062   -2278.338           0.000       0.000              21              -0
  150        -619.685     934.262           0.841      -9.762             150               0
  113        -940.305    1693.959           0.000       0.000             113               0
    1        -148.008    1230.032           0.732      -1.685               1              -0
  129        -610.595   -1253.900           0.000       0.000             129              -0
  151          47.770     -50.513          14.004      -8.629             151               0
  220         216.112   -1410.534           0.000       0.000             220               0
   82        -553.928     391.895         -31.960      -9.672              82               0
   73        1607.573     115.982           0.000       0.000              73              -0
  190        1991.877     393.975           8.871     -17.098             190               0
  167         280.105    1355.727           0.000       0.000             167               0
   95        1130.703    -159.282           1.907      -3.424              95              -0
  211         249.241   -1019.659           0.000       0.000             211              -0
  131          59.116    -879.885          38.296     -18.691             131               0
  172         822.761     140.184           0.000       0.000             172               0
   53        -829.251     149.917        -112.830     -46.647              53               0
  151        -101.282     467.859           0.000       0.000             151              -0
  209         924.695    -436.202           0.000       0.000             209               0
