SINAL     NFT                         FFT                         NFT INVERSA     FFT INVERSA
-----     -----------------------     -----------------------     -----------     -----------
  173       32141.000       0.000           0.000       0.000             173               0
   29        -932.278    -192.942           0.000      -0.000              29               0
   57        -730.515   -1662.245           0.000       0.000              57               0
  100         755.691    -701.281           0.000      -0.000             100               0
  110        -711.155     579.050           0.000       0.000             110               0
  238        1550.110   -1464.636           0.000      -0.000             238               0
  166          99.592      81.058           0.000       0.000             166               0
  211        1950.030    -501.145           0.000      -0.000             211               0
  187        -291.084     998.876           0.000       0.000             187               0
    7        -343.480   -1277.462           0.000      -0.000               7               0
  227        -254.642    -325.733           0.000       0.000             227               0
    2        -654.911     127.855           0.000      -0.000               2               0
  248        -530.680    -120.023           0.000       0.000             248               0
   84       -1138.431     518.149           0.000      -0.000              84               0
  177         111.500     830.202           0.000       0.000             177               0
  249        1178.201      50.090           0.000      -0.000             249               0
   86        -163.618    1033.164           0.000       0.000              86               0
  138         -50.130     342.600           0.000      -0.000             138               0
  159        -175.772    -452.709           0.000       0.000             159               0
   12         423.746    -433.181           0.000      -0.000              12               0
  233        -585.685     429.450           0.000       0.000             233               0
   38       -1309.041    -824.940           0.000      -0.000              38               0
   76       -1702.432    -532.471           0.000       0.000              76               0
    4        -755.955    -537.631           0.000      -0.000               4               0
   10         318.369     156.597           0.000       0.000              10               0
   49         967.370    1680.704           0.000      -0.000              49               0
  147        -843.235   -1566.943           0.000       0.000             147               0
  139        -122.532     555.092           0.000      -0.000             139               0
  179        -559.177     642.111           0.000       0.000             179               0
  250        1383.611     872.517           0.000      -0.000             250               0
   59         765.315   -1016.737           0.000       0.000              59               0
  235          86.893    1086.105           0.000      -0.000             235               0
   77        -310.329    1290.654           0.000       0.000              77               0
  149       -1430.712     -88.546           0.000      -0.000             149               0
  149        -522.311     572.829           0.000       0.000             149               0
  221         -21.039    1923.130           0.000      -0.000             221               0
  152         971.927     186.742           0.000       0.000             152               0
  205        1424.354    -271.596           0.000      -0.000             205               0
   14         795.933    -338.418           0.000       0.000              14               0
   11        -755.323    -276.960           0.000      -0.000              11               0
  177         356.488     -51.761           0.000       0.000             177               0
  188        -283.156     -86.618           0.000      -0.000             188               0
  222         -40.648    1240.359           0.000       0.000             222               0
  238          85.132   -1182.921           0.000      -0.000             238               0
   72         452.173   -1555.016           0.000       0.000              72               0
   11        1795.531     341.315           0.000      -0.000              11               0
   67         843.916    -336.583           0.000       0.000              67               0
  204        -608.801    1656.820           0.000      -0.000             204               0
   80        1226.270     833.672           0.000       0.000              80               0
   91        -153.542    1854.522           0.000      -0.000              91               0
  157         216.996   -1009.642           0.000       0.000             157               0
  255         936.561   -1406.369           0.000      -0.000             255               0
  190        -773.661     752.416           0.000       0.000             190               0
   74         260.708     360.582           0.000      -0.000              74               0
  198         144.590      98.516           0.000       0.000             198               0
  116        -251.962      78.415           0.000      -0.000             116               0
  137         497.127    -637.650           0.000       0.000             137               0
   40         349.739     -97.114           0.000      -0.000              40               0
  208         -37.304     500.968           0.000       0.000             208               0
    1         327.362    -896.367           0.000      -0.000               1               0
  198        1084.940    1916.900           0.000       0.000             198               0
   36         -59.547    1172.996           0.000      -0.000              36               0
  255          12.260     165.977           0.000       0.000             255               0
  254        -933.196    -576.984           0.000      -0.000             254               0
   30       -1043.046    1567.947           0.000       0.000              30               0
  141        1840.670     419.223           0.000      -0.000             141               0
    3        -474.676    -828.939           0.000       0.000               3               0
  217        -364.877    -126.729           0.000      -0.000             217               0
   99        -817.722     930.171           0.000       0.000              99               0
   35         178.741     326.712           0.000      -0.000              35               0
  241        -321.976   -1217.044           0.000       0.000             241               0
  203        1377.628    1221.798           0.000      -0.000             203               0
  227         359.936   -1587.482           0.000       0.000             227               0
   71        -327.788     367.030           0.000      -0.000              71               0
   86         223.627     483.070           0.000       0.000              86               0
  130          96.771    -238.568           0.000      -0.000             130               0
    2         937.100     316.745           0.000       0.000               2               0
  100          79.074     126.401           0.000      -0.000             100               0
   94         -33.412     377.874           0.000       0.000              94               0
  249       -1659.374      95.881           0.000      -0.000             249               0
   48        -432.995      60.921           0.000       0.000              48               0
   50         195.424    -823.062           0.000      -0.000              50               0
  127         539.842      61.384           0.000       0.000             127               0
  138         335.298     479.996           0.000      -0.000             138               0
   56         145.643    -612.057           0.000       0.000              56               0
   36         133.659     624.451           0.000      -0.000              36               0
  247        -908.970     190.798           0.000       0.000             247               0
  121         794.842    -290.113           0.000      -0.000             121               0
  101         123.755    1187.092           0.000       0.000             101               0
  157         951.617     589.118           0.000      -0.000             157               0
  194        -671.310    -839.404           0.000       0.000             194               0
  142        2149.281   -1275.288           0.000      -0.000             142               0
  112        -771.276     588.043           0.000       0.000             112               0
   67       -1109.898     506.825           0.000      -0.000              67               0
   85        -949.306     216.354           0.000       0.000              85               0
   89       -1509.173      11.363           0.000      -0.000              89               0
  201         702.413    -999.263           0.000       0.000             201               0
  139           0.622    1477.922           0.000      -0.000             139               0
   28         752.153    1641.405           0.000       0.000              28               0
   75         454.730    -589.985           0.000      -0.000              75               0
   38         963.543     219.556           0.000       0.000              38               0
  227        1006.564    1300.401           0.000      -0.000             227               0
  218        1116.812    1082.183           0.000       0.000             218               0
  110         860.122     763.013           0.000      -0.000             110               0
  206         494.082   -1150.050           0.000       0.000             206               0
   20        -486.508      67.603           0.000      -0.000              20               0
  144        2313.487     362.105           0.000       0.000             144               0
  250         331.368    -768.452           0.000      -0.000             250               0
  116        -501.638    -864.006           0.000       0.000             116               0
  124        -115.414    -348.900           0.000      -0.000             124               0
  122        1584.338     265.447           0.000       0.000             122               0
  234        -728.613    -588.366           0.000      -0.000             234               0
  157       -1885.687    -595.598           0.000       0.000             157               0
  154        -699.438    2073.660           0.000      -0.000             154               0
  192        -153.288    -441.428           0.000       0.000             192               0
  237         498.321    -104.900           0.000      -0.000             237               0
    4         474.825    -708.433           0.000       0.000               4               0
    1        -104.396     796.568           0.000      -0.000               1               0
  240       -1156.795     592.191           0.000       0.000             240               0
  119        -665.797    -174.860           0.000      -0.000             119               0
   99        -370.600    -720.426           0.000       0.000              99               0
  191       -1899.460     179.212           0.000      -0.000             191               0
  214        -111.364    1195.545           0.000       0.000             214               0
  176         517.443    1537.561           0.000      -0.000             176               0
  135         316.545     916.088           0.000       0.000             135               0
   18        -346.455      51.915           0.000      -0.000              18               0
  128         207.237    -184.822           0.000       0.000             128               0
   19         174.993     265.621           0.000      -0.000              19               0
   85         249.000      -0.053           0.000       0.000              85               0
   90         175.021    -265.718           0.000       0.000              90               0
  121         207.167     184.722           0.000       0.000             121               0
   83        -346.466     -52.161           0.000       0.000              83               0
   45         316.690    -916.217           0.000       0.000              45               0
  125         517.617   -1537.556           0.000       0.000             125               0
   17        -111.321   -1195.522           0.000       0.000              17               0
  136       -1899.484    -179.445           0.000       0.000             136               0
   66        -370.678     720.368           0.000       0.000              66               0
    0        -665.806     174.662           0.000       0.000              -0               0
  120       -1156.602    -592.457           0.000       0.000             120               0
   71        -104.117    -796.563           0.000       0.000              71               0
  180         474.796     708.525           0.000       0.000             180               0
  182         498.306     104.923           0.000       0.000             182               0
   73        -153.407     441.275           0.000       0.000              73               0
   34        -699.127   -2073.793           0.000       0.000              34               0
  191       -1885.688     595.374           0.000       0.000             191               0
  105        -728.447     588.221           0.000       0.000             105               0
   85        1584.546    -265.206           0.000       0.000              85               0
  193        -115.423     348.891           0.000       0.000             193               0
   65        -501.642     863.879           0.000       0.000              65               0
  202         331.456     768.372           0.000       0.000             202               0
  244        2313.612    -361.851           0.000       0.000             244               0
  249        -486.496     -67.753           0.000       0.000             249               0
  178         493.992    1149.970           0.000       0.000             178               0
  191         860.332    -763.095           0.000       0.000             191               0
  130        1117.026   -1082.132           0.000       0.000             130               0
  147        1006.764   -1300.262           0.000       0.000             147               0
  135         963.516    -219.377           0.000       0.000             135               0
  149         454.553     589.962           0.000       0.000             149               0
  223         752.325   -1641.375           0.000       0.000             223               0
   84           0.758   -1477.823           0.000       0.000              84               0
  189         702.081     999.457           0.000       0.000             189               0
  228       -1509.309     -11.657           0.000       0.000             228               0
  162        -949.275    -216.550           0.000       0.000             162               0
   79       -1109.736    -507.018           0.000       0.000              79               0
   55        -770.974    -588.095           0.000       0.000              55               0
  173        2149.152    1275.682           0.000       0.000             173               0
  216        -671.451     839.163           0.000       0.000             216               0
   49         951.752    -589.107           0.000       0.000              49               0
   60         123.942   -1187.094           0.000       0.000              60               0
  164         794.737     290.256           0.000       0.000             164               0
  110        -908.970    -190.991           0.000       0.000             110               0
  225         133.807    -624.416           0.000       0.000             225               0
  204         145.568     612.075           0.000       0.000             204               0
   59         335.393    -479.970           0.000       0.000              59               0
  241         539.822     -61.268           0.000       0.000             241               0
  201         195.205     823.062           0.000       0.000             201               0
  121        -433.075     -61.081           0.000       0.000             121               0
  166       -1659.319     -96.232           0.000       0.000             166               0
    4         -33.212    -377.930           0.000       0.000               4               0
  182          79.213    -126.422           0.000       0.000             182               0
  196         937.208    -316.607           0.000       0.000             196               0
  255          96.734     238.551           0.000       0.000             255               0
  128         223.715    -483.065           0.000       0.000             128               0
  211        -327.685    -367.036           0.000       0.000             211               0
   62         359.753    1587.486           0.000       0.000              62               0
   21        1377.808   -1221.635           0.000       0.000              21               0
  154        -322.255    1216.942           0.000       0.000             154               0
  208         178.746    -326.825           0.000       0.000             208               0
  200        -817.586    -930.355           0.000       0.000             200               0
  147        -364.846     126.673           0.000       0.000             147               0
  125        -474.696     828.763           0.000       0.000             125               0
  120        1840.740    -419.082           0.000       0.000             120               0
  208       -1042.863   -1568.159           0.000       0.000             208               0
   97        -933.217     576.816           0.000       0.000              97               0
   11          12.410    -166.097           0.000       0.000              11               0
  111         -59.219   -1173.100           0.000       0.000             111               0
    6        1085.342   -1916.635           0.000       0.000               6               0
   80         327.218     896.514           0.000       0.000              80               0
   80         -37.188    -500.960           0.000       0.000              80               0
    9         349.769      97.222           0.000       0.000               9               0
  213         497.025     637.719           0.000       0.000             213               0
   93        -251.937     -78.515           0.000       0.000              93               0
   79         144.651     -98.540           0.000       0.000              79               0
  241         260.785    -360.573           0.000       0.000             241               0
   26        -773.453    -752.491           0.000       0.000              26               0
  242         936.422    1406.538           0.000       0.000             242               0
  213         216.857    1009.475           0.000       0.000             213               0
   23        -153.146   -1854.711           0.000       0.000              23               0
   77        1226.452    -833.492           0.000       0.000              77               0
   64        -608.472   -1656.839           0.000       0.000              64               0
  105         843.987     336.850           0.000       0.000             105               0
   81        1795.586    -340.898           0.000       0.000              81               0
  247         451.817    1555.150           0.000       0.000             247               0
  138          84.867    1182.797           0.000       0.000             138               0
  154         -40.479   -1240.466           0.000       0.000             154               0
   47        -283.163      86.573           0.000       0.000              47               0
  255         356.487      51.801           0.000       0.000             255               0
  140        -755.305     276.797           0.000       0.000             140               0
   84         795.993     338.474           0.000       0.000              84               0
   32        1424.315     271.704           0.000       0.000              32               0
   62         971.845    -186.764           0.000       0.000              62               0
  166         -20.862   -1923.218           0.000       0.000             166               0
  250        -522.325    -572.882           0.000       0.000             250               0
  157       -1430.717      88.273           0.000       0.000             157               0
   23        -310.002   -1290.733           0.000       0.000              23               0
  159          87.192   -1085.985           0.000       0.000             159               0
   24         765.228    1016.904           0.000       0.000              24               0
   91        1383.703    -872.317           0.000       0.000              91               0
  169        -559.158    -642.154           0.000       0.000             169               0
   92        -122.465    -554.994           0.000       0.000              92               0
   80        -843.452    1566.798           0.000       0.000              80               0
    8         967.683   -1680.563           0.000       0.000               8               0
   25         318.298    -156.415           0.000       0.000              25               0
   75        -756.155     537.594           0.000       0.000              75               0
   81       -1702.521     532.221           0.000       0.000              81               0
  149       -1309.041     824.680           0.000       0.000             149               0
   30        -585.409    -429.586           0.000       0.000              30               0
   38         423.835     433.242           0.000       0.000              38               0
  226        -175.729     452.599           0.000       0.000             226               0
  173         -49.938    -342.715           0.000       0.000             173               0
   40        -163.278   -1033.218           0.000       0.000              40               0
   36        1178.313     -49.889           0.000       0.000              36               0
   21         111.636    -830.170           0.000       0.000              21               0
   61       -1138.275    -518.258           0.000       0.000              61               0
   73        -530.538     120.015           0.000       0.000              73               0
   95        -654.683    -127.889           0.000       0.000              95               0
  161        -254.449     325.778           0.000       0.000             161               0
  119        -343.410    1277.381           0.000       0.000             119               0
   97        -290.535    -998.939           0.000       0.000              97               0
  121        1950.266     501.529           0.000       0.000             121               0
  132          99.875     -80.982           0.000       0.000             132               0
  219        1550.129    1464.886           0.000       0.000             219               0
   53        -710.729    -579.194           0.000       0.000              53               0
  138         756.060     701.457           0.000       0.000             138               0
   64        -730.053    1662.042           0.000       0.000              64               0
  203        -930.611     192.615           0.000       0.000             203               0
