SINAL     NFT                         FFT                         NFT INVERSA     FFT INVERSA
-----     -----------------------     -----------------------     -----------     -----------
   29       34179.000       0.000           0.000       0.000              29               1
  201        -492.035    1528.912         -15.616      22.518             201               0
  226         457.268   -1189.369           0.000       0.000             226              -0
   77         335.385     282.896         -66.546      24.736              77               0
  225         488.560     510.889           0.000       0.000             225               0
   52        -503.286     393.113          64.655      34.503              52              -0
   20           0.526     773.852           0.000       0.000              20              -0
   33        1427.474     186.771         -15.463      19.321              33               0
  245         436.826     497.394           0.000       0.000             245               0
  207         782.849    -975.342          -1.976       2.325             207               0
   67        -200.862    -113.854           0.000       0.000              67              -0
  235        -280.196    1584.624         -18.776       4.949             235               0
  129       -1075.530     455.836           0.000       0.000             129               0
  151       -2394.481    1344.103          23.532      15.701             151              -0
   79         140.313     422.931           0.000       0.000              79              -0
  143         -53.326    -291.969          -5.106       9.841             143               0
  121        -514.281     192.886           0.000       0.000             121               0
   73        -175.437     272.569          -1.168       1.128              73               0
   86         -54.886   -1411.866           0.000       0.000              86              -0
   75         559.579    -105.028         -11.166       1.797              75               0
  126       -1277.475     746.247           0.000       0.000             126               0
   87        1021.973    2146.234          13.638      11.177              87              -0
  153         175.500    -457.535           0.000       0.000             153              -0
  178        -311.786    -188.563          -5.833       4.908             178               0
   47        -919.963    -242.425           0.000       0.000              47               0
    6        -195.321    -375.345          -0.873       0.691               6               0
  179        1172.103    -447.035           0.000       0.000             179              -0
  103        -587.375   -1081.587          -8.018       0.493             103               0
   89       -1054.860    -491.541           0.000       0.000              89               0
  152        -172.133   -1471.837           9.126       9.114             152              -0
  190        -321.374    -266.792           0.000       0.000             190              -0
  184        -211.497    -318.877          -2.722       4.670             184               0
  208        -245.321    -751.256           0.000       0.000             208               0
  186         471.521    -606.636          -0.718       0.462             186               0
  169        -160.847   -2107.135           0.000       0.000             169              -0
  241         312.349     734.769          -6.271      -0.231             241               0
  172         456.209   -1706.363           0.000       0.000             172               0
  103         385.355     914.455           6.505       7.916             103              -0
   94        -135.199     152.160           0.000       0.000              94              -0
  223        -446.523    -245.133          -4.039       2.223             223               0
   97       -1388.789   -1813.358           0.000       0.000              97               0
   71        -263.693    1208.060          -0.621       0.318              71               0
  162       -1222.660    -319.905           0.000       0.000             162              -0
   16         249.613     338.125          -5.142      -0.698              16               0
  119       -1023.538     182.366           0.000       0.000             119               0
    6        -517.639     -35.974           4.764       7.120               6              -0
  188       -1657.858     151.323           0.000       0.000             188              -0
  163        -880.395   -1376.991          -2.847       2.396             163               0
   96         529.087     324.024           0.000       0.000              96               0
  241        -324.941   -1421.773          -0.553       0.218             241               0
   41        -374.228    -338.572           0.000       0.000              41              -0
   72        -206.300    -314.261          -4.340      -1.031              72               0
   41         521.312    -146.706           0.000       0.000              41               0
   56          90.763     308.531           3.503       6.543              56              -0
  234        -693.029    -670.901           0.000       0.000             234              -0
    7         308.393     390.600          -3.239       1.026               7               0
  121        -831.864     583.372           0.000       0.000             121               0
   46         395.311     658.433          -0.502       0.143              46               0
  254        1272.317     121.297           0.000       0.000             254              -0
  255       -1118.814   -1662.550          -3.730      -1.283             255               0
   58        1127.309     -84.251           0.000       0.000              58               0
   93         740.144    1372.015           2.531       6.099              93              -0
  248        -410.349    -447.400           0.000       0.000             248              -0
   21        -626.724   -1043.698          -2.147       1.899              21               0
   75        -660.022     876.969           0.000       0.000              75               0
   59         183.392    -112.772          -0.462       0.084              59               0
   56         833.082    -296.489           0.000       0.000              56              -0
  247        1363.537   -1278.383          -3.243      -1.485             247               0
   42        -813.143   -1430.513           0.000       0.000              42               0
  161         883.566    -502.261           1.745       5.739             161              -0
  227        1191.607    -536.085           0.000       0.000             227              -0
  245        -221.306     298.183          -2.758       0.306             245               0
  106       -1177.845    -703.151           0.000       0.000             106               0
  192        -540.856    -482.687          -0.429       0.035             192               0
  175         188.434   -1729.845           0.000       0.000             175              -0
   39        -954.298    -157.783          -2.837      -1.653              39               0
   80        -310.576     927.686           0.000       0.000              80               0
   31        -168.745     -83.690           1.085       5.438              31              -0
   97       -1344.040    -106.195           0.000       0.000              97              -0
   79        1733.135     -36.839          -2.346       0.743              79               0
  216       -1373.195    -157.761           0.000       0.000             216               0
   65        -763.079   -2366.250          -0.401      -0.007              65               0
   30        -242.502     129.649           0.000       0.000              30              -0
   43         181.619     227.133          -2.488      -1.798              43               0
  248         396.819    -682.213           0.000       0.000             248               0
   82        -392.113    2338.180           0.513       5.176              82              -0
  166       -1242.005    -377.093           0.000       0.000             166              -0
  119         244.085     375.809          -2.415      -0.208             119               0
  248        1331.676    -464.872           0.000       0.000             248               0
    7        -551.816    -450.489          -0.376      -0.044               7               0
  185        -113.963     740.532           0.000       0.000             185              -0
  114        1390.986     338.136          -2.178      -1.926             114               0
   83       -1061.825     191.630           0.000       0.000              83               0
  226        -493.044     -27.740           0.003       4.943             226              -0
   87        -258.836     -65.231           0.000       0.000              87              -0
   69          59.153     300.221          -2.112       0.557              69               0
  136         279.318     -73.228           0.000       0.000             136               0
   65        -921.451    -215.514          -0.354      -0.077              65              -0
   47       -1266.092    1357.128           0.000       0.000              47              -0
  160         601.541    -865.735          -1.897      -2.043             160               0
   17         727.213    -714.181           0.000       0.000              17               0
  168       -1383.417   -1159.178          -0.463       4.730             168              -0
    6          99.111   -1024.533           0.000       0.000               6              -0
   14        -985.182    1203.176          -2.139      -0.620              14               0
   88        1162.972     342.073           0.000       0.000              88               0
   75         100.824    -510.743          -0.333      -0.107              75              -0
  154       -1126.509    -267.390           0.000       0.000             154              -0
  236        -799.133      64.338          -1.636      -2.151             236               0
  247        -787.914     219.659           0.000       0.000             247               0
   51         401.570     292.930          -0.898       4.531              51              -0
  218         943.457     832.197           0.000       0.000             218              -0
  246         244.373     717.182          -2.067      -0.178             246               0
   13          46.440   -1132.740           0.000       0.000              13               0
   77        -448.214    2119.840          -0.314      -0.136              77              -0
  105         -55.182     652.299           0.000       0.000             105              -0
  208        -212.222     971.601          -1.388      -2.253             208               0
  133        1713.908    -617.853           0.000       0.000             133               0
  227        -323.281     821.281          -1.314       4.341             227              -0
  119        -119.123    1272.491           0.000       0.000             119              -0
  133         698.472    -151.848          -1.896      -0.984             133               0
  130        -916.884   -1377.188           0.000       0.000             130               0
   96        -307.980     140.747          -0.295      -0.164              96              -0
  162         984.242    -303.861           0.000       0.000             162              -0
  196         897.622    -725.537          -1.148      -2.353             196               0
  162         165.477    1453.629           0.000       0.000             162               0
   59          94.567    -548.540          -1.718       4.156              59              -0
  151        -138.402     646.248           0.000       0.000             151              -0
   36        -643.412    1160.051           0.000       0.000              36               0
   87         129.000      -0.074           0.000       0.000              87               0
  149        -643.204   -1160.247          -0.276      -0.192             149              -0
  218        -138.230    -646.245           0.000       0.000             218              -0
  201          94.539     548.532          -0.911      -2.451             201               0
  152         165.791   -1453.577           0.000       0.000             152               0
  189         897.535     725.765          -2.120       3.972             189              -0
   21         984.116     304.014           0.000       0.000              21              -0
  161        -308.061    -140.784          -1.664      -1.332             161               0
  192        -917.099    1376.978           0.000       0.000             192               0
  193         698.477     151.781          -0.258      -0.219             193              -0
  191        -118.926   -1272.625           0.000       0.000             191              -0
    6        -323.081    -821.321          -0.672      -2.550               6               0
   89        1713.787     618.098           0.000       0.000              89               0
   29        -212.170    -971.723          -2.526       3.786              29              -0
  141         -55.136    -652.353           0.000       0.000             141              -0
  254        -447.881   -2119.818          -1.832      -0.951             254               0
  247          46.265    1132.844           0.000       0.000             247               0
   90         244.503    -717.158          -0.239      -0.247              90              -0
  249         943.541    -831.977           0.000       0.000             249              -0
   75         401.465    -292.766          -0.427      -2.652              75               0
  192        -788.015    -219.696           0.000       0.000             192               0
  234        -799.183     -64.371          -2.946       3.594             234              -0
  200       -1126.517     267.285           0.000       0.000             200              -0
   54         100.825     510.782          -1.423      -1.692              54               0
   92        1162.980    -341.880           0.000       0.000              92               0
  247        -985.059   -1203.208          -0.219      -0.277             247              -0
  160          98.901    1024.723           0.000       0.000             160              -0
  132       -1383.584    1158.991          -0.169      -2.758             132               0
  180         727.153     714.273           0.000       0.000             180               0
    9         601.304     865.721          -3.388       3.392               9              -0
  239       -1265.940   -1357.394           0.000       0.000             239              -0
  242        -921.426     215.400          -1.868      -1.089             242               0
  113         279.368      73.268           0.000       0.000             113               0
  116          59.200    -300.205          -0.198      -0.308             116              -0
  159        -258.862      65.206           0.000       0.000             159              -0
  177        -493.044      27.655           0.106      -2.872             177               0
   30       -1061.680    -191.815           0.000       0.000              30               0
  140        1391.116    -337.896          -3.863       3.175             140              -0
  157        -113.876    -740.477           0.000       0.000             157              -0
  140        -551.839     450.483          -1.153      -2.096             140               0
  240        1331.604     465.096           0.000       0.000             240               0
  105         244.018    -375.771          -0.175      -0.342             105              -0
   22       -1242.124     376.842           0.000       0.000              22              -0
  251        -391.669   -2338.168           0.407      -2.997             251               0
  196         396.727     682.459           0.000       0.000             196               0
   33         181.612    -226.987          -4.387       2.936              33              -0
  197        -242.548    -129.490           0.000       0.000             197              -0
  219        -763.515    2366.201          -1.559      -1.852             219               0
  148       -1373.122     157.471           0.000       0.000             148               0
  177        1733.145      37.123          -0.150      -0.379             177              -0
   88       -1344.119     105.983           0.000       0.000              88              -0
  241        -168.727      83.664           0.745      -3.137             241               0
  166        -310.420    -927.656           0.000       0.000             166               0
  212        -954.272     157.810          -4.978       2.665             212              -0
   47         188.202    1729.965           0.000       0.000              47              -0
  179        -540.917     482.590          -0.821      -2.592             179               0
  124       -1177.850     702.935           0.000       0.000             124               0
  142        -221.049    -298.203          -0.120      -0.423             142              -0
  230        1191.656     536.352           0.000       0.000             230              -0
  244         883.482     502.478           1.135      -3.298             244               0
  237        -813.323    1430.398           0.000       0.000             237               0
  116        1363.400    1278.519          -5.665       2.351             116              -0
   95         832.976     296.499           0.000       0.000              95              -0
  154         183.274     112.690          -1.853      -2.095             154               0
  156        -659.933    -877.093           0.000       0.000             156               0
   96        -626.872    1043.593          -0.086      -0.474              96              -0
  123        -410.325     447.210           0.000       0.000             123              -0
  104         740.462   -1371.922           1.599      -3.491             104               0
   27        1127.247      84.541           0.000       0.000              27               0
  227       -1119.095    1662.334          -6.491       1.974             227              -0
  101        1272.361    -121.219           0.000       0.000             101              -0
   52         395.314    -658.430          -0.363      -3.278              52               0
  104        -831.819    -583.498           0.000       0.000             104               0
  215         308.433    -390.475          -0.043      -0.536             215              -0
  105        -693.157     670.827           0.000       0.000             105              -0
   86          90.843    -308.495           2.173      -3.729              86               0
  219         521.252     146.855           0.000       0.000             219               0
  217        -206.426     314.283          -7.523       1.502             217              -0
  139        -374.330     338.576           0.000       0.000             139              -0
  162        -325.195    1421.705          -1.083      -3.420             162               0
  179         529.060    -323.959           0.000       0.000             179               0
   82        -880.756    1376.804           0.011      -0.617              82              -0
  120       -1657.845    -151.698           0.000       0.000             120              -0
   11        -517.596      35.833           2.918      -4.037              11               0
  117       -1023.436    -182.576           0.000       0.000             117               0
  151         249.709    -338.077          -8.881       0.881             151              -0
  143       -1222.684     319.696           0.000       0.000             143              -0
   92        -263.432   -1208.014           0.378      -4.387              92               0
  166       -1388.995    1813.200           0.000       0.000             166               0
    1        -446.389     244.994           0.084      -0.725               1              -0
  105        -135.001    -152.215           0.000       0.000             105              -0
  248         385.650    -914.294           3.946      -4.463             248               0
   12         456.009    1706.505           0.000       0.000              12               0
  159         312.513    -734.654         -10.792       0.007             159              -0
  112        -161.151    2107.167           0.000       0.000             112              -0
   97         471.450     606.652          -1.298      -4.926              97               0
    3        -245.443     751.157           0.000       0.000               3               0
  194        -211.525     318.789           0.192      -0.885             194              -0
  226        -321.382     266.739           0.000       0.000             226              -0
  203        -172.352    1471.765           5.495      -5.104             203               0
  133       -1054.869     491.270           0.000       0.000             133               0
  206        -587.378    1081.374         -13.749      -1.345             206               0
  139        1172.131     447.078           0.000       0.000             139              -0
  254        -195.385     375.163           1.958      -6.752             254               0
   54        -919.929     242.118           0.000       0.000              54               0
  149        -311.668     188.351           0.370      -1.149             149              -0
   95         175.573     457.328           0.000       0.000              95              -0
  124        1022.372   -2146.209           8.160      -6.208             124               0
   61       -1277.286    -746.420           0.000       0.000              61               0
   92         559.684     105.180         -19.078      -3.782              92               0
   49         -55.062    1411.790           0.000       0.000              49              -0
   42        -175.328    -272.745           0.841      -9.762              42               0
   75        -514.156    -193.066           0.000       0.000              75               0
  226         -53.271     291.835           0.732      -1.685             226              -0
  242         140.403    -423.075           0.000       0.000             242              -0
   92       -2394.142   -1344.593          14.004      -8.629              92               0
  131       -1075.145    -456.057           0.000       0.000             131               0
   60        -279.594   -1584.634         -31.960      -9.672              60               0
  122        -200.522     113.929           0.000       0.000             122              -0
  234         783.029     975.451           8.871     -17.098             234               0
  176         437.231    -497.398           0.000       0.000             176               0
  241        1427.768    -186.581           1.907      -3.424             241              -0
  192           0.889    -773.875           0.000       0.000             192              -0
  202        -502.842    -393.180          38.296     -18.691             202               0
  202         489.139    -510.767           0.000       0.000             202               0
  205         336.034    -282.755        -112.830     -46.647             205               0
  105         457.929    1189.425           0.000       0.000             105              -0
    8        -489.995   -1529.002           0.000       0.000               8               0
