SINAL     NFT                         FFT                         NFT INVERSA     FFT INVERSA
-----     -----------------------     -----------------------     -----------     -----------
  235       33361.000       0.000           0.000       0.000             235               0
  187         789.161     363.789           0.000      -0.000             187               0
  240         -26.748      36.656           0.000       0.000             240               0
  179        -431.547    1034.700           0.000      -0.000             179               0
   37         810.974     527.470           0.000       0.000              37               0
  119           3.862    -844.732           0.000      -0.000             119               0
  135         560.446   -2391.743           0.000       0.000             135               0
   35         196.410      12.138           0.000      -0.000              35               0
  161         704.119    2063.555           0.000       0.000             161               0
  103         249.451    -156.691           0.000      -0.000             103               0
  243         490.170    -701.050           0.000       0.000             243               0
  106        -102.867     634.399           0.000      -0.000             106               0
  231           0.197   -1499.266           0.000       0.000             231               0
  135          60.271    -157.685           0.000      -0.000             135               0
  135          25.189     683.033           0.000       0.000             135               0
  241       -1295.565     986.071           0.000      -0.000             241               0
   80         248.842     525.039           0.000       0.000              80               0
    4         781.332   -1198.817           0.000      -0.000               4               0
  147        1431.420     189.360           0.000       0.000             147               0
    7        -364.251     791.339           0.000      -0.000               7               0
  103        1056.510     659.366           0.000       0.000             103               0
   15        1246.480    -658.326           0.000      -0.000              15               0
  227         610.912    -940.094           0.000       0.000             227               0
  255         -64.895      -8.704           0.000      -0.000             255               0
   79        1748.659      10.495           0.000       0.000              79               0
  124        -867.317   -1058.920           0.000      -0.000             124               0
  131        2088.078   -2242.293           0.000       0.000             131               0
  115          80.143    -147.258           0.000      -0.000             115               0
  127        -552.970    -353.276           0.000       0.000             127               0
  237          66.077     937.302           0.000      -0.000             237               0
   61        1564.185     464.989           0.000       0.000              61               0
   85         492.451    -543.210           0.000      -0.000              85               0
  102        -446.604     -14.276           0.000       0.000             102               0
  181        1044.275     409.313           0.000      -0.000             181               0
  141        -357.073     -31.126           0.000       0.000             141               0
   41         198.626     411.552           0.000      -0.000              41               0
  123        1105.781    -586.370           0.000       0.000             123               0
    7         559.275     -25.739           0.000      -0.000               7               0
   93          60.970    -172.052           0.000       0.000              93               0
   67        -125.986   -1151.571           0.000      -0.000              67               0
    3        -927.456    1654.753           0.000       0.000               3               0
  170        -598.428    -792.314           0.000      -0.000             170               0
  217        -359.711    -253.961           0.000       0.000             217               0
  128        -192.975     343.116           0.000      -0.000             128               0
   80        1844.355     -96.202           0.000       0.000              80               0
   95        -485.569     562.222           0.000      -0.000              95               0
  142         101.121    -268.963           0.000       0.000             142               0
  130        -121.428     396.791           0.000      -0.000             130               0
  111         334.335   -1363.668           0.000       0.000             111               0
  249         239.585    -367.131           0.000      -0.000             249               0
  248        -167.875    -252.563           0.000       0.000             248               0
  221         746.017    -348.221           0.000      -0.000             221               0
  122         396.087    1582.418           0.000       0.000             122               0
  166         124.434    1200.952           0.000      -0.000             166               0
  217         732.731     474.087           0.000       0.000             217               0
   64       -1373.279     841.866           0.000      -0.000              64               0
    1        -103.066   -1080.021           0.000       0.000               1               0
  194         692.369    -415.415           0.000      -0.000             194               0
  248       -1375.205     -85.172           0.000       0.000             248               0
  106        -924.928   -1315.052           0.000      -0.000             106               0
  249        -996.935     330.806           0.000       0.000             249               0
  244         271.503    -263.412           0.000      -0.000             244               0
  181         544.319    -987.495           0.000       0.000             181               0
  213        -482.943    -967.288           0.000      -0.000             213               0
  190          69.985     211.032           0.000       0.000             190               0
  110        -801.223     563.964           0.000      -0.000             110               0
   78       -1178.369     498.557           0.000       0.000              78               0
  115        2410.300    -696.143           0.000      -0.000             115               0
  140        1140.505     377.892           0.000       0.000             140               0
  124        -418.169     422.532           0.000      -0.000             124               0
   13         193.514     266.614           0.000       0.000              13               0
  205        -205.283    -716.216           0.000      -0.000             205               0
   43        1126.902     973.617           0.000       0.000              43               0
    7         576.845   -1859.274           0.000      -0.000               7               0
   86       -2197.084     154.589           0.000       0.000              86               0
  243         552.519    1489.389           0.000      -0.000             243               0
   62         498.133      68.116           0.000       0.000              62               0
  174        -387.744     830.461           0.000      -0.000             174               0
  146       -1019.114    1346.321           0.000       0.000             146               0
    7         899.673    1760.493           0.000      -0.000               7               0
    6         767.929   -1392.282           0.000       0.000               6               0
  233        -326.669    1589.056           0.000      -0.000             233               0
   19        1159.189    -140.689           0.000       0.000              19               0
   20       -1096.392     872.755           0.000      -0.000              20               0
  205        -987.104     693.338           0.000       0.000             205               0
  132         955.348     699.301           0.000      -0.000             132               0
  109         -32.677     246.328           0.000       0.000             109               0
  239       -1086.782    -151.120           0.000      -0.000             239               0
  234        -325.062    -748.482           0.000       0.000             234               0
   53        1748.004    -567.853           0.000      -0.000              53               0
   23         664.269    -156.145           0.000       0.000              23               0
  141         385.433    -400.549           0.000      -0.000             141               0
  255         123.543    2417.214           0.000       0.000             255               0
   15        -778.423   -1675.532           0.000      -0.000              15               0
  255         548.464    1206.598           0.000       0.000             255               0
  110       -1328.019    -335.808           0.000      -0.000             110               0
  185       -1463.381     179.621           0.000       0.000             185               0
   37          72.505     -70.858           0.000      -0.000              37               0
   45         630.095     757.773           0.000       0.000              45               0
  139        1182.117    -895.403           0.000      -0.000             139               0
  218         912.181    1079.592           0.000       0.000             218               0
   43        1400.814    -914.528           0.000      -0.000              43               0
  121         958.456    -296.972           0.000       0.000             121               0
   48         455.217    1267.012           0.000      -0.000              48               0
   23         175.364    -719.153           0.000       0.000              23               0
    0         797.444     -32.156           0.000      -0.000              -0               0
  223        1100.822     799.622           0.000       0.000             223               0
  110       -1629.725    -890.346           0.000      -0.000             110               0
   91         813.878    -834.484           0.000       0.000              91               0
  223        -290.439     207.710           0.000      -0.000             223               0
  121        -828.201     475.318           0.000       0.000             121               0
   87        -302.020      -6.059           0.000      -0.000              87               0
  133         380.863    1184.445           0.000       0.000             133               0
  136        -735.933     882.242           0.000      -0.000             136               0
  151        -887.952     848.620           0.000       0.000             151               0
    0         187.870   -1367.879           0.000      -0.000              -0               0
  234         568.413     186.526           0.000       0.000             234               0
  110        -741.690    -152.259           0.000      -0.000             110               0
   39        -931.190    -245.347           0.000       0.000              39               0
  249         -93.927     726.705           0.000      -0.000             249               0
   77         640.491     214.755           0.000       0.000              77               0
   33        -778.600     917.059           0.000      -0.000              33               0
  121       -1160.777    1293.167           0.000       0.000             121               0
  154        1430.080     165.182           0.000      -0.000             154               0
   32       -1102.061     455.202           0.000       0.000              32               0
  164         361.595    1677.957           0.000      -0.000             164               0
  102           0.880     150.825           0.000       0.000             102               0
  239        -585.371     627.282           0.000      -0.000             239               0
  200        -697.000      -0.186           0.000       0.000             200               0
  159        -585.216    -627.597           0.000       0.000             159               0
  241           0.964    -151.042           0.000       0.000             241               0
  109         361.866   -1678.047           0.000       0.000             109               0
  111       -1101.940    -455.448           0.000       0.000             111               0
  157        1430.101    -165.061           0.000       0.000             157               0
   29       -1160.630   -1293.457           0.000       0.000              29               0
  199        -778.375    -917.194           0.000       0.000             199               0
   42         640.568    -214.650           0.000       0.000              42               0
   55         -93.851    -726.705           0.000       0.000              55               0
  246        -931.233     245.213           0.000       0.000             246               0
  238        -741.619     152.105           0.000       0.000             238               0
  123         568.517    -186.444           0.000       0.000             123               0
  225         187.616    1367.796           0.000       0.000             225               0
   50        -887.813    -848.952           0.000       0.000              50               0
   17        -735.692    -882.456           0.000       0.000              17               0
   98         381.136   -1184.378           0.000       0.000              98               0
  124        -301.997       6.037           0.000       0.000             124               0
  120        -828.040    -475.440           0.000       0.000             120               0
  179        -290.255    -207.695           0.000       0.000             179               0
  104         813.807     834.646           0.000       0.000             104               0
   72       -1629.737     889.972           0.000       0.000              72               0
  169        1101.166    -799.528           0.000       0.000             169               0
  101         797.527      32.276           0.000       0.000             101               0
  254         175.325     719.085           0.000       0.000             254               0
  119         455.545   -1266.994           0.000       0.000             119               0
   36         958.509     297.159           0.000       0.000              36               0
   32        1400.689     914.670           0.000       0.000              32               0
  202         912.331   -1079.508           0.000       0.000             202               0
  241        1181.883     895.543           0.000       0.000             241               0
  219         630.069    -757.756           0.000       0.000             219               0
   56          72.304      70.829           0.000       0.000              56               0
  100       -1463.458    -179.916           0.000       0.000             100               0
  240       -1328.003     335.497           0.000       0.000             240               0
   12         548.738   -1206.530           0.000       0.000              12               0
   86        -778.647    1675.300           0.000       0.000              86               0
   58         124.063   -2417.273           0.000       0.000              58               0
   23         385.462     400.685           0.000       0.000              23               0
  215         664.319     156.260           0.000       0.000             215               0
   34        1747.848     568.118           0.000       0.000              34               0
   54        -325.332     748.323           0.000       0.000              54               0
  220       -1086.820     150.777           0.000       0.000             220               0
   79         -32.563    -246.499           0.000       0.000              79               0
  220         955.437    -699.277           0.000       0.000             220               0
  120        -987.038    -693.597           0.000       0.000             120               0
   61       -1096.128    -872.980           0.000       0.000              61               0
   43        1159.261     140.813           0.000       0.000              43               0
   86        -326.362   -1589.123           0.000       0.000              86               0
  190         767.748    1392.336           0.000       0.000             190               0
  125         899.899   -1760.491           0.000       0.000             125               0
  218       -1018.937   -1346.483           0.000       0.000             218               0
  198        -387.535    -830.456           0.000       0.000             198               0
  241         498.195     -68.002           0.000       0.000             241               0
  237         552.702   -1489.216           0.000       0.000             237               0
    4       -2197.001    -154.767           0.000       0.000               4               0
  245         576.726    1859.397           0.000       0.000             245               0
  137        1127.114    -973.458           0.000       0.000             137               0
  245        -205.394     716.190           0.000       0.000             245               0
   73         193.601    -266.627           0.000       0.000              73               0
  161        -417.997    -422.604           0.000       0.000             161               0
  238        1140.688    -377.651           0.000       0.000             238               0
   17        2410.066     696.552           0.000       0.000              17               0
  130       -1178.462    -498.783           0.000       0.000             130               0
   41        -801.128    -564.049           0.000       0.000              41               0
  153          70.044    -210.904           0.000       0.000             153               0
   74        -483.068     967.294           0.000       0.000              74               0
   29         544.177     987.566           0.000       0.000              29               0
   56         271.388     263.394           0.000       0.000              56               0
  235        -996.935    -330.964           0.000       0.000             235               0
   88        -925.121    1314.875           0.000       0.000              88               0
  165       -1375.077      84.857           0.000       0.000             165               0
  247         692.440     415.470           0.000       0.000             247               0
   71        -103.211    1079.844           0.000       0.000              71               0
   67       -1372.997    -842.277           0.000       0.000              67               0
  152         732.991    -474.081           0.000       0.000             152               0
  120         124.750   -1201.001           0.000       0.000             120               0
    4         396.466   -1582.271           0.000       0.000               4               0
   48         746.015     348.474           0.000       0.000              48               0
   23        -167.870     252.596           0.000       0.000              23               0
  150         239.601     367.223           0.000       0.000             150               0
  102         334.157    1363.673           0.000       0.000             102               0
   90        -121.308    -396.903           0.000       0.000              90               0
  172         101.146     268.918           0.000       0.000             172               0
  189        -485.337    -562.347           0.000       0.000             189               0
  118        1844.399      96.496           0.000       0.000             118               0
   98        -192.970    -343.150           0.000       0.000              98               0
  179        -359.750     253.916           0.000       0.000             179               0
  255        -598.514     792.132           0.000       0.000             255               0
  220        -927.049   -1654.907           0.000       0.000             220               0
  172        -125.991    1151.606           0.000       0.000             172               0
  100          61.134     172.015           0.000       0.000             100               0
  218         559.454      25.807           0.000       0.000             218               0
  125        1105.785     586.495           0.000       0.000             125               0
  227         198.746    -411.584           0.000       0.000             227               0
  208        -356.951      31.030           0.000       0.000             208               0
   90        1044.454    -409.154           0.000       0.000              90               0
   39        -446.497      14.218           0.000       0.000              39               0
  207         492.544     543.256           0.000       0.000             207               0
  168        1564.343    -464.783           0.000       0.000             168               0
  169          66.244    -937.235           0.000       0.000             169               0
  242        -552.918     353.291           0.000       0.000             242               0
   50          80.337     147.396           0.000       0.000              50               0
  193        2087.803    2242.670           0.000       0.000             193               0
  212        -867.398    1058.633           0.000       0.000             212               0
   52        1748.786     -10.332           0.000       0.000              52               0
  167         -64.825       8.637           0.000       0.000             167               0
   38         610.897     940.116           0.000       0.000              38               0
  118        1246.468     658.356           0.000       0.000             118               0
  217        1056.632    -659.356           0.000       0.000             217               0
  123        -364.050    -791.458           0.000       0.000             123               0
   25        1431.535    -189.109           0.000       0.000              25               0
  182         781.111    1198.864           0.000       0.000             182               0
  104         248.877    -525.155           0.000       0.000             104               0
  222       -1295.345    -986.347           0.000       0.000             222               0
   42          25.465    -682.988           0.000       0.000              42               0
   57          60.396     157.774           0.000       0.000              57               0
   84           0.111    1499.218           0.000       0.000              84               0
  213        -102.552    -634.501           0.000       0.000             213               0
  198         490.277     701.072           0.000       0.000             198               0
   77         249.655     156.577           0.000       0.000              77               0
  144         704.696   -2063.453           0.000       0.000             144               0
  248         196.660     -11.933           0.000       0.000             248               0
   27         560.329    2391.844           0.000       0.000              27               0
  126           4.070     844.529           0.000       0.000             126               0
   47         811.475    -527.528           0.000       0.000              47               0
  171        -430.813   -1034.846           0.000       0.000             171               0
   70         -25.806     -36.683           0.000       0.000              70               0
  253         791.014    -363.678           0.000       0.000             253               0
