SINAL     NFT                         FFT                         NFT INVERSA     FFT INVERSA
-----     -----------------------     -----------------------     -----------     -----------
  135       35059.000       0.000           0.000       0.000             135               1
  185        -186.257    -801.283         -15.616      22.518             185               0
  159         882.179   -1457.085           0.000       0.000             159              -0
   89           6.131    1008.729         -66.546      24.736              89               0
   27       -1554.563    -337.535           0.000       0.000              27               0
  221         254.850    -755.875          64.655      34.503             221              -0
  186        1309.998    -313.809           0.000       0.000             186              -0
   19        1958.276     635.969         -15.463      19.321              19               0
   96        -978.931    -154.867           0.000       0.000              96               0
  206        -550.283     137.960          -1.976       2.325             206               0
  104        -147.251    1288.751           0.000       0.000             104              -0
   23         188.082     700.913         -18.776       4.949              23               0
  247        1679.886     651.734           0.000       0.000             247               0
  147       -1344.250     -73.351          23.532      15.701             147              -0
  143        -795.774     590.364           0.000       0.000             143              -0
  238        1602.612     397.274          -5.106       9.841             238               0
  187        -347.273     287.788           0.000       0.000             187               0
   61         186.019   -1107.482          -1.168       1.128              61               0
  114         857.176    -410.614           0.000       0.000             114              -0
  208        1146.808     288.935         -11.166       1.797             208               0
  231       -1517.545   -1070.128           0.000       0.000             231               0
  221        1280.661     -32.180          13.638      11.177             221              -0
   39        -698.492     194.989           0.000       0.000              39              -0
  101        1172.663    1285.688          -5.833       4.908             101               0
  220         237.376    -597.470           0.000       0.000             220               0
   34         269.321    1712.358          -0.873       0.691              34               0
   48        -238.995     101.957           0.000       0.000              48              -0
  163         954.082   -1700.170          -8.018       0.493             163               0
  117         -81.978    -154.637           0.000       0.000             117               0
  149       -1267.600    -533.984           9.126       9.114             149              -0
  194         710.217     901.846           0.000       0.000             194              -0
  253        -438.422     289.170          -2.722       4.670             253               0
  111         928.535     662.050           0.000       0.000             111               0
  230        -816.043     881.444          -0.718       0.462             230               0
  117        1256.676     404.371           0.000       0.000             117              -0
   11         496.092     912.815          -6.271      -0.231              11               0
   71         202.927   -1430.257           0.000       0.000              71               0
  185          91.156    -460.633           6.505       7.916             185              -0
  223         235.099    2145.842           0.000       0.000             223              -0
  254          75.860    1572.499          -4.039       2.223             254               0
  172        1331.597   -1012.276           0.000       0.000             172               0
  114        1215.136    -218.914          -0.621       0.318             114               0
  100       -2068.532    1095.148           0.000       0.000             100              -0
  236        -248.388     -56.783          -5.142      -0.698             236               0
  238        -769.665   -1285.973           0.000       0.000             238               0
  242       -1692.612    1122.279           4.764       7.120             242              -0
  193        -246.504     563.086           0.000       0.000             193              -0
   40           8.930    -694.946          -2.847       2.396              40               0
  193         239.801    -900.524           0.000       0.000             193               0
  248        -299.001   -1047.451          -0.553       0.218             248               0
  188          37.837    -487.939           0.000       0.000             188              -0
    6         742.490     542.441          -4.340      -1.031               6               0
  233         979.629    -110.223           0.000       0.000             233               0
  122        1846.021      47.484           3.503       6.543             122              -0
   88        1033.244   -2269.585           0.000       0.000              88              -0
    1         851.294     115.517          -3.239       1.026               1               0
  110         498.472     282.777           0.000       0.000             110               0
   15        -107.619     808.608          -0.502       0.143              15               0
  227         -38.476    -248.574           0.000       0.000             227              -0
  220         133.958    -442.102          -3.730      -1.283             220               0
   23        -439.551     131.983           0.000       0.000              23               0
   62         -36.970    1586.679           2.531       6.099              62              -0
    1         109.223     466.474           0.000       0.000               1              -0
  118         641.879    -620.107          -2.147       1.899             118               0
  115        -284.098    1282.969           0.000       0.000             115               0
  255        -313.245    -730.857          -0.462       0.084             255               0
  253        -366.241    -705.159           0.000       0.000             253              -0
  226         254.030     607.925          -3.243      -1.485             226               0
  144       -1566.893    -394.789           0.000       0.000             144               0
   86        -211.512   -1266.572           1.745       5.739              86              -0
  211        -933.858   -1240.454           0.000       0.000             211              -0
  170        -892.960     841.815          -2.758       0.306             170               0
  179       -1697.274     -45.428           0.000       0.000             179               0
   51       -1466.898    1910.003          -0.429       0.035              51               0
  143         247.030   -1087.825           0.000       0.000             143              -0
   10        -612.886     366.946          -2.837      -1.653              10               0
  183        -993.860     989.392           0.000       0.000             183               0
  138         676.163     100.930           1.085       5.438             138              -0
  220         -18.612     546.965           0.000       0.000             220              -0
   53        -846.588    1395.742          -2.346       0.743              53               0
  166        -829.403   -1265.020           0.000       0.000             166               0
   30       -1076.548    1413.752          -0.401      -0.007              30               0
  149        -849.933    1842.008           0.000       0.000             149              -0
  211         860.937     960.709          -2.488      -1.798             211               0
  219        -166.766    -425.659           0.000       0.000             219               0
   26         764.873    -799.063           0.513       5.176              26              -0
  188        -734.591      67.299           0.000       0.000             188              -0
  252        1054.023   -1687.600          -2.415      -0.208             252               0
   85        -626.597      88.124           0.000       0.000              85               0
  159         636.776   -1971.560          -0.376      -0.044             159               0
  160         353.638    -713.597           0.000       0.000             160              -0
   79         578.519     131.943          -2.178      -1.926              79               0
   50         939.382    1109.358           0.000       0.000              50               0
   78       -1025.380     561.956           0.003       4.943              78              -0
   86       -1263.614     -43.080           0.000       0.000              86              -0
  192         514.106    -310.096          -2.112       0.557             192               0
   53       -1072.509    -358.057           0.000       0.000              53               0
  222         679.925    -190.320          -0.354      -0.077             222              -0
    2         250.747   -1224.731           0.000       0.000               2              -0
  149         399.831     -36.348          -1.897      -2.043             149               0
  210        1399.721      15.161           0.000       0.000             210               0
  220         187.453    -476.624          -0.463       4.730             220              -0
    2        1630.252     565.002           0.000       0.000               2              -0
  202       -1407.072    1212.679          -2.139      -0.620             202               0
   35          84.241    -313.215           0.000       0.000              35               0
  176         -44.366    1505.391          -0.333      -0.107             176              -0
  163          49.820    -703.554           0.000       0.000             163              -0
  253        1007.883     364.921          -1.636      -2.151             253               0
  163        -292.889     633.600           0.000       0.000             163               0
  124          49.443    -422.860          -0.898       4.531             124              -0
  174         473.102    -551.504           0.000       0.000             174              -0
  243        -945.179     765.533          -2.067      -0.178             243               0
  100        -859.010    -552.746           0.000       0.000             100               0
  104        -707.137     527.064          -0.314      -0.136             104              -0
   12         485.043   -1293.847           0.000       0.000              12              -0
  141         252.707    -365.064          -1.388      -2.253             141               0
   22        -602.900     627.969           0.000       0.000              22               0
    4        -726.922     885.859          -1.314       4.341               4              -0
  174         615.619     259.301           0.000       0.000             174              -0
  232       -1094.294    -714.590          -1.896      -0.984             232               0
  126       -1688.774   -1539.295           0.000       0.000             126               0
  226          49.662    1301.618          -0.295      -0.164             226              -0
  177         984.555    -758.245           0.000       0.000             177              -0
  119        -377.032     751.880          -1.148      -2.353             119               0
  159         208.668    1199.095           0.000       0.000             159               0
   58          16.672   -2191.495          -1.718       4.156              58              -0
  176       -1008.538     510.248           0.000       0.000             176              -0
   18         621.301    -443.010           0.000       0.000              18               0
   57         573.000       0.066           0.000       0.000              57               0
  194         621.143     443.113          -0.276      -0.192             194              -0
  158       -1008.501    -510.373           0.000       0.000             158              -0
   79          16.333    2191.425          -0.911      -2.451              79               0
   59         208.857   -1199.212           0.000       0.000              59               0
  251        -376.898    -751.920          -2.120       3.972             251              -0
   90         984.389     758.398           0.000       0.000              90              -0
  236          49.721   -1301.571          -1.664      -1.332             236               0
  221       -1689.109    1539.064           0.000       0.000             221               0
   57       -1094.327     714.292          -0.258      -0.219              57              -0
  150         615.708    -259.331           0.000       0.000             150              -0
  141        -726.779    -886.034          -0.672      -2.550             141               0
    9        -602.724    -628.020           0.000       0.000               9               0
   93         252.715     365.179          -2.526       3.786              93              -0
  189         484.804    1293.879           0.000       0.000             189              -0
  249        -707.092    -527.261          -1.832      -0.951             249               0
  254        -859.072     552.539           0.000       0.000             254               0
  245        -944.927    -765.733          -0.239      -0.247             245              -0
  152         473.134     551.571           0.000       0.000             152              -0
  104          49.435     422.768          -0.427      -2.652             104               0
  232        -292.682    -633.738           0.000       0.000             232               0
   32        1008.007    -364.770          -2.946       3.594              32              -0
  214          49.698     703.474           0.000       0.000             214              -0
  237         -44.097   -1505.459          -1.423      -1.692             237               0
  112          84.193     313.214           0.000       0.000             112               0
  255       -1406.741   -1212.925          -0.219      -0.277             255              -0
  222        1630.485    -564.632           0.000       0.000             222              -0
   66         187.421     476.729          -0.169      -2.758              66               0
  233        1399.730     -14.891           0.000       0.000             233               0
    4         399.756      36.486          -3.388       3.392               4              -0
  192         250.488    1224.783           0.000       0.000             192              -0
   59         679.785     190.378          -1.868      -1.089              59               0
  234       -1072.635     357.830           0.000       0.000             234               0
  131         514.007     310.108          -0.198      -0.308             131              -0
   97       -1263.661      42.771           0.000       0.000              97              -0
  190       -1025.161    -562.203           0.106      -2.872             190               0
   80         939.688   -1109.167           0.000       0.000              80               0
   71         578.558    -131.719          -3.863       3.175              71              -0
   29         353.511     713.778           0.000       0.000              29              -0
  240         636.392    1971.642          -1.153      -2.096             240               0
  235        -626.599     -88.298           0.000       0.000             235               0
  105        1053.706    1687.677          -0.175      -0.342             105              -0
  244        -734.624     -67.580           0.000       0.000             244              -0
  215         764.714     799.037           0.407      -2.997             215               0
  189        -166.899     425.382           0.000       0.000             189               0
  230         860.977    -960.817          -4.387       2.936             230              -0
  247        -849.786   -1842.263           0.000       0.000             247              -0
  227       -1076.378   -1413.869          -1.559      -1.852             227               0
   72        -829.619    1264.856           0.000       0.000              72               0
   12        -846.306   -1395.975          -0.150      -0.379              12              -0
    3         -18.457    -546.954           0.000       0.000               3              -0
   48         676.134    -100.834           0.745      -3.137              48               0
  236        -993.767    -989.551           0.000       0.000             236               0
  145        -612.820    -366.969          -4.978       2.665             145              -0
  133         246.785    1087.825           0.000       0.000             133              -0
  187       -1466.662   -1910.266          -0.821      -2.592             187               0
   82       -1697.236      45.237           0.000       0.000              82               0
    3        -892.711    -841.831          -0.120      -0.423               3              -0
  205        -933.940    1240.431           0.000       0.000             205              -0
  251        -211.625    1266.512           1.135      -3.298             251               0
  102       -1566.807     394.424           0.000       0.000             102               0
   58         254.317    -607.919          -5.665       2.351              58              -0
   19        -366.230     705.086           0.000       0.000              19              -0
  156        -313.219     730.674          -1.853      -2.095             156               0
   11        -283.705   -1283.093           0.000       0.000              11               0
   85         641.920     620.173          -0.086      -0.474              85              -0
  105         109.388    -466.571           0.000       0.000             105              -0
   59         -36.620   -1586.679           1.599      -3.491              59               0
   24        -439.407    -131.957           0.000       0.000              24               0
   17         134.028     442.165          -6.491       1.974              17              -0
   55         -38.379     248.535           0.000       0.000              55              -0
   95        -107.306    -808.624          -0.363      -3.278              95               0
  168         498.716    -282.610           0.000       0.000             168               0
  104         851.483    -115.229          -0.043      -0.536             104              -0
   96        1033.004    2269.775           0.000       0.000              96              -0
   91        1846.073     -47.282           2.173      -3.729              91               0
   10         979.556     110.329           0.000       0.000              10               0
  211         742.495    -542.311          -7.523       1.502             211              -0
  113          37.667     488.000           0.000       0.000             113              -0
   22        -299.209    1047.389          -1.083      -3.420              22               0
  169         239.629     900.469           0.000       0.000             169               0
  162           8.757     694.777           0.011      -0.617             162              -0
  180        -246.495    -563.292           0.000       0.000             180              -0
  131       -1692.423   -1122.576           2.918      -4.037             131               0
  179        -769.764    1285.811           0.000       0.000             179               0
  153        -248.306      56.579          -8.881       0.881             153              -0
  240       -2068.120   -1095.572           0.000       0.000             240              -0
   74        1215.395     219.101           0.378      -4.387              74               0
  227        1331.532    1012.333           0.000       0.000             227               0
   54          76.175   -1572.674           0.084      -0.725              54              -0
  165         235.538   -2145.750           0.000       0.000             165              -0
  126          91.169     460.782           3.946      -4.463             126               0
  211         202.799    1430.223           0.000       0.000             211               0
   70         496.356    -912.861         -10.792       0.007              70              -0
  212        1256.758    -404.220           0.000       0.000             212              -0
  208        -815.863    -881.611          -1.298      -4.926             208               0
   81         928.706    -661.871           0.000       0.000              81               0
  189        -438.334    -289.214           0.192      -0.885             189              -0
   41         710.393    -901.645           0.000       0.000              41              -0
  144       -1267.627     533.868           5.495      -5.104             144               0
  161         -81.818     154.686           0.000       0.000             161               0
   72         953.914    1700.276         -13.749      -1.345              72               0
  228        -238.890    -102.181           0.000       0.000             228              -0
  182         269.736   -1712.351           1.958      -6.752             182               0
   78         237.411     597.509           0.000       0.000              78               0
  194        1172.942   -1285.497           0.370      -1.149             194              -0
   29        -698.378    -195.018           0.000       0.000              29              -0
   54        1280.720      32.484           8.160      -6.208              54               0
  229       -1517.607    1069.884           0.000       0.000             229               0
   24        1147.059    -288.766         -19.078      -3.782              24               0
   75         857.187     410.774           0.000       0.000              75              -0
   51         185.890    1107.430           0.841      -9.762              51               0
   11        -347.087    -287.982           0.000       0.000              11               0
  165        1602.749    -397.094           0.732      -1.685             165              -0
  244        -795.659    -590.539           0.000       0.000             244              -0
  144       -1344.032      73.076          14.004      -8.629             144               0
   22        1680.219    -651.520           0.000       0.000              22               0
   45         188.298    -700.914         -31.960      -9.672              45               0
  238        -146.899   -1288.725           0.000       0.000             238              -0
  190        -550.053    -137.948           8.871     -17.098             190               0
  252        -978.577     154.752           0.000       0.000             252               0
   19        1958.764    -635.570           1.907      -3.424              19              -0
   63        1310.165     314.133           0.000       0.000              63              -0
  237         254.928     755.950          38.296     -18.691             237               0
  106       -1554.196     337.236           0.000       0.000             106               0
  131           7.009   -1008.671        -112.830     -46.647             131               0
  208         882.876    1457.294           0.000       0.000             208              -0
  240        -184.557     801.159           0.000       0.000             240               0
