SINAL     NFT                         FFT                         NFT INVERSA     FFT INVERSA
-----     -----------------------     -----------------------     -----------     -----------
  165       33475.000       0.000           0.000       0.000             165               0
  155         153.054     562.652           0.000      -0.000             155               0
   99         773.653    -160.124           0.000       0.000              99               0
   81         533.967    1787.754           0.000      -0.000              81               0
  155        -194.189    1535.518           0.000       0.000             155               0
  223          77.656     -47.698           0.000      -0.000             223               0
  195         182.953     317.792           0.000       0.000             195               0
  110        1646.969     614.450           0.000      -0.000             110               0
  174         908.343    1041.210           0.000       0.000             174               0
  151         324.745   -1905.043           0.000      -0.000             151               0
  146         105.278    -407.845           0.000       0.000             146               0
   92        -470.004      88.128           0.000      -0.000              92               0
  110       -1251.692     501.046           0.000       0.000             110               0
   33         170.801    -272.184           0.000      -0.000              33               0
   38       -1592.634    1102.207           0.000       0.000              38               0
  136        -599.155    -270.509           0.000      -0.000             136               0
  210        -447.661    -453.273           0.000       0.000             210               0
   36        -426.949      77.853           0.000      -0.000              36               0
   48        -193.276   -1411.172           0.000       0.000              48               0
   31       -1597.366    -134.352           0.000      -0.000              31               0
    6         569.747    -276.812           0.000       0.000               6               0
   81         656.797   -1130.846           0.000      -0.000              81               0
  224         619.056    -280.567           0.000       0.000             224               0
   36        -681.937     988.472           0.000      -0.000              36               0
    4        -195.260    -420.566           0.000       0.000               4               0
   48         668.889     708.548           0.000      -0.000              48               0
  228        -489.167    -314.805           0.000       0.000             228               0
  182         359.896     322.770           0.000      -0.000             182               0
   53        -829.713     527.100           0.000       0.000              53               0
  232        1674.379    1165.987           0.000      -0.000             232               0
   61        -698.641    -459.308           0.000       0.000              61               0
  164        1064.759     879.937           0.000      -0.000             164               0
  176        -577.925    -191.282           0.000       0.000             176               0
  181         261.960     759.252           0.000      -0.000             181               0
  251          42.507      42.298           0.000       0.000             251               0
   90          40.322    -541.222           0.000      -0.000              90               0
  172         367.242     273.641           0.000       0.000             172               0
  211         335.447    -212.019           0.000      -0.000             211               0
   59         721.394     936.024           0.000       0.000              59               0
  109        -506.715     740.284           0.000      -0.000             109               0
  181        -978.980   -1446.006           0.000       0.000             181               0
  173       -1864.090    -749.478           0.000      -0.000             173               0
   27         136.931     457.018           0.000       0.000              27               0
  108         312.111    -124.736           0.000      -0.000             108               0
   70         262.951     311.598           0.000       0.000              70               0
  220         -55.146    1135.119           0.000      -0.000             220               0
   25         690.035    1607.611           0.000       0.000              25               0
   65         914.089   -1071.219           0.000      -0.000              65               0
  176         474.930      57.522           0.000       0.000             176               0
  130         865.914    -594.486           0.000      -0.000             130               0
   95        2500.905     226.456           0.000       0.000              95               0
   83       -2002.747     383.133           0.000      -0.000              83               0
  189        1031.732   -1066.816           0.000       0.000             189               0
  131        -247.934     530.085           0.000      -0.000             131               0
  179        -836.821    -741.344           0.000       0.000             179               0
   12        -959.636    1140.743           0.000      -0.000              12               0
  103         485.849    -219.517           0.000       0.000             103               0
  148        -617.897     -72.067           0.000      -0.000             148               0
   13         426.051      29.963           0.000       0.000              13               0
  232         560.777   -1168.679           0.000      -0.000             232               0
  222          46.298    -400.313           0.000       0.000             222               0
  239         146.411    -362.608           0.000      -0.000             239               0
  211        -726.133     188.451           0.000       0.000             211               0
   38         717.982      72.231           0.000      -0.000              38               0
  220        1771.028   -1553.931           0.000       0.000             220               0
  190       -1599.056      -0.282           0.000      -0.000             190               0
   85        -878.242     550.132           0.000       0.000              85               0
  152         260.684      73.362           0.000      -0.000             152               0
  101         905.709     547.385           0.000       0.000             101               0
  121        -764.027     -14.993           0.000      -0.000             121               0
   37        2282.235   -2418.426           0.000       0.000              37               0
  163        -274.242    -215.489           0.000      -0.000             163               0
  199        -233.205    1225.584           0.000       0.000             199               0
  148       -1202.031   -1746.193           0.000      -0.000             148               0
  155       -1735.793     321.263           0.000       0.000             155               0
    6        -389.303     662.651           0.000      -0.000               6               0
   80        -970.359    -743.352           0.000       0.000              80               0
  180        -203.652    -809.543           0.000      -0.000             180               0
  230        -191.363     176.578           0.000       0.000             230               0
   33         559.506    -363.207           0.000      -0.000              33               0
    6        1270.361   -1350.536           0.000       0.000               6               0
  159         919.397     689.980           0.000      -0.000             159               0
   52        1796.249     462.582           0.000       0.000              52               0
   90        -182.849    1009.028           0.000      -0.000              90               0
  211         309.265    -560.038           0.000       0.000             211               0
  107         -32.600    1062.645           0.000      -0.000             107               0
   56        -451.688      94.895           0.000       0.000              56               0
  111        -254.933     324.626           0.000      -0.000             111               0
  230       -2204.562    -242.113           0.000       0.000             230               0
  214         325.781    -507.688           0.000      -0.000             214               0
   25         936.560    -478.063           0.000       0.000              25               0
   84         463.778     182.523           0.000      -0.000              84               0
  248         800.377    -127.337           0.000       0.000             248               0
   14       -2055.017    -252.459           0.000      -0.000              14               0
   10        -213.791    1086.812           0.000       0.000              10               0
   81        -109.984     885.149           0.000      -0.000              81               0
  120        -195.919   -1811.320           0.000       0.000             120               0
  178        1389.644    -430.455           0.000      -0.000             178               0
  171        1148.898    -370.632           0.000       0.000             171               0
   93         130.055      56.501           0.000      -0.000              93               0
  250        1189.879     138.532           0.000       0.000             250               0
   23       -1342.339    -301.238           0.000      -0.000              23               0
  173        -824.789     233.588           0.000       0.000             173               0
  119        -311.102    1082.927           0.000      -0.000             119               0
  171          13.591    -159.140           0.000       0.000             171               0
  114          91.412   -1351.679           0.000      -0.000             114               0
  239         352.455     131.301           0.000       0.000             239               0
   12         721.675     428.711           0.000      -0.000              12               0
   44         492.499    -883.894           0.000       0.000              44               0
  121         620.349   -1575.294           0.000      -0.000             121               0
  123        -844.437     594.990           0.000       0.000             123               0
   11         628.362     910.814           0.000      -0.000              11               0
   22       -1229.635    1322.472           0.000       0.000              22               0
  250         675.102      19.553           0.000      -0.000             250               0
  164         -46.433    -277.693           0.000       0.000             164               0
  177         797.665    -458.387           0.000      -0.000             177               0
  179        -309.378     615.065           0.000       0.000             179               0
  162       -1782.041    -152.618           0.000      -0.000             162               0
  135        1600.250    -726.760           0.000       0.000             135               0
   47        -713.244      17.897           0.000      -0.000              47               0
  239         508.254    -576.140           0.000       0.000             239               0
  113        -112.830     269.136           0.000      -0.000             113               0
  185        -422.740     348.307           0.000       0.000             185               0
  225        1218.288     716.625           0.000      -0.000             225               0
  164        -148.625    1125.466           0.000       0.000             164               0
   99          50.502     912.564           0.000      -0.000              99               0
   41         310.434    -259.778           0.000       0.000              41               0
   41       -1156.761     207.768           0.000      -0.000              41               0
  199         875.000       0.022           0.000       0.000             199               0
  136       -1156.727    -208.050           0.000       0.000             136               0
   40         310.456     259.706           0.000       0.000              40               0
  105          50.680    -912.683           0.000       0.000             105               0
  229        -148.377   -1125.523           0.000       0.000             229               0
  129        1218.400    -716.384           0.000       0.000             129               0
  140        -422.736    -348.320           0.000       0.000             140               0
    8        -112.769    -269.078           0.000       0.000               8               0
   14         508.140     576.269           0.000       0.000              14               0
   29        -713.222     -18.000           0.000       0.000              29               0
  163        1600.068     727.013           0.000       0.000             163               0
  234       -1782.131     152.245           0.000       0.000             234               0
  112        -309.168    -615.138           0.000       0.000             112               0
  236         797.636     458.518           0.000       0.000             236               0
  130         -46.478     277.617           0.000       0.000             130               0
  255         675.060     -19.553           0.000       0.000             255               0
  164       -1229.412   -1322.730           0.000       0.000             164               0
   30         628.556    -910.637           0.000       0.000              30               0
   13        -844.286    -594.963           0.000       0.000              13               0
  196         620.179    1575.501           0.000       0.000             196               0
  247         492.387     883.911           0.000       0.000             247               0
   86         721.737    -428.642           0.000       0.000              86               0
  247         352.425    -131.201           0.000       0.000             247               0
    0          91.129    1351.664           0.000       0.000              -0               0
  164          13.504     159.001           0.000       0.000             164               0
  211        -310.980   -1083.039           0.000       0.000             211               0
  232        -824.762    -233.689           0.000       0.000             232               0
   59       -1342.250     301.025           0.000       0.000              59               0
  211        1190.044    -138.335           0.000       0.000             211               0
   74         130.134     -56.449           0.000       0.000              74               0
  235        1148.887     370.857           0.000       0.000             235               0
  195        1389.484     430.711           0.000       0.000             195               0
   83        -196.351    1811.169           0.000       0.000              83               0
  179        -109.920    -885.346           0.000       0.000             179               0
  147        -213.708   -1086.859           0.000       0.000             147               0
  179       -2055.005     252.149           0.000       0.000             179               0
  175         800.493     127.458           0.000       0.000             175               0
  104         463.843    -182.440           0.000       0.000             104               0
   36         936.434     478.224           0.000       0.000              36               0
   67         325.534     507.691           0.000       0.000              67               0
   77       -2204.643     241.650           0.000       0.000              77               0
  241        -254.776    -324.752           0.000       0.000             241               0
   24        -451.574     -95.046           0.000       0.000              24               0
   77         -32.302   -1062.661           0.000       0.000              77               0
  143         309.273     560.076           0.000       0.000             143               0
  208        -182.533   -1009.087           0.000       0.000             208               0
  218        1796.424    -462.228           0.000       0.000             218               0
   91         919.494    -689.695           0.000       0.000              91               0
  242        1270.052    1350.837           0.000       0.000             242               0
  194         559.289     363.277           0.000       0.000             194               0
   66        -191.482    -176.591           0.000       0.000              66               0
  164        -203.919     809.528           0.000       0.000             164               0
  234        -970.571     743.114           0.000       0.000             234               0
  112        -389.260    -662.767           0.000       0.000             112               0
  109       -1735.746    -321.482           0.000       0.000             109               0
  247       -1202.187    1745.960           0.000       0.000             247               0
  224        -232.827   -1225.665           0.000       0.000             224               0
   76        -274.071     215.562           0.000       0.000              76               0
   35        2281.892    2418.765           0.000       0.000              35               0
  192        -764.046      14.681           0.000       0.000             192               0
  166         905.826    -547.327           0.000       0.000             166               0
   58         260.625     -73.363           0.000       0.000              58               0
   40        -878.188    -550.278           0.000       0.000              40               0
  118       -1598.896       0.088           0.000       0.000             118               0
    4        1770.916    1554.206           0.000       0.000               4               0
  174         717.947     -72.212           0.000       0.000             174               0
  119        -726.109    -188.602           0.000       0.000             119               0
   90         146.407     362.626           0.000       0.000              90               0
  175          46.284     400.306           0.000       0.000             175               0
    0         560.611    1168.685           0.000       0.000              -0               0
  158         426.018     -30.023           0.000       0.000             158               0
   80        -617.916      71.866           0.000       0.000              80               0
  116         485.799     219.475           0.000       0.000             116               0
   16        -959.460   -1140.951           0.000       0.000              16               0
  142        -836.849     741.183           0.000       0.000             142               0
   63        -247.687    -530.159           0.000       0.000              63               0
   55        1031.618    1066.930           0.000       0.000              55               0
  142       -2002.503    -383.576           0.000       0.000             142               0
   63        2501.150    -226.073           0.000       0.000              63               0
   94         865.818     594.573           0.000       0.000              94               0
  215         474.953     -57.526           0.000       0.000             215               0
  238         913.904    1071.196           0.000       0.000             238               0
   67         690.239   -1607.672           0.000       0.000              67               0
   75         -55.013   -1135.133           0.000       0.000              75               0
  110         262.968    -311.510           0.000       0.000             110               0
   97         312.022     124.801           0.000       0.000              97               0
  223         136.874    -456.960           0.000       0.000             223               0
  107       -1864.265     749.207           0.000       0.000             107               0
  149        -979.111    1445.722           0.000       0.000             149               0
  103        -506.419    -740.538           0.000       0.000             103               0
   22         721.688    -935.939           0.000       0.000              22               0
  162         335.477     212.065           0.000       0.000             162               0
  254         367.329    -273.602           0.000       0.000             254               0
  140          40.265     541.180           0.000       0.000             140               0
  198          42.564     -42.399           0.000       0.000             198               0
   75         262.121    -759.267           0.000       0.000              75               0
   67        -577.874     191.132           0.000       0.000              67               0
  180        1064.967    -879.796           0.000       0.000             180               0
   34        -698.649     459.138           0.000       0.000              34               0
  236        1674.598   -1165.762           0.000       0.000             236               0
  220        -829.647    -527.208           0.000       0.000             220               0
   11         359.988    -322.662           0.000       0.000              11               0
  243        -489.166     314.731           0.000       0.000             243               0
  232         669.055    -708.418           0.000       0.000             232               0
   67        -195.326     420.550           0.000       0.000              67               0
  216        -681.683    -988.539           0.000       0.000             216               0
  201         619.116     280.794           0.000       0.000             201               0
  217         656.631    1130.991           0.000       0.000             217               0
   20         569.624     276.881           0.000       0.000              20               0
  219       -1597.400     134.101           0.000       0.000             219               0
   11        -193.422    1411.089           0.000       0.000              11               0
   79        -426.865     -78.027           0.000       0.000              79               0
  211        -447.658     453.114           0.000       0.000             211               0
  125        -599.118     270.270           0.000       0.000             125               0
    2       -1592.265   -1102.545           0.000       0.000               2               0
  179         170.970     272.189           0.000       0.000             179               0
  210       -1251.379    -501.285           0.000       0.000             210               0
  199        -469.654     -88.184           0.000       0.000             199               0
  249         105.565     407.891           0.000       0.000             249               0
  240         324.790    1904.958           0.000       0.000             240               0
  151         908.878   -1041.260           0.000       0.000             151               0
  214        1647.338    -614.254           0.000       0.000             214               0
  156         183.246    -317.819           0.000       0.000             156               0
  142          77.988      47.596           0.000       0.000             142               0
  115        -193.452   -1535.645           0.000       0.000             115               0
  165         534.914   -1787.580           0.000       0.000             165               0
  159         774.511     160.374           0.000       0.000             159               0
  101         154.898    -562.535           0.000       0.000             101               0
