SINAL     NFT                         FFT                         NFT INVERSA     FFT INVERSA
-----     -----------------------     -----------------------     -----------     -----------
  201       31464.000       0.000           0.000       0.000             201               0
  151         -67.719    -527.376           0.000      -0.000             151               0
  189        1855.601   -1483.018           0.000       0.000             189               0
  170         528.339   -1378.345           0.000      -0.000             170               0
   97         516.385      66.957           0.000       0.000              97               0
    8        -535.519     724.204           0.000      -0.000               8               0
  207         458.828    -655.059           0.000       0.000             207               0
  132       -1047.731    -942.076           0.000      -0.000             132               0
  202         426.811    2399.748           0.000       0.000             202               0
  237        1423.740    -313.956           0.000      -0.000             237               0
   16         241.088     731.607           0.000       0.000              16               0
   71        -540.086     111.879           0.000      -0.000              71               0
   74        1417.777    -766.735           0.000       0.000              74               0
  186         692.841     231.891           0.000      -0.000             186               0
   98         288.283    1708.435           0.000       0.000              98               0
  244        -695.763    -822.009           0.000      -0.000             244               0
   60         108.737    -598.645           0.000       0.000              60               0
  182         644.058    2103.567           0.000      -0.000             182               0
  255       -1399.631   -1221.891           0.000       0.000             255               0
   93        -522.418   -1154.804           0.000      -0.000              93               0
  239         706.932    -478.251           0.000       0.000             239               0
  106         244.263     838.096           0.000      -0.000             106               0
  229        -149.936    1258.794           0.000       0.000             229               0
  228       -1516.927    -481.852           0.000      -0.000             228               0
  120         595.014    -569.613           0.000       0.000             120               0
   41        -223.461     603.473           0.000      -0.000              41               0
  230         253.787     240.087           0.000       0.000             230               0
  159         688.496      34.486           0.000      -0.000             159               0
  100        -725.619    1051.736           0.000       0.000             100               0
  242        1036.203    -885.197           0.000      -0.000             242               0
  222       -1678.285    -487.368           0.000       0.000             222               0
   79        1065.980    -285.207           0.000      -0.000              79               0
   78         467.690    -791.765           0.000       0.000              78               0
  120        -489.640    -365.066           0.000      -0.000             120               0
   76         162.272     800.408           0.000       0.000              76               0
  198        1523.944    -587.520           0.000      -0.000             198               0
   75         943.361    -398.764           0.000       0.000              75               0
  239        1142.435   -2204.675           0.000      -0.000             239               0
   77        -194.214   -1690.905           0.000       0.000              77               0
   53         650.819    -155.441           0.000      -0.000              53               0
    4         156.596    -369.307           0.000       0.000               4               0
  101         444.454     330.224           0.000      -0.000             101               0
  190        1800.560    -345.656           0.000       0.000             190               0
  207          -0.542    -405.356           0.000      -0.000             207               0
   41         128.974     306.964           0.000       0.000              41               0
  129         -68.515    1178.409           0.000      -0.000             129               0
  159       -1459.948    -648.791           0.000       0.000             159               0
  108        -303.895   -1112.315           0.000      -0.000             108               0
   20        -848.199    -158.000           0.000       0.000              20               0
  181         899.721    -659.732           0.000      -0.000             181               0
  204         -44.786     948.602           0.000       0.000             204               0
  158        -765.745    -417.475           0.000      -0.000             158               0
   37         475.910      18.482           0.000       0.000              37               0
  130        -158.279     217.996           0.000      -0.000             130               0
   17        -663.090    1618.568           0.000       0.000              17               0
  202        1832.154     820.463           0.000      -0.000             202               0
  188        -563.214      69.898           0.000       0.000             188               0
  249         147.427       1.159           0.000      -0.000             249               0
   29        -792.815    -177.489           0.000       0.000              29               0
  181        1330.362     411.520           0.000      -0.000             181               0
  135        -844.761     323.221           0.000       0.000             135               0
   70         706.913    -776.846           0.000      -0.000              70               0
   75        2181.839   -1126.820           0.000       0.000              75               0
  169       -1285.130     269.846           0.000      -0.000             169               0
   34        -367.053    1132.997           0.000       0.000              34               0
   93         228.798    -448.602           0.000      -0.000              93               0
  124         255.044    2042.028           0.000       0.000             124               0
    7        -398.683    1624.884           0.000      -0.000               7               0
  106         400.087     -25.397           0.000       0.000             106               0
   22        -454.185    -904.376           0.000      -0.000              22               0
   89        -237.463     142.053           0.000       0.000              89               0
   57         267.435    -444.077           0.000      -0.000              57               0
  167        -758.584     332.759           0.000       0.000             167               0
   10          74.860      36.246           0.000      -0.000              10               0
  222         765.529   -1130.398           0.000       0.000             222               0
    8        -724.096    1797.488           0.000      -0.000               8               0
   35       -1126.577    1699.138           0.000       0.000              35               0
   14           1.057     -57.206           0.000      -0.000              14               0
   24         728.371    -360.514           0.000       0.000              24               0
  181         254.298   -1397.246           0.000      -0.000             181               0
  181         623.642     277.723           0.000       0.000             181               0
   22         351.979     -71.811           0.000      -0.000              22               0
   49        -111.238    1550.591           0.000       0.000              49               0
  209         655.675    -846.926           0.000      -0.000             209               0
  192        -543.284    1063.519           0.000       0.000             192               0
   57         254.230    -102.677           0.000      -0.000              57               0
  134        1703.236     904.519           0.000       0.000             134               0
  236        1712.416     -38.985           0.000      -0.000             236               0
  245         180.255     964.052           0.000       0.000             245               0
  173         592.282      -7.789           0.000      -0.000             173               0
  255        1288.689    -635.555           0.000       0.000             255               0
  219        -491.899    -596.083           0.000      -0.000             219               0
  170        -712.942   -1122.989           0.000       0.000             170               0
   12         620.927     546.812           0.000      -0.000              12               0
  117          73.706     733.701           0.000       0.000             117               0
   23       -1291.165     181.623           0.000      -0.000              23               0
  171         -45.706     380.208           0.000       0.000             171               0
   46          57.132      13.116           0.000      -0.000              46               0
  235        -484.495    -145.714           0.000       0.000             235               0
   96          96.709    -413.305           0.000      -0.000              96               0
   27        -244.473     891.983           0.000       0.000              27               0
   28         -70.927    -414.148           0.000      -0.000              28               0
   20         835.728     857.164           0.000       0.000              20               0
  165        -547.307    -375.653           0.000      -0.000             165               0
  170         871.997    -958.625           0.000       0.000             170               0
  161         506.249    -286.240           0.000      -0.000             161               0
  128       -1098.945     858.780           0.000       0.000             128               0
   77        1131.265    -208.979           0.000      -0.000              77               0
  215       -1702.611    1004.716           0.000       0.000             215               0
   34           4.499    1365.958           0.000      -0.000              34               0
   24       -1704.977     968.786           0.000       0.000              24               0
   52       -1208.865     440.906           0.000      -0.000              52               0
  208        -780.041   -1023.068           0.000       0.000             208               0
   37         969.367     557.626           0.000      -0.000              37               0
   32          -4.823    1640.208           0.000       0.000              32               0
  220        -256.721      34.307           0.000      -0.000             220               0
  185         164.837    1813.412           0.000       0.000             185               0
  222        1573.887     267.245           0.000      -0.000             222               0
  219         500.609    -551.426           0.000       0.000             219               0
   29        -506.439     -98.431           0.000      -0.000              29               0
  201          90.879    1268.064           0.000       0.000             201               0
  114       -1322.256   -1416.089           0.000      -0.000             114               0
  196         978.070   -1152.895           0.000       0.000             196               0
   77       -1316.363     915.564           0.000      -0.000              77               0
  235         201.468     935.692           0.000       0.000             235               0
  190         247.222    1305.493           0.000      -0.000             190               0
  164         -27.266   -1623.724           0.000       0.000             164               0
  222       -1776.779    -321.647           0.000      -0.000             222               0
  107         890.000       0.059           0.000       0.000             107               0
   18       -1776.834     321.315           0.000       0.000              18               0
  249         -27.432    1623.532           0.000       0.000             249               0
  155         247.482   -1305.677           0.000       0.000             155               0
  203         201.594    -935.732           0.000       0.000             203               0
   68       -1316.168    -915.744           0.000       0.000              68               0
  196         977.905    1153.081           0.000       0.000             196               0
   43       -1322.479    1415.684           0.000       0.000              43               0
  189          91.180   -1268.224           0.000       0.000             189               0
    7        -506.352      98.274           0.000       0.000               7               0
   41         500.652     551.354           0.000       0.000              41               0
  133        1573.937    -267.213           0.000       0.000             133               0
  160         165.050   -1813.511           0.000       0.000             160               0
  118        -256.761     -34.430           0.000       0.000             118               0
  107          -4.555   -1640.262           0.000       0.000             107               0
  233         969.362    -557.403           0.000       0.000             233               0
    0        -780.369    1022.892           0.000       0.000              -0               0
  131       -1208.865    -441.260           0.000       0.000             131               0
   92       -1704.755    -969.182           0.000       0.000              92               0
  195           4.807   -1365.982           0.000       0.000             195               0
  217       -1702.305   -1004.930           0.000       0.000             217               0
  188        1131.357     209.217           0.000       0.000             188               0
   85       -1098.710    -858.911           0.000       0.000              85               0
  205         506.353     286.419           0.000       0.000             205               0
  143         871.877     958.768           0.000       0.000             143               0
  216        -547.326     375.458           0.000       0.000             216               0
   18         835.916    -857.078           0.000       0.000              18               0
   23         -71.009     414.098           0.000       0.000              23               0
   61        -244.302    -892.045           0.000       0.000              61               0
  121          96.658     413.331           0.000       0.000             121               0
  190        -484.487     145.583           0.000       0.000             190               0
  105          57.183     -13.175           0.000       0.000             105               0
  169         -45.636    -380.272           0.000       0.000             169               0
  124       -1291.051    -181.884           0.000       0.000             124               0
  120          73.990    -733.698           0.000       0.000             120               0
  226         621.096    -546.624           0.000       0.000             226               0
   63        -713.050    1122.916           0.000       0.000              63               0
   82        -491.796     595.942           0.000       0.000              82               0
   65        1288.757     635.654           0.000       0.000              65               0
    3         592.365       7.726           0.000       0.000               3               0
  164         180.548    -964.120           0.000       0.000             164               0
   15        1712.512      39.203           0.000       0.000              15               0
  248        1703.327    -904.285           0.000       0.000             248               0
   12         254.093     102.679           0.000       0.000              12               0
   41        -543.127   -1063.617           0.000       0.000              41               0
  194         655.542     846.994           0.000       0.000             194               0
  228        -110.981   -1550.643           0.000       0.000             228               0
   29         351.994      71.927           0.000       0.000              29               0
  181         623.681    -277.557           0.000       0.000             181               0
  223         254.038    1397.277           0.000       0.000             223               0
  186         728.244     360.498           0.000       0.000             186               0
  174           0.926      57.018           0.000       0.000             174               0
   90       -1126.341   -1699.449           0.000       0.000              90               0
  203        -723.714   -1797.510           0.000       0.000             203               0
  213         765.392    1130.616           0.000       0.000             213               0
  144          74.831     -36.271           0.000       0.000             144               0
    6        -758.510    -332.887           0.000       0.000               6               0
   78         267.403     444.109           0.000       0.000              78               0
   20        -237.424    -142.122           0.000       0.000              20               0
   68        -454.273     904.214           0.000       0.000              68               0
   39         400.136      25.263           0.000       0.000              39               0
    7        -398.363   -1625.097           0.000       0.000               7               0
  246         255.453   -2041.925           0.000       0.000             246               0
  180         228.745     448.718           0.000       0.000             180               0
  139        -366.841   -1133.008           0.000       0.000             139               0
  240       -1284.903    -269.915           0.000       0.000             240               0
  250        2181.794    1127.261           0.000       0.000             250               0
  198         706.723     776.903           0.000       0.000             198               0
   47        -844.683    -323.442           0.000       0.000              47               0
  196        1330.443    -411.315           0.000       0.000             196               0
  183        -792.866     177.342           0.000       0.000             183               0
   38         147.474      -1.186           0.000       0.000              38               0
    6        -563.098     -70.075           0.000       0.000               6               0
   11        1832.314    -820.236           0.000       0.000              11               0
  131        -662.875   -1618.634           0.000       0.000             131               0
   13        -158.202    -217.900           0.000       0.000              13               0
  204         475.915     -18.310           0.000       0.000             204               0
   24        -765.797     417.378           0.000       0.000              24               0
  131         -44.538    -948.537           0.000       0.000             131               0
   33         899.612     659.990           0.000       0.000              33               0
  222        -848.248     157.927           0.000       0.000             222               0
   97        -304.052    1112.283           0.000       0.000              97               0
   24       -1459.940     648.448           0.000       0.000              24               0
   14         -68.115   -1178.461           0.000       0.000              14               0
   20         129.205    -306.859           0.000       0.000              20               0
    1          -0.395     405.428           0.000       0.000               1               0
  128        1800.638     345.980           0.000       0.000             128               0
  194         444.539    -330.096           0.000       0.000             194               0
   35         156.605     369.426           0.000       0.000              35               0
  168         650.862     155.677           0.000       0.000             168               0
  207        -194.391    1690.974           0.000       0.000             207               0
   38        1142.187    2204.782           0.000       0.000              38               0
  199         943.352     398.760           0.000       0.000             199               0
   80        1523.812     587.622           0.000       0.000              80               0
   23         162.315    -800.465           0.000       0.000              23               0
   52        -489.699     364.982           0.000       0.000              52               0
  122         467.606     791.787           0.000       0.000             122               0
  142        1065.866     285.299           0.000       0.000             142               0
   12       -1678.358     487.000           0.000       0.000              12               0
  170        1036.124     885.198           0.000       0.000             170               0
   37        -725.399   -1052.003           0.000       0.000              37               0
   80         688.576     -34.435           0.000       0.000              80               0
   50         253.835    -240.120           0.000       0.000              50               0
  236        -223.331    -603.530           0.000       0.000             236               0
  189         594.905     569.690           0.000       0.000             189               0
   15       -1516.969     481.467           0.000       0.000              15               0
   99        -149.568   -1258.912           0.000       0.000              99               0
  110         244.537    -837.998           0.000       0.000             110               0
  223         706.905     478.451           0.000       0.000             223               0
  119        -522.591    1154.697           0.000       0.000             119               0
   70       -1399.668    1221.460           0.000       0.000              70               0
   80         644.618   -2103.564           0.000       0.000              80               0
   24         108.765     598.686           0.000       0.000              24               0
  140        -695.707     821.753           0.000       0.000             140               0
   79         288.828   -1708.477           0.000       0.000              79               0
  166         693.117    -231.724           0.000       0.000             166               0
  181        1417.782     766.946           0.000       0.000             181               0
   38        -539.930    -112.071           0.000       0.000              38               0
   50         241.464    -731.618           0.000       0.000              50               0
  128        1423.879     314.114           0.000       0.000             128               0
  112         427.319   -2399.634           0.000       0.000             112               0
  159       -1047.661     942.039           0.000       0.000             159               0
  223         459.044     655.114           0.000       0.000             223               0
  242        -534.999    -724.293           0.000       0.000             242               0
   99         516.925     -66.764           0.000       0.000              99               0
  167         528.765    1378.493           0.000       0.000             167               0
    3        1856.177    1483.235           0.000       0.000               3               0
  240         -66.210     527.184           0.000       0.000             240               0
