SINAL     NFT                         FFT                         NFT INVERSA     FFT INVERSA
-----     -----------------------     -----------------------     -----------     -----------
   19       31814.000       0.000           0.000       0.000              19               1
  107        1209.250    1302.845         -15.616      22.518             107               0
  150           4.767     276.655           0.000       0.000             150              -0
  157        -277.626    -302.125         -66.546      24.736             157               0
   52       -1722.962     242.966           0.000       0.000              52               0
  160         352.406    -192.787          64.655      34.503             160              -0
  128        -465.774    1365.100           0.000       0.000             128              -0
  110         -94.520   -1794.161         -15.463      19.321             110               0
    8         289.517    -426.120           0.000       0.000               8               0
  170       -1483.653     233.566          -1.976       2.325             170               0
  157          13.288    -713.671           0.000       0.000             157              -0
   25        -569.096    1388.471         -18.776       4.949              25               0
  238        1870.556     751.979           0.000       0.000             238               0
  178          24.986    -704.464          23.532      15.701             178              -0
  234         106.308     441.225           0.000       0.000             234              -0
    0        1010.713   -1147.966          -5.106       9.841               0               0
  103         -90.566      68.616           0.000       0.000             103               0
  247        -511.420     517.073          -1.168       1.128             247               0
   15       -1194.183     721.529           0.000       0.000              15              -0
   86        1629.455    1282.866         -11.166       1.797              86               0
  198        -230.399     287.228           0.000       0.000             198               0
  121         379.010    1582.834          13.638      11.177             121              -0
  193         659.343     363.588           0.000       0.000             193              -0
  206        -792.226     209.878          -5.833       4.908             206               0
  158        -152.893     252.128           0.000       0.000             158               0
  255        -831.424    -650.486          -0.873       0.691             255               0
   61       -1521.310   -1562.473           0.000       0.000              61              -0
    6        -945.234    -197.865          -8.018       0.493               6               0
    9        -964.894    -547.112           0.000       0.000               9               0
  103        -834.205     845.170           9.126       9.114             103              -0
   39        -826.339    -407.245           0.000       0.000              39              -0
  132       -1009.182    -593.845          -2.722       4.670             132               0
   71        1039.554    1077.775           0.000       0.000              71               0
  246       -1584.762   -1707.648          -0.718       0.462             246               0
   70         -41.474    -931.294           0.000       0.000              70              -0
  108         661.032    1383.158          -6.271      -0.231             108               0
  196         139.168   -1695.119           0.000       0.000             196               0
  223        -327.217    -348.209           6.505       7.916             223              -0
  230       -1208.838    -632.529           0.000       0.000             230              -0
  126        -129.164     473.015          -4.039       2.223             126               0
  159        1075.127     722.690           0.000       0.000             159               0
  148        1089.132    -385.470          -0.621       0.318             148               0
  182         567.539    -763.478           0.000       0.000             182              -0
  190        -166.452     669.378          -5.142      -0.698             190               0
  209         350.297    -401.225           0.000       0.000             209               0
  113         411.360      -4.889           4.764       7.120             113              -0
   27       -2004.431     307.943           0.000       0.000              27              -0
   66         526.227     -42.665          -2.847       2.396              66               0
  149         577.504    -362.509           0.000       0.000             149               0
   58        -159.091    -202.915          -0.553       0.218              58               0
  180        -883.388      24.731           0.000       0.000             180              -0
   98        -608.544     323.106          -4.340      -1.031              98               0
  132         177.828    -306.219           0.000       0.000             132               0
   88        -714.595    -350.032           3.503       6.543              88              -0
   50         738.904     270.156           0.000       0.000              50              -0
   51         -16.799       4.143          -3.239       1.026              51               0
  110         216.534   -1061.570           0.000       0.000             110               0
  118        -895.464     663.228          -0.502       0.143             118               0
  128         467.128     303.474           0.000       0.000             128              -0
   38         381.248     301.563          -3.730      -1.283              38               0
   54         -32.177    -540.662           0.000       0.000              54               0
   19        -164.865    1254.336           2.531       6.099              19              -0
  114          48.575    -796.699           0.000       0.000             114              -0
  122         338.679   -1488.485          -2.147       1.899             122               0
  159         788.020   -1193.937           0.000       0.000             159               0
  242         -99.668     481.936          -0.462       0.084             242               0
   59       -1584.947    -567.109           0.000       0.000              59              -0
   30       -1379.046    -429.405          -3.243      -1.485              30               0
   56         -47.562     493.620           0.000       0.000              56               0
  135        -662.272    1024.196           1.745       5.739             135              -0
  229        -809.418     729.484           0.000       0.000             229              -0
  161       -1247.153    -347.346          -2.758       0.306             161               0
   64         581.114      70.302           0.000       0.000              64               0
   10        -908.236     566.535          -0.429       0.035              10               0
  128       -1627.904      70.116           0.000       0.000             128              -0
   78        2270.515    -170.320          -2.837      -1.653              78               0
   50         387.898     -73.706           0.000       0.000              50               0
    7         863.106    1327.256           1.085       5.438               7              -0
   69        1502.685     217.873           0.000       0.000              69              -0
  234        -628.565     486.915          -2.346       0.743             234               0
  123        1185.797     795.549           0.000       0.000             123               0
  149        -309.346      38.635          -0.401      -0.007             149               0
  186        -685.521     431.840           0.000       0.000             186              -0
  149        -481.957     -99.349          -2.488      -1.798             149               0
   84       -1024.746    -931.217           0.000       0.000              84               0
  152        -667.543      56.932           0.513       5.176             152              -0
  167         421.557    -869.403           0.000       0.000             167              -0
  179        1417.739     372.444          -2.415      -0.208             179               0
   77         762.669    1071.360           0.000       0.000              77               0
  148       -1010.535    1584.982          -0.376      -0.044             148               0
    9        -333.217     319.616           0.000       0.000               9              -0
   18         230.896     628.770          -2.178      -1.926              18               0
  126          56.026   -1137.889           0.000       0.000             126               0
  208        -280.011    -143.496           0.003       4.943             208              -0
   21         446.320   -1504.891           0.000       0.000              21              -0
  245          17.546     325.609          -2.112       0.557             245               0
   90       -2139.537    -806.360           0.000       0.000              90               0
   21         276.224     212.185          -0.354      -0.077              21              -0
   13        -903.202    -283.419           0.000       0.000              13              -0
   84        -864.936     750.599          -1.897      -2.043              84               0
   21          83.496    -171.738           0.000       0.000              21               0
   30         225.636     952.987          -0.463       4.730              30              -0
  233         250.557    1504.796           0.000       0.000             233              -0
  202        -880.366    -323.923          -2.139      -0.620             202               0
  161         -91.492    -654.707           0.000       0.000             161               0
  205         -28.796    -467.287          -0.333      -0.107             205              -0
  224        1017.660    1073.667           0.000       0.000             224              -0
   51         563.446     101.957          -1.636      -2.151              51               0
  239         190.736      48.745           0.000       0.000             239               0
  176        -886.883   -1495.901          -0.898       4.531             176              -0
  175         775.625    -301.644           0.000       0.000             175              -0
   64         -45.773   -1636.758          -2.067      -0.178              64               0
  121         547.166      30.715           0.000       0.000             121               0
   86        -304.290     225.041          -0.314      -0.136              86              -0
   59          51.573     -79.920           0.000       0.000              59              -0
   45        -342.731    -954.941          -1.388      -2.253              45               0
  109         104.046    -174.409           0.000       0.000             109               0
   37        -862.690   -1591.947          -1.314       4.341              37              -0
  138         863.668    -553.874           0.000       0.000             138              -0
  139         345.006    -582.181          -1.896      -0.984             139               0
  154       -1456.722    1514.219           0.000       0.000             154               0
  219         -70.239     176.051          -0.295      -0.164             219              -0
   22        -586.497      55.125           0.000       0.000              22              -0
  225        1204.680     665.371          -1.148      -2.353             225               0
   76         694.802    -147.007           0.000       0.000              76               0
  148       -1061.280    -164.435          -1.718       4.156             148              -0
   88        -234.942    -286.080           0.000       0.000              88              -0
    9         109.337    -251.557           0.000       0.000               9               0
  169        -126.000       0.017           0.000       0.000             169               0
  187         109.283     251.616          -0.276      -0.192             187              -0
  126        -235.021     286.053           0.000       0.000             126              -0
   58       -1061.244     164.248          -0.911      -2.451              58               0
  161         694.878     147.086           0.000       0.000             161               0
   23        1204.738    -665.175          -2.120       3.972              23              -0
  118        -586.579     -55.193           0.000       0.000             118              -0
   83         -70.267    -176.062          -1.664      -1.332              83               0
   42       -1456.438   -1514.347           0.000       0.000              42               0
  223         345.012     582.430          -0.258      -0.219             223              -0
   43         863.551     554.156           0.000       0.000              43              -0
    8        -862.983    1591.842          -0.672      -2.550               8               0
   37         104.041     174.413           0.000       0.000              37               0
   20        -342.870     954.861          -2.526       3.786              20              -0
  159          51.591      79.873           0.000       0.000             159              -0
  110        -304.202    -225.088          -1.832      -0.951             110               0
   57         547.208     -30.539           0.000       0.000              57               0
   67         -46.031    1636.770          -0.239      -0.247              67              -0
  103         775.543     301.728           0.000       0.000             103              -0
  125        -887.145    1495.652          -0.427      -2.652             125               0
  101         190.812     -48.877           0.000       0.000             101               0
   64         563.497    -101.993          -2.946       3.594              64              -0
  197        1017.783   -1073.531           0.000       0.000             197              -0
  210         -28.980     467.299          -1.423      -1.692             210               0
  133         -91.694     654.617           0.000       0.000             133               0
  217        -880.446     323.608          -0.219      -0.277             217              -0
  119         250.818   -1504.864           0.000       0.000             119              -0
   24         225.746    -952.911          -0.169      -2.758              24               0
  136          83.367     171.783           0.000       0.000             136               0
  199        -864.894    -750.706          -3.388       3.392             199              -0
  237        -903.245     283.327           0.000       0.000             237              -0
  255         276.220    -212.083          -1.868      -1.089             255               0
  248       -2139.640     806.029           0.000       0.000             248               0
  185          17.752    -325.572          -0.198      -0.308             185              -0
   36         446.127    1504.961           0.000       0.000              36              -0
  111        -280.004     143.371           0.106      -2.872             111               0
  162          55.881    1137.761           0.000       0.000             162               0
  191         231.009    -628.906          -3.863       3.175             191              -0
  105        -333.170    -319.809           0.000       0.000             105              -0
  184       -1010.170   -1585.217          -1.153      -2.096             184               0
   67         762.987   -1071.165           0.000       0.000              67               0
   64        1417.792    -372.080          -0.175      -0.342              64              -0
   87         421.285     869.535           0.000       0.000              87              -0
  116        -667.641     -57.031           0.407      -2.997             116               0
  120       -1024.913     931.017           0.000       0.000             120               0
   50        -481.927      99.166          -4.387       2.936              50              -0
  187        -685.363    -432.029           0.000       0.000             187              -0
  149        -309.188     -38.756          -1.559      -1.852             149               0
   90        1186.009    -795.403           0.000       0.000              90               0
  137        -628.404    -487.025          -0.150      -0.379             137              -0
   40        1502.805    -217.647           0.000       0.000              40              -0
    0         863.293   -1327.074           0.745      -3.137              -0               0
  157         387.857      73.862           0.000       0.000             157               0
  137        2270.295     170.729          -4.978       2.665             137              -0
  111       -1628.125     -70.395           0.000       0.000             111              -0
  147        -908.172    -566.666          -0.821      -2.592             147               0
   39         581.048     -70.155           0.000       0.000              39               0
  216       -1247.312     347.126          -0.120      -0.423             216              -0
   12        -809.306    -729.645           0.000       0.000              12              -0
   86        -662.082   -1024.239           1.135      -3.298              86               0
  250         -47.502    -493.480           0.000       0.000             250               0
  199       -1379.133     429.312          -5.665       2.351             199              -0
   67       -1584.906     566.907           0.000       0.000              67              -0
  210         -99.382    -481.848          -1.853      -2.095             210               0
  247         787.939    1194.189           0.000       0.000             247               0
  147         338.464    1488.521          -0.086      -0.474             147              -0
   24          48.458     796.562           0.000       0.000              24              -0
  112        -164.622   -1254.426           1.599      -3.491             112               0
  177         -32.212     540.659           0.000       0.000             177               0
   71         381.336    -301.536          -6.491       1.974              71              -0
  167         467.146    -303.397           0.000       0.000             167              -0
   90        -895.349    -663.303          -0.363      -3.278              90               0
  227         216.411    1061.652           0.000       0.000             227               0
   19         -16.762      -4.178          -0.043      -0.536              19              -0
  115         738.925    -270.018           0.000       0.000             115              -0
  193        -714.686     349.935           2.173      -3.729             193               0
  165         177.768     306.226           0.000       0.000             165               0
  123        -608.511    -323.219          -7.523       1.502             123              -0
  154        -883.325     -24.851           0.000       0.000             154              -0
   87        -159.014     202.912          -1.083      -3.420              87               0
  240         577.503     362.598           0.000       0.000             240               0
  138         526.160      42.723           0.011      -0.617             138              -0
  164       -2004.337    -308.279           0.000       0.000             164              -0
   50         411.515       4.988           2.918      -4.037              50               0
  250         350.302     401.277           0.000       0.000             250               0
  123        -166.257    -669.377          -8.881       0.881             123              -0
   30         567.511     763.613           0.000       0.000              30              -0
  238        1089.095     385.601           0.378      -4.387             238               0
    4        1075.157    -722.528           0.000       0.000               4               0
  185        -129.230    -472.948           0.084      -0.725             185              -0
  163       -1208.987     632.416           0.000       0.000             163              -0
  156        -327.222     348.216           3.946      -4.463             156               0
  216         138.931    1695.084           0.000       0.000             216               0
  142         661.234   -1383.074         -10.792       0.007             142              -0
   65         -41.737     931.374           0.000       0.000              65              -0
  126       -1585.043    1707.287          -1.298      -4.926             126               0
  183        1039.729   -1077.690           0.000       0.000             183               0
   66       -1009.368     593.674           0.192      -0.885              66              -0
  215        -826.420     407.027           0.000       0.000             215              -0
  134        -834.054    -845.327           5.495      -5.104             134               0
  102        -964.951     546.984           0.000       0.000             102               0
  238        -945.210     197.728         -13.749      -1.345             238               0
  220       -1521.444    1562.165           0.000       0.000             220              -0
   44        -831.327     650.168           1.958      -6.752              44               0
  233        -152.661    -252.328           0.000       0.000             233               0
  217        -791.970    -210.155           0.370      -1.149             217              -0
   13         659.622    -363.637           0.000       0.000              13              -0
  129         379.409   -1582.848           8.160      -6.208             129               0
  192        -230.188    -287.293           0.000       0.000             192               0
  121        1629.735   -1282.601         -19.078      -3.782             121               0
  151       -1194.031    -721.662           0.000       0.000             151              -0
  200        -511.160    -517.062           0.841      -9.762             200               0
  150         -90.332     -68.512           0.000       0.000             150               0
  162        1010.688    1148.158           0.732      -1.685             162              -0
  190         106.499    -441.228           0.000       0.000             190              -0
  244          25.049     704.428          14.004      -8.629             244               0
  109        1870.758    -751.740           0.000       0.000             109               0
   65        -568.853   -1388.489         -31.960      -9.672              65               0
   16          13.235     713.773           0.000       0.000              16              -0
   30       -1483.445    -233.761           8.871     -17.098              30               0
   28         289.696     426.251           0.000       0.000              28               0
  146         -94.604    1794.067           1.907      -3.424             146              -0
  200        -465.268   -1365.269           0.000       0.000             200              -0
  150         352.663     192.859          38.296     -18.691             150               0
  249       -1722.491    -243.256           0.000       0.000             249               0
  113        -276.984     302.060        -112.830     -46.647             113               0
  116           5.791    -276.709           0.000       0.000             116              -0
   95        1211.212   -1302.595           0.000       0.000              95               0
