SINAL     NFT                         FFT                         NFT INVERSA     FFT INVERSA
-----     -----------------------     -----------------------     -----------     -----------
  137       31801.000       0.000           0.000       0.000             137               1
  194        -601.826     552.385         -15.616      22.518             194               0
  140        1020.412     234.113           0.000       0.000             140              -0
   86         223.995    1014.984         -66.546      24.736              86               0
  128         192.615    -860.605           0.000       0.000             128               0
  204         944.396    -382.646          64.655      34.503             204              -0
  137         -94.828    -570.217           0.000       0.000             137              -0
  165         156.849   -1014.798         -15.463      19.321             165               0
   72         481.464    -661.621           0.000       0.000              72               0
  156        1356.046    -832.258          -1.976       2.325             156               0
  109        -522.330     798.475           0.000       0.000             109              -0
  145         249.330    -916.592         -18.776       4.949             145               0
  248        1614.935    -493.989           0.000       0.000             248               0
  248        1589.548     705.371          23.532      15.701             248              -0
   72          39.021    1005.256           0.000       0.000              72              -0
   67       -1931.781    1100.017          -5.106       9.841              67               0
  127       -1077.452    1551.300           0.000       0.000             127               0
   99         -77.484     -66.576          -1.168       1.128              99               0
   96        1103.934     290.356           0.000       0.000              96              -0
    3        1936.222     395.668         -11.166       1.797               3               0
  114        -626.642    -295.791           0.000       0.000             114               0
  137        1501.175     213.434          13.638      11.177             137              -0
    1       -1369.012    1825.652           0.000       0.000               1              -0
  224         -45.891     271.112          -5.833       4.908             224               0
   66         771.786    -493.626           0.000       0.000              66               0
  168        -451.209     497.433          -0.873       0.691             168               0
   55       -2082.138     327.234           0.000       0.000              55              -0
   49        1048.104     358.197          -8.018       0.493              49               0
  217        -821.483    -547.602           0.000       0.000             217               0
  151       -1624.188   -1394.116           9.126       9.114             151              -0
  113        -120.217    -557.285           0.000       0.000             113              -0
   99       -1355.930    1530.311          -2.722       4.670              99               0
   48        -797.383    -343.004           0.000       0.000              48               0
  114         216.808     410.215          -0.718       0.462             114               0
   30         597.916    -839.430           0.000       0.000              30              -0
    9        -601.503   -1752.022          -6.271      -0.231               9               0
   16        1076.192     317.496           0.000       0.000              16               0
  125         684.325     720.575           6.505       7.916             125              -0
  114        -343.801    1491.314           0.000       0.000             114              -0
  202         712.633     546.319          -4.039       2.223             202               0
  100       -1360.254    -142.572           0.000       0.000             100               0
  184         695.405     379.414          -0.621       0.318             184               0
  116       -1408.237    -134.175           0.000       0.000             116              -0
   11         237.416   -1437.420          -5.142      -0.698              11               0
  232        1369.050     368.173           0.000       0.000             232               0
  164           0.038   -1559.042           4.764       7.120             164              -0
  194         711.568     452.158           0.000       0.000             194              -0
  100        1342.114   -2639.388          -2.847       2.396             100               0
   89         390.741    -158.047           0.000       0.000              89               0
   22         260.948    -538.912          -0.553       0.218              22               0
   49         422.640     659.549           0.000       0.000              49              -0
   33        -323.712    -185.061          -4.340      -1.031              33               0
    4        1596.778     137.994           0.000       0.000               4               0
  165        -260.307     806.450           3.503       6.543             165              -0
  221         -27.274     714.440           0.000       0.000             221              -0
  100        -540.804    -263.809          -3.239       1.026             100               0
  240        -286.056     -18.753           0.000       0.000             240               0
  115        1489.209     -40.360          -0.502       0.143             115               0
   92       -1273.089     876.221           0.000       0.000              92              -0
   81        -812.959     401.182          -3.730      -1.283              81               0
  192        -351.918     478.159           0.000       0.000             192               0
   58         563.126   -1093.536           2.531       6.099              58              -0
  142         554.047     616.146           0.000       0.000             142              -0
  122         895.846     237.343          -2.147       1.899             122               0
  128         423.054   -2073.999           0.000       0.000             128               0
  191         303.921    -400.590          -0.462       0.084             191               0
  170       -1013.455     599.858           0.000       0.000             170              -0
  100         659.139    -785.804          -3.243      -1.485             100               0
  102        -549.658     537.179           0.000       0.000             102               0
  174        -719.742    -553.258           1.745       5.739             174              -0
    2       -1183.857    1256.063           0.000       0.000               2              -0
   87        -677.512   -1966.594          -2.758       0.306              87               0
   72         133.633     917.617           0.000       0.000              72               0
  214        -487.977     122.860          -0.429       0.035             214               0
   29         150.309     430.860           0.000       0.000              29              -0
  137        -362.936     254.665          -2.837      -1.653             137               0
  226       -1003.648    -243.952           0.000       0.000             226               0
  188         253.705     -42.260           1.085       5.438             188              -0
   87         342.886    -679.113           0.000       0.000              87              -0
    7        -907.829    -331.756          -2.346       0.743               7               0
  180          32.718     183.084           0.000       0.000             180               0
   29        1145.955     278.646          -0.401      -0.007              29               0
  195         387.685    -696.352           0.000       0.000             195              -0
   39        -590.241     285.586          -2.488      -1.798              39               0
  195        -436.068    -288.055           0.000       0.000             195               0
   94        -909.844     376.435           0.513       5.176              94              -0
  209         919.348     -38.847           0.000       0.000             209              -0
   39        -262.470    -659.124          -2.415      -0.208              39               0
  110         213.881   -1071.995           0.000       0.000             110               0
  174        -332.337    1102.447          -0.376      -0.044             174               0
   50         338.575     269.116           0.000       0.000              50              -0
   92       -1211.378    -176.564          -2.178      -1.926              92               0
  213         539.206    -663.611           0.000       0.000             213               0
  131       -1019.187   -1017.850           0.003       4.943             131              -0
  247         377.187    -653.818           0.000       0.000             247              -0
   95        -553.850     560.124          -2.112       0.557              95               0
   99        -876.528    -646.998           0.000       0.000              99               0
   92         348.929    1340.878          -0.354      -0.077              92              -0
  236        -249.006     342.717           0.000       0.000             236              -0
  169        1341.745     485.426          -1.897      -2.043             169               0
  123        -282.428     762.123           0.000       0.000             123               0
   12         510.974   -1540.399          -0.463       4.730              12              -0
   20        1240.341   -1197.827           0.000       0.000              20              -0
   68         799.953    1256.995          -2.139      -0.620              68               0
  136        -442.864     471.167           0.000       0.000             136               0
  199        -478.041     465.203          -0.333      -0.107             199              -0
  121         -26.146     236.099           0.000       0.000             121              -0
   71        -885.395     117.824          -1.636      -2.151              71               0
   63       -1357.648    1284.573           0.000       0.000              63               0
  177        -649.587     479.221          -0.898       4.531             177              -0
   90         304.406    -142.371           0.000       0.000              90              -0
  195         -54.506    -506.593          -2.067      -0.178             195               0
  146        1450.037    -707.463           0.000       0.000             146               0
  223         -21.752   -1416.999          -0.314      -0.136             223              -0
  131        -979.903      59.287           0.000       0.000             131              -0
   41         886.031    -246.583          -1.388      -2.253              41               0
   94         702.947    -688.000           0.000       0.000              94               0
  123        -696.615    -282.549          -1.314       4.341             123              -0
    2         311.247     533.088           0.000       0.000               2              -0
  191          35.390    -174.054          -1.896      -0.984             191               0
  144         -71.562   -1630.932           0.000       0.000             144               0
  195        -200.099     951.499          -0.295      -0.164             195              -0
  186        -370.828    1096.845           0.000       0.000             186              -0
  245        1088.140   -1955.313          -1.148      -2.353             245               0
   25        -126.437     336.356           0.000       0.000              25               0
  128        1209.856    -512.692          -1.718       4.156             128              -0
  163       -1501.854     -47.511           0.000       0.000             163              -0
  165        -366.336     -44.093           0.000       0.000             165               0
   64         373.000       0.051           0.000       0.000              64               0
    5        -366.388      44.072          -0.276      -0.192               5              -0
   28       -1501.768      47.309           0.000       0.000              28              -0
  251        1209.875     512.917          -0.911      -2.451             251               0
  149        -126.352    -336.321           0.000       0.000             149               0
   88        1087.797    1955.449          -2.120       3.972              88              -0
  192        -370.705   -1097.013           0.000       0.000             192              -0
   95        -199.941    -951.433          -1.664      -1.332              95               0
   19         -71.819    1630.975           0.000       0.000              19               0
  244          35.381     173.986          -0.258      -0.219             244              -0
  197         311.325    -533.038           0.000       0.000             197              -0
  170        -696.629     282.483          -0.672      -2.550             170               0
   16         702.890     688.122           0.000       0.000              16               0
   25         885.925     246.706          -2.526       3.786              25              -0
  230        -979.929     -59.423           0.000       0.000             230              -0
  177         -21.909    1416.985          -1.832      -0.951             177               0
  217        1449.900     707.595           0.000       0.000             217               0
  241         -54.693     506.441          -0.239      -0.247             241              -0
  139         304.270     142.252           0.000       0.000             139              -0
   79        -649.633    -479.493          -0.427      -2.652              79               0
  251       -1357.463   -1284.862           0.000       0.000             251               0
  204        -885.298    -117.976          -2.946       3.594             204              -0
  208         -26.028    -236.139           0.000       0.000             208              -0
   11        -477.891    -465.310          -1.423      -1.692              11               0
  173        -442.643    -471.248           0.000       0.000             173               0
  203         800.304   -1256.754          -0.219      -0.277             203              -0
   92        1240.167    1198.157           0.000       0.000              92              -0
   51         510.663    1540.393          -0.169      -2.758              51               0
  225        -282.300    -762.306           0.000       0.000             225               0
  107        1341.785    -485.243          -3.388       3.392             107              -0
  182        -249.048    -342.791           0.000       0.000             182              -0
    5         349.058   -1340.756          -1.868      -1.089               5               0
  155        -876.714     646.936           0.000       0.000             155               0
  253        -553.743    -560.147          -0.198      -0.308             253              -0
  122         377.056     653.981           0.000       0.000             122              -0
  239       -1019.359    1017.693           0.106      -2.872             239               0
   78         539.093     663.637           0.000       0.000              78               0
   11       -1211.394     176.271          -3.863       3.175              11              -0
   31         338.678    -269.134           0.000       0.000              31              -0
   50        -332.124   -1102.455          -1.153      -2.096              50               0
   71         213.731    1072.097           0.000       0.000              71               0
  231        -262.546     659.026          -0.175      -0.342             231              -0
  199         919.314      38.924           0.000       0.000             199              -0
  241        -909.832    -376.615           0.407      -2.997             241               0
  166        -436.083     287.966           0.000       0.000             166               0
  224        -590.106    -285.688          -4.387       2.936             224              -0
  150         387.676     696.393           0.000       0.000             150              -0
    4        1145.997    -278.504          -1.559      -1.852               4               0
   56          32.659    -183.070           0.000       0.000              56               0
   43        -907.894     331.621          -0.150      -0.379              43              -0
  107         342.798     679.131           0.000       0.000             107              -0
   80         253.639      42.235           0.745      -3.137              80               0
  145       -1003.718     243.712           0.000       0.000             145               0
  191        -362.846    -254.802          -4.978       2.665             191              -0
   49         150.396    -430.868           0.000       0.000              49              -0
   17        -487.949    -122.957          -0.821      -2.592              17               0
  139         133.778    -917.522           0.000       0.000             139               0
   39        -677.874    1966.464          -0.120      -0.423              39              -0
  155       -1183.605   -1256.328           0.000       0.000             155              -0
   20        -719.721     553.146           1.135      -3.298              20               0
  142        -549.412    -537.262           0.000       0.000             142               0
   48         659.105     785.914          -5.665       2.351              48              -0
   56       -1013.249    -600.022           0.000       0.000              56              -0
   53         304.024     400.726          -1.853      -2.095              53               0
  190         422.838    2074.003           0.000       0.000             190               0
  224         895.960    -237.361          -0.086      -0.474             224              -0
  172         554.162    -616.098           0.000       0.000             172              -0
   11         562.903    1093.554           1.599      -3.491              11               0
  251        -351.893    -478.355           0.000       0.000             251               0
  157        -812.882    -401.402          -6.491       1.974             157              -0
  242       -1272.784    -876.453           0.000       0.000             242              -0
  177        1489.320      40.625          -0.363      -3.278             177               0
   38        -286.054      18.692           0.000       0.000              38               0
  181        -540.767     263.659          -0.043      -0.536             181              -0
  105         -27.033    -714.503           0.000       0.000             105              -0
  175        -260.004    -806.465           2.173      -3.729             175               0
   75        1596.894    -137.657           0.000       0.000              75               0
   12        -323.707     185.043          -7.523       1.502              12              -0
  169         422.840    -659.403           0.000       0.000             169              -0
  117         260.941     539.066          -1.083      -3.420             117               0
   10         390.823     158.241           0.000       0.000              10               0
   16        1341.724    2639.601           0.011      -0.617              16              -0
   56         711.612    -452.119           0.000       0.000              56              -0
  103          -0.216    1558.975           2.918      -4.037             103               0
  104        1369.075    -368.028           0.000       0.000             104               0
  184         237.033    1437.365          -8.881       0.881             184              -0
  208       -1408.283     133.754           0.000       0.000             208              -0
  243         695.478    -379.432           0.378      -4.387             243               0
  186       -1360.237     142.216           0.000       0.000             186               0
  125         712.813    -546.348           0.084      -0.725             125              -0
  142        -343.489   -1491.418           0.000       0.000             142              -0
  130         684.523    -720.389           3.946      -4.463             130               0
  121        1076.207    -317.179           0.000       0.000             121               0
  246        -601.833    1751.968         -10.792       0.007             246              -0
   56         597.764     839.406           0.000       0.000              56              -0
   15         216.780    -410.288          -1.298      -4.926              15               0
  121        -797.534     342.767           0.000       0.000             121               0
    1       -1355.659   -1530.552           0.192      -0.885               1              -0
   44        -120.281     557.351           0.000       0.000              44              -0
  166       -1624.357    1393.798           5.495      -5.104             166               0
  174        -821.384     547.301           0.000       0.000             174               0
  244        1048.240    -358.173         -13.749      -1.345             244               0
  103       -2081.994    -327.687           0.000       0.000             103              -0
  185        -450.867    -497.568           1.958      -6.752             185               0
  132         771.888     493.664           0.000       0.000             132               0
  193         -45.747    -271.289           0.370      -1.149             193              -0
  240       -1368.478   -1825.939           0.000       0.000             240              -0
  182        1501.437    -213.137           8.160      -6.208             182               0
  225        -626.489     295.659           0.000       0.000             225               0
   11        1936.475    -395.406         -19.078      -3.782              11               0
   22        1103.988    -290.217           0.000       0.000              22              -0
   29         -77.528      66.461           0.841      -9.762              29               0
  187       -1077.151   -1551.554           0.000       0.000             187               0
  253       -1931.349   -1100.304           0.732      -1.685             253              -0
   31          39.587   -1005.154           0.000       0.000              31              -0
  118        1589.979    -704.941          14.004      -8.629             118               0
   20        1614.999     494.415           0.000       0.000              20               0
   82         249.274     916.670         -31.960      -9.672              82               0
   92        -521.974    -798.502           0.000       0.000              92              -0
    2        1356.148     832.592           8.871     -17.098               2               0
   57         481.527     661.744           0.000       0.000              57               0
   15         156.897    1014.811           1.907      -3.424              15              -0
  206         -94.611     570.137           0.000       0.000             206              -0
  244         944.683     382.734          38.296     -18.691             244               0
  212         192.866     860.498           0.000       0.000             212               0
  145         224.733   -1015.066        -112.830     -46.647             145               0
  188        1021.239    -233.976           0.000       0.000             188              -0
  143        -600.105    -552.486           0.000       0.000             143               0
