SINAL     NFT                         FFT                         NFT INVERSA     FFT INVERSA
-----     -----------------------     -----------------------     -----------     -----------
   21       63957.000       0.000           0.000       0.000              21               0
   59       -1960.418     775.888           0.000      -0.000              59               0
   55       -1808.038     964.593           0.000       0.000              55               0
  199        -194.844   -1253.628           0.000      -0.000             199               0
  117       -2317.729   -2068.880           0.000       0.000             117               0
   35       -1711.141    2137.143           0.000      -0.000              35               0
   38         414.028     838.945           0.000       0.000              38               0
   49        -216.939     417.803           0.000      -0.000              49               0
  156           4.307    -579.878           0.000       0.000             156               0
   79        -412.511     142.126           0.000      -0.000              79               0
  227       -1614.418    -486.899           0.000       0.000             227               0
   25       -1411.892    -633.577           0.000      -0.000              25               0
   38         -11.118   -1360.892           0.000       0.000              38               0
   69        -554.167    1893.427           0.000      -0.000              69               0
  210        1346.290    1338.844           0.000       0.000             210               0
    0       -1483.388   -1297.646           0.000      -0.000               0               0
  175        -217.769   -1035.858           0.000       0.000             175               0
  242        -202.913    -276.735           0.000      -0.000             242               0
   65        -730.390    -467.302           0.000       0.000              65               0
  176       -1605.120    1714.259           0.000      -0.000             176               0
  134        -677.573    -498.492           0.000       0.000             134               0
   11        1079.022     588.213           0.000      -0.000              11               0
  165          48.927   -1967.713           0.000       0.000             165               0
  119         -24.002    1715.587           0.000      -0.000             119               0
   53          14.056      94.642           0.000       0.000              53               0
   33         908.330    2077.371           0.000      -0.000              33               0
  157        -266.534    -577.895           0.000       0.000             157               0
   91        -848.794     578.031           0.000      -0.000              91               0
  146        -519.936    2560.883           0.000       0.000             146               0
  128         128.680   -1701.116           0.000      -0.000             128               0
  207       -2296.807   -2233.075           0.000       0.000             207               0
   37       -1573.203    1145.679           0.000      -0.000              37               0
  138         177.447   -1839.253           0.000       0.000             138               0
    6         978.658    1867.841           0.000      -0.000               6               0
   41         427.673   -1441.465           0.000       0.000              41               0
  194         572.117      15.534           0.000      -0.000             194               0
  178          74.689   -1053.079           0.000       0.000             178               0
  103         -90.607    -173.089           0.000      -0.000             103               0
  207         874.520     930.331           0.000       0.000             207               0
   20        -992.146     363.538           0.000      -0.000              20               0
   63         307.892   -1486.099           0.000       0.000              63               0
  169       -1213.083     -34.262           0.000      -0.000             169               0
   77       -1791.066    1581.022           0.000       0.000              77               0
  238       -1032.683   -1942.437           0.000      -0.000             238               0
  206        -305.600     326.871           0.000       0.000             206               0
  188       -1903.904   -1139.984           0.000      -0.000             188               0
   23          80.058    1481.980           0.000       0.000              23               0
  146       -1081.953    -243.220           0.000      -0.000             146               0
   61         992.935    -669.016           0.000       0.000              61               0
   16         497.863   -1220.413           0.000      -0.000              16               0
  154       -1662.517     358.300           0.000       0.000             154               0
   41         188.799    -801.178           0.000      -0.000              41               0
  225         695.585    -573.833           0.000       0.000             225               0
   92        -710.380    1821.692           0.000      -0.000              92               0
  175         251.442    1228.374           0.000       0.000             175               0
   25        1612.461     283.774           0.000      -0.000              25               0
  237       -1379.372      90.807           0.000       0.000             237               0
   85       -1011.488    -522.116           0.000      -0.000              85               0
   60         255.808    -510.562           0.000       0.000              60               0
  189        1379.014    -135.860           0.000      -0.000             189               0
  217        -269.467    -504.443           0.000       0.000             217               0
   58        -823.164   -1879.926           0.000      -0.000              58               0
   95       -3944.374   -2626.227           0.000       0.000              95               0
  228        2355.045    -287.079           0.000      -0.000             228               0
  188       -2083.769   -1545.721           0.000       0.000             188               0
    3         310.427     175.872           0.000      -0.000               3               0
  237        -464.657   -1639.017           0.000       0.000             237               0
  216       -1268.911    1455.897           0.000      -0.000             216               0
   67       -2242.655    -430.988           0.000       0.000              67               0
  218        2882.221   -1589.021           0.000      -0.000             218               0
   45        2516.831   -1968.354           0.000       0.000              45               0
  219        -113.787   -2944.543           0.000      -0.000             219               0
  152        1349.123   -1376.409           0.000       0.000             152               0
  127         573.041    1959.234           0.000      -0.000             127               0
  238       -2293.829     582.251           0.000       0.000             238               0
  216        -387.082   -4726.152           0.000      -0.000             216               0
  248         987.702   -1830.329           0.000       0.000             248               0
  154        1182.398     149.942           0.000      -0.000             154               0
  116       -1217.739     607.129           0.000       0.000             116               0
   38        -159.640    2112.231           0.000      -0.000              38               0
  188        -820.749     318.712           0.000       0.000             188               0
  179       -2195.817    -822.015           0.000      -0.000             179               0
   12        1263.690    -473.960           0.000       0.000              12               0
   47         565.410   -1128.720           0.000      -0.000              47               0
  107          45.305    1150.228           0.000       0.000             107               0
  142         392.369    1533.245           0.000      -0.000             142               0
   45        -415.293   -1411.316           0.000       0.000              45               0
   30        -425.437   -1431.614           0.000      -0.000              30               0
  217        1592.597    -202.209           0.000       0.000             217               0
   25         432.138    1841.470           0.000      -0.000              25               0
  163        -592.655     419.984           0.000       0.000             163               0
   94         280.993   -1763.911           0.000      -0.000              94               0
   70         154.230    1147.110           0.000       0.000              70               0
    1         678.726     123.978           0.000      -0.000               1               0
  134        -424.109    1185.246           0.000       0.000             134               0
  247        1116.503    2341.535           0.000      -0.000             247               0
  181       -1248.132    1107.804           0.000       0.000             181               0
   95        -338.059   -1685.211           0.000      -0.000              95               0
   29        1108.067    1083.055           0.000       0.000              29               0
   50        -151.067     923.895           0.000      -0.000              50               0
   11       -1354.281    1064.496           0.000       0.000              11               0
    7        -874.669     814.218           0.000      -0.000               7               0
  243         822.034    -452.419           0.000       0.000             243               0
  145        1076.956     649.542           0.000      -0.000             145               0
  190       -1338.416    -161.237           0.000       0.000             190               0
  182        -116.113    1087.458           0.000      -0.000             182               0
   39        -643.732    1781.775           0.000       0.000              39               0
  175          48.082    -730.009           0.000      -0.000             175               0
   22         958.777    2587.875           0.000       0.000              22               0
  153        -797.810     -90.772           0.000      -0.000             153               0
  187          71.819    1010.870           0.000       0.000             187               0
   24       -1450.202   -1741.511           0.000      -0.000              24               0
  133        -335.522    2630.437           0.000       0.000             133               0
   61         988.439     870.786           0.000      -0.000              61               0
   11         201.443    -202.024           0.000       0.000              11               0
    4         592.265    2084.897           0.000      -0.000               4               0
   42       -1378.845    -876.920           0.000       0.000              42               0
   64       -1943.462   -1657.944           0.000      -0.000              64               0
  166        2093.598    1101.933           0.000       0.000             166               0
   96        -434.683    -955.759           0.000      -0.000              96               0
  210       -1384.285     138.043           0.000       0.000             210               0
   74         539.700    -152.791           0.000      -0.000              74               0
  146        2047.504    -968.007           0.000       0.000             146               0
  102       -1704.160   -1105.553           0.000      -0.000             102               0
  102       -1885.988     355.030           0.000       0.000             102               0
   49        -438.732    -920.255           0.000      -0.000              49               0
  235         450.546    -173.473           0.000       0.000             235               0
   86       -1333.731    1207.248           0.000      -0.000              86               0
   30         772.969    1028.008           0.000       0.000              30               0
   95         118.642    -125.742           0.000      -0.000              95               0
  198        -348.623   -1423.091           0.000       0.000             198               0
  109         426.765   -1293.485           0.000      -0.000             109               0
  118        -959.543     181.207           0.000       0.000             118               0
   40        -309.037    -306.598           0.000      -0.000              40               0
    0          65.889     996.450           0.000       0.000              -0               0
   93        -808.116     449.714           0.000      -0.000              93               0
   14       -1090.911    -538.581           0.000       0.000              14               0
   68         619.339   -1440.906           0.000      -0.000              68               0
   79         519.181    -389.510           0.000       0.000              79               0
  208        3173.835    -313.131           0.000      -0.000             208               0
  253         502.903     960.455           0.000       0.000             253               0
   66        1029.321    -836.090           0.000      -0.000              66               0
  196       -2031.383      60.338           0.000       0.000             196               0
  239        -428.105    1443.956           0.000      -0.000             239               0
  158       -1032.640    1050.946           0.000       0.000             158               0
  130         654.745     932.414           0.000      -0.000             130               0
  203        1956.056     423.981           0.000       0.000             203               0
  161         443.987   -1321.164           0.000      -0.000             161               0
  136        -767.403     389.321           0.000       0.000             136               0
  165        -541.830    -343.848           0.000      -0.000             165               0
  160        -914.469    1287.508           0.000       0.000             160               0
  113        2000.016     899.982           0.000      -0.000             113               0
  106        -711.078    -797.169           0.000       0.000             106               0
   27        -150.077    1623.104           0.000      -0.000              27               0
  163        1308.400    -273.141           0.000       0.000             163               0
  152        2129.889   -3139.204           0.000      -0.000             152               0
  207        -836.872    1748.295           0.000       0.000             207               0
   91        1558.134   -1119.158           0.000      -0.000              91               0
   16         309.903    -341.898           0.000       0.000              16               0
  201         -77.713    -325.869           0.000      -0.000             201               0
  243         388.778   -1492.071           0.000       0.000             243               0
  179        1514.930    1611.357           0.000      -0.000             179               0
   61         248.169   -1019.429           0.000       0.000              61               0
  246        2706.598    -156.855           0.000      -0.000             246               0
   72       -1195.753   -1004.760           0.000       0.000              72               0
  121         964.605   -3299.513           0.000      -0.000             121               0
   57         137.311    1066.010           0.000       0.000              57               0
  137       -2661.679    -733.067           0.000      -0.000             137               0
  171       -2298.679    -635.708           0.000       0.000             171               0
  184       -1618.240    1445.676           0.000      -0.000             184               0
  151        -234.716    -700.821           0.000       0.000             151               0
   32       -1599.718    1188.325           0.000      -0.000              32               0
  223         809.853    -562.687           0.000       0.000             223               0
  198        -537.294    -109.993           0.000      -0.000             198               0
   30         186.664    -511.777           0.000       0.000              30               0
   92         910.118     818.396           0.000      -0.000              92               0
  244        -296.639     770.208           0.000       0.000             244               0
  172        -722.897   -1040.922           0.000      -0.000             172               0
  238         990.976    -562.261           0.000       0.000             238               0
  226        1376.202    -507.251           0.000      -0.000             226               0
  243        -761.008   -1382.072           0.000       0.000             243               0
  228        1925.557     493.613           0.000      -0.000             228               0
  198         469.799    -332.306           0.000       0.000             198               0
   87        1183.187    2055.236           0.000      -0.000              87               0
   50          40.583     584.125           0.000       0.000              50               0
  149        -887.580    2188.646           0.000      -0.000             149               0
  219        2077.681    1188.194           0.000       0.000             219               0
  241        1310.427   -1869.853           0.000      -0.000             241               0
   26       -1614.401    -295.898           0.000       0.000              26               0
  127         606.510   -2902.596           0.000      -0.000             127               0
  142        1878.023     936.444           0.000       0.000             142               0
   37        2248.554     356.213           0.000      -0.000              37               0
  155        1185.461    1138.488           0.000       0.000             155               0
  253        -712.199    -525.051           0.000      -0.000             253               0
  130         698.736     -64.827           0.000       0.000             130               0
  153       -1806.587    1397.869           0.000      -0.000             153               0
  151        -661.554    -374.077           0.000       0.000             151               0
   98       -2740.191    -543.390           0.000      -0.000              98               0
   99        -103.594   -1167.032           0.000       0.000              99               0
  240        -874.073    1123.553           0.000      -0.000             240               0
  179         633.832       8.908           0.000       0.000             179               0
   27         950.723    1570.162           0.000      -0.000              27               0
    2        -753.845   -1209.950           0.000       0.000               2               0
  197        -318.423     394.760           0.000      -0.000             197               0
  149       -1920.564     677.577           0.000       0.000             149               0
   15         738.151    -509.501           0.000      -0.000              15               0
  103         131.921    -933.481           0.000       0.000             103               0
   63        -126.882    -853.211           0.000      -0.000              63               0
   15         439.103     146.681           0.000       0.000              15               0
  208         768.806    -712.004           0.000      -0.000             208               0
   82        1748.604    -519.380           0.000       0.000              82               0
  147         402.631    -784.528           0.000      -0.000             147               0
  255        -933.045    -565.392           0.000       0.000             255               0
  150         -23.201    2550.571           0.000      -0.000             150               0
  165       -1946.334     788.284           0.000       0.000             165               0
  120         732.503     692.520           0.000      -0.000             120               0
   49        2127.723    -744.150           0.000       0.000              49               0
  237        1414.394   -2070.662           0.000      -0.000             237               0
  216        -417.045    -834.050           0.000       0.000             216               0
  132       -1183.815    -467.652           0.000      -0.000             132               0
  181         564.793    -903.650           0.000       0.000             181               0
  138         204.570   -1136.484           0.000      -0.000             138               0
  100         736.621    1319.182           0.000       0.000             100               0
   40        -448.451     448.165           0.000      -0.000              40               0
   29       -1150.073     268.477           0.000       0.000              29               0
   11        -263.612   -1025.075           0.000      -0.000              11               0
  244          38.415    2099.884           0.000       0.000             244               0
   68        -716.585   -1129.084           0.000      -0.000              68               0
  237        -707.529     382.236           0.000       0.000             237               0
   69       -1625.170   -1016.389           0.000      -0.000              69               0
   99        -276.977   -2982.117           0.000       0.000              99               0
   97        -177.989   -1214.391           0.000      -0.000              97               0
  186         284.791    -528.434           0.000       0.000             186               0
  124        -973.539    1135.342           0.000      -0.000             124               0
   43        -448.740    -273.280           0.000       0.000              43               0
  167        1150.356    3465.363           0.000      -0.000             167               0
   62          25.612    1025.811           0.000       0.000              62               0
   87       -2298.110     645.538           0.000      -0.000              87               0
   12        2090.186     312.223           0.000       0.000              12               0
   95         932.660     -42.190           0.000      -0.000              95               0
   36         175.248   -1763.060           0.000       0.000              36               0
  162        -402.207      39.452           0.000      -0.000             162               0
  167       -1250.911    2093.881           0.000       0.000             167               0
  233       -1311.522    -904.150           0.000      -0.000             233               0
  208         670.453    1730.746           0.000       0.000             208               0
  185         101.500     -49.288           0.000      -0.000             185               0
   19       -1311.016    1438.659           0.000       0.000              19               0
   90        -119.582    -262.087           0.000      -0.000              90               0
   45         504.222     386.367           0.000       0.000              45               0
    5          54.852    1329.506           0.000      -0.000               5               0
   50       -1585.269    1413.917           0.000       0.000              50               0
  223       -2071.814    1643.671           0.000      -0.000             223               0
   81       -1161.363   -2086.293           0.000       0.000              81               0
   34         264.811    -922.940           0.000      -0.000              34               0
  174           2.174    -808.808           0.000       0.000             174               0
  156        3527.611     816.913           0.000      -0.000             156               0
   54        1861.000       0.245           0.000       0.000              54               0
   74        3527.458    -815.697           0.000       0.000              74               0
  187           1.215     808.906           0.000       0.000             187               0
  230         263.913     922.958           0.000       0.000             230               0
  230       -1162.605    2085.411           0.000       0.000             230               0
  213       -2071.487   -1644.956           0.000       0.000             213               0
  130       -1584.656   -1414.669           0.000       0.000             130               0
   98          55.501   -1329.491           0.000       0.000              98               0
  176         504.347    -386.120           0.000       0.000             176               0
  231        -119.827     261.951           0.000       0.000             231               0
  105       -1310.533   -1439.153           0.000       0.000             105               0
  173         101.607      49.314           0.000       0.000             173               0
  137         670.908   -1730.421           0.000       0.000             137               0
  242       -1311.969     903.768           0.000       0.000             242               0
    3       -1250.066   -2094.204           0.000       0.000               3               0
   22        -401.909     -39.178           0.000       0.000              22               0
   75         174.943    1763.205           0.000       0.000              75               0
   16         932.827      42.300           0.000       0.000              16               0
  220        2090.012    -311.704           0.000       0.000             220               0
  101       -2298.104    -646.475           0.000       0.000             101               0
  126          26.146   -1025.976           0.000       0.000             126               0
  233        1151.450   -3464.693           0.000       0.000             233               0
   58        -449.052     273.665           0.000       0.000              58               0
   85        -973.181   -1135.170           0.000       0.000              85               0
  161         284.621     529.156           0.000       0.000             161               0
   73        -178.509    1214.852           0.000       0.000              73               0
  108        -278.149    2982.134           0.000       0.000             108               0
  219       -1625.550    1015.563           0.000       0.000             219               0
   14        -707.257    -382.623           0.000       0.000              14               0
  241        -716.773    1128.628           0.000       0.000             241               0
   48          39.276   -2099.913           0.000       0.000              48               0
  244        -263.900    1025.116           0.000       0.000             244               0
  190       -1149.811    -268.921           0.000       0.000             190               0
  165        -447.943    -448.295           0.000       0.000             165               0
  141         737.329   -1318.641           0.000       0.000             141               0
  144         204.321    1136.916           0.000       0.000             144               0
  183         564.506     903.964           0.000       0.000             183               0
  227       -1183.863     467.348           0.000       0.000             227               0
    0        -416.906     834.028           0.000       0.000              -0               0
  126        1414.069    2071.001           0.000       0.000             126               0
   26        2127.429     744.425           0.000       0.000              26               0
   86         732.340    -692.656           0.000       0.000              86               0
  244       -1946.211    -789.181           0.000       0.000             244               0
   72         -22.219   -2550.410           0.000       0.000              72               0
   11        -933.014     565.490           0.000       0.000              11               0
  185         402.735     784.835           0.000       0.000             185               0
  143        1748.556     520.030           0.000       0.000             143               0
   88         768.445     712.241           0.000       0.000              88               0
   61         438.981    -146.518           0.000       0.000              61               0
  197        -127.303     853.209           0.000       0.000             197               0
   27         131.523     933.398           0.000       0.000              27               0
  231         737.706     509.479           0.000       0.000             231               0
  241       -1920.494    -678.416           0.000       0.000             241               0
   39        -318.190    -394.858           0.000       0.000              39               0
  153        -754.072    1209.520           0.000       0.000             153               0
  168         951.368   -1570.010           0.000       0.000             168               0
  169         633.656      -8.670           0.000       0.000             169               0
   67        -873.880   -1123.694           0.000       0.000              67               0
  150        -104.183    1167.151           0.000       0.000             150               0
   22       -2740.351     542.374           0.000       0.000              22               0
   56        -661.378     373.626           0.000       0.000              56               0
  224       -1805.650   -1398.552           0.000       0.000             224               0
   48         699.233      65.167           0.000       0.000              48               0
   14        -711.863     524.735           0.000       0.000              14               0
  168        1186.448   -1138.128           0.000       0.000             168               0
  212        2248.971    -355.314           0.000       0.000             212               0
  101        1878.260    -935.426           0.000       0.000             101               0
  222         605.279    2902.965           0.000       0.000             222               0
  187       -1614.405     295.171           0.000       0.000             187               0
  180        1310.120    1869.891           0.000       0.000             180               0
  105        2077.962   -1188.057           0.000       0.000             105               0
  161        -886.992   -2189.078           0.000       0.000             161               0
  114          40.947    -584.065           0.000       0.000             114               0
   87        1183.975   -2054.599           0.000       0.000              87               0
   34         469.726     332.831           0.000       0.000              34               0
   35        1925.565    -492.628           0.000       0.000              35               0
   52        -761.617    1382.074           0.000       0.000              52               0
  211        1375.985     507.761           0.000       0.000             211               0
  166         990.456     562.619           0.000       0.000             166               0
  106        -723.526    1040.525           0.000       0.000             106               0
  252        -296.426    -770.480           0.000       0.000             252               0
  154         910.272    -817.992           0.000       0.000             154               0
   79         186.208     511.968           0.000       0.000              79               0
   96        -537.531     109.848           0.000       0.000              96               0
   88         809.349     562.884           0.000       0.000              88               0
   49       -1599.632   -1188.829           0.000       0.000              49               0
  224        -235.162     700.810           0.000       0.000             224               0
  197       -1617.993   -1446.061           0.000       0.000             197               0
  200       -2298.862     635.261           0.000       0.000             200               0
  101       -2661.427     732.298           0.000       0.000             101               0
  125         138.344   -1065.597           0.000       0.000             125               0
    7         963.861    3300.068           0.000       0.000               7               0
  204       -1195.604    1004.113           0.000       0.000             204               0
  129        2706.933     157.596           0.000       0.000             129               0
  196         247.927    1019.275           0.000       0.000             196               0
  250        1515.530   -1610.880           0.000       0.000             250               0
    9         388.201    1492.296           0.000       0.000               9               0
   34         -77.783     325.729           0.000       0.000              34               0
   21         309.952     341.937           0.000       0.000              21               0
  226        1557.749    1119.456           0.000       0.000             226               0
  196        -836.210   -1748.538           0.000       0.000             196               0
  253        2128.942    3139.867           0.000       0.000             253               0
   34        1308.029     273.017           0.000       0.000              34               0
   79        -149.831   -1623.403           0.000       0.000              79               0
  125        -711.351     796.768           0.000       0.000             125               0
  149        2000.155    -899.585           0.000       0.000             149               0
   69        -914.358   -1287.806           0.000       0.000              69               0
  138        -542.017     343.728           0.000       0.000             138               0
  251        -767.157    -389.540           0.000       0.000             251               0
  185         443.777    1321.191           0.000       0.000             185               0
  180        1956.142    -423.647           0.000       0.000             180               0
   12         654.667    -932.388           0.000       0.000              12               0
    7       -1032.567   -1051.348           0.000       0.000               7               0
   14        -427.744   -1443.928           0.000       0.000              14               0
  152       -2031.157     -60.719           0.000       0.000             152               0
  108        1029.414     836.514           0.000       0.000             108               0
  235         503.492    -960.198           0.000       0.000             235               0
  170        3173.645     314.421           0.000       0.000             170               0
  117         518.603     389.868           0.000       0.000             117               0
   82         618.387    1441.118           0.000       0.000              82               0
   70       -1091.474     537.993           0.000       0.000              70               0
  184        -808.085    -450.178           0.000       0.000             184               0
  178          66.124    -996.383           0.000       0.000             178               0
   61        -309.303     306.633           0.000       0.000              61               0
   78        -959.504    -181.365           0.000       0.000              78               0
   22         426.329    1293.741           0.000       0.000              22               0
  193        -349.164    1422.771           0.000       0.000             193               0
  248         118.574     125.410           0.000       0.000             248               0
   75         773.093   -1027.977           0.000       0.000              75               0
  176       -1333.493   -1207.612           0.000       0.000             176               0
  240         450.393     173.839           0.000       0.000             240               0
  107        -439.311     920.145           0.000       0.000             107               0
  145       -1885.945    -355.623           0.000       0.000             145               0
  140       -1704.142    1105.037           0.000       0.000             140               0
  187        2047.424     968.526           0.000       0.000             187               0
  244         539.412     152.745           0.000       0.000             244               0
  127       -1384.335    -138.627           0.000       0.000             127               0
   83        -434.798     955.399           0.000       0.000              83               0
  214        2093.809   -1101.347           0.000       0.000             214               0
   83       -1944.296    1657.174           0.000       0.000              83               0
  152       -1378.934     875.901           0.000       0.000             152               0
  253         593.190   -2085.076           0.000       0.000             253               0
  174         201.454     201.896           0.000       0.000             174               0
  247         988.632    -870.792           0.000       0.000             247               0
   58        -334.888   -2630.466           0.000       0.000              58               0
  231       -1450.797    1741.070           0.000       0.000             231               0
   17          72.258   -1011.087           0.000       0.000              17               0
  217        -797.696      90.249           0.000       0.000             217               0
   45         959.734   -2587.603           0.000       0.000              45               0
   52          47.723     730.038           0.000       0.000              52               0
   92        -643.179   -1782.080           0.000       0.000              92               0
  253        -115.757   -1087.306           0.000       0.000             253               0
  125       -1338.298     160.923           0.000       0.000             125               0
   18        1077.374    -649.106           0.000       0.000              18               0
   16         821.734     452.678           0.000       0.000              16               0
   27        -874.578    -814.629           0.000       0.000              27               0
  191       -1353.815   -1064.940           0.000       0.000             191               0
  255        -150.471    -923.830           0.000       0.000             255               0
   46        1108.504   -1082.391           0.000       0.000              46               0
  103        -338.713    1685.135           0.000       0.000             103               0
   38       -1247.581   -1108.486           0.000       0.000              38               0
  204        1117.465   -2341.077           0.000       0.000             204               0
  194        -423.635   -1184.995           0.000       0.000             194               0
  241         678.867    -123.400           0.000       0.000             241               0
  202         154.623   -1146.610           0.000       0.000             202               0
    4         280.382    1764.289           0.000       0.000               4               0
   45        -592.439    -420.211           0.000       0.000              45               0
  131         432.942   -1841.017           0.000       0.000             131               0
  221        1592.451     203.300           0.000       0.000             221               0
  219        -426.117    1431.798           0.000       0.000             219               0
  244        -415.764    1411.086           0.000       0.000             244               0
  181         392.902   -1533.165           0.000       0.000             181               0
   36          45.676   -1149.814           0.000       0.000              36               0
    3         564.991    1129.293           0.000       0.000               3               0
  120        1263.171     474.553           0.000       0.000             120               0
  233       -2196.368     821.308           0.000       0.000             233               0
  233        -820.535    -319.075           0.000       0.000             233               0
  192        -158.849   -2112.049           0.000       0.000             192               0
  187       -1217.300    -606.938           0.000       0.000             187               0
  165        1182.691    -148.789           0.000       0.000             165               0
    7         986.976    1831.422           0.000       0.000               7               0
   21        -388.901    4726.028           0.000       0.000              21               0
  143       -2293.463    -583.408           0.000       0.000             143               0
  220         574.139   -1958.731           0.000       0.000             220               0
  161        1348.821    1377.508           0.000       0.000             161               0
   53        -114.603    2944.767           0.000       0.000              53               0
  161        2516.241    1969.093           0.000       0.000             161               0
   40        2881.040    1589.707           0.000       0.000              40               0
  154       -2243.464     429.883           0.000       0.000             154               0
   97       -1268.556   -1456.298           0.000       0.000              97               0
  243        -465.221    1638.998           0.000       0.000             243               0
   87         310.311    -175.695           0.000       0.000              87               0
  200       -2084.266    1545.124           0.000       0.000             200               0
    7        2354.719     287.980           0.000       0.000               7               0
  244       -3945.466    2624.922           0.000       0.000             244               0
   17        -823.406    1879.276           0.000       0.000              17               0
  114        -269.254     503.910           0.000       0.000             114               0
  254        1379.117     136.006           0.000       0.000             254               0
   92         255.486     510.375           0.000       0.000              92               0
   22       -1011.737     521.429           0.000       0.000              22               0
  206       -1379.060     -91.645           0.000       0.000             206               0
    5        1612.762    -283.595           0.000       0.000               5               0
  145         251.736   -1228.537           0.000       0.000             145               0
   52        -709.764   -1821.797           0.000       0.000              52               0
   13         695.403     574.328           0.000       0.000              13               0
  200         188.331     801.256           0.000       0.000             200               0
   61       -1662.391    -358.816           0.000       0.000              61               0
   79         497.617    1220.601           0.000       0.000              79               0
  232         992.547     669.161           0.000       0.000             232               0
   20       -1082.235     242.584           0.000       0.000              20               0
  230          80.379   -1481.969           0.000       0.000             230               0
   50       -1904.366    1139.411           0.000       0.000              50               0
  253        -305.441    -326.973           0.000       0.000             253               0
   80       -1033.363    1941.893           0.000       0.000              80               0
  222       -1790.382   -1581.836           0.000       0.000             222               0
  115       -1212.691      33.983           0.000       0.000             115               0
  240         307.731    1486.094           0.000       0.000             240               0
   76        -991.682    -364.138           0.000       0.000              76               0
   93         875.155    -930.057           0.000       0.000              93               0
  104         -90.485     173.193           0.000       0.000             104               0
    2          74.566    1053.083           0.000       0.000               2               0
   70         572.298     -15.417           0.000       0.000              70               0
   93         427.285    1441.370           0.000       0.000              93               0
   65         979.212   -1867.594           0.000       0.000              65               0
  147         176.538    1839.296           0.000       0.000             147               0
   39       -1573.029   -1146.243           0.000       0.000              39               0
  182       -2297.328    2232.269           0.000       0.000             182               0
  241         128.458    1700.515           0.000       0.000             241               0
  225        -518.873   -2561.538           0.000       0.000             225               0
   69        -848.289    -578.343           0.000       0.000              69               0
  164        -266.299     577.574           0.000       0.000             164               0
   61         909.318   -2077.209           0.000       0.000              61               0
   88          14.240     -94.594           0.000       0.000              88               0
   78         -23.240   -1715.371           0.000       0.000              78               0
  244          48.486    1967.855           0.000       0.000             244               0
   76        1079.244    -587.976           0.000       0.000              76               0
  144        -677.855     498.140           0.000       0.000             144               0
  165       -1604.404   -1714.769           0.000       0.000             165               0
   14        -730.191     467.273           0.000       0.000              14               0
  111        -202.662     276.780           0.000       0.000             111               0
   75        -217.851    1035.793           0.000       0.000              75               0
   88       -1483.350    1296.829           0.000       0.000              88               0
  150        1347.162   -1338.724           0.000       0.000             150               0
   84        -553.307   -1893.425           0.000       0.000              84               0
  133         -11.331    1361.131           0.000       0.000             133               0
  204       -1411.797     633.049           0.000       0.000             204               0
    1       -1613.948     486.213           0.000       0.000               1               0
    7        -411.653    -142.393           0.000       0.000               7               0
   40           4.894     579.699           0.000       0.000              40               0
  200        -215.994    -418.127           0.000       0.000             200               0
  246         415.060    -838.961           0.000       0.000             246               0
  147       -1709.511   -2137.440           0.000       0.000             147               0
    8       -2316.813    2068.389           0.000       0.000               8               0
   57        -193.076    1253.305           0.000       0.000              57               0
    7       -1804.483    -965.454           0.000       0.000               7               0
    2       -1953.260    -776.518           0.000       0.000               2               0
