SINAL     NFT                         FFT                         NFT INVERSA     FFT INVERSA
-----     -----------------------     -----------------------     -----------     -----------
  145       62019.000       0.000           0.000       0.000             145               0
   39        -777.309    -410.549           0.000      -0.000              39               0
  195        -600.447     136.635           0.000       0.000             195               0
  248        -669.511    -756.837           0.000      -0.000             248               0
   62        -501.888    -550.910           0.000       0.000              62               0
  105         171.751    1266.403           0.000      -0.000             105               0
  216         995.545     684.412           0.000       0.000             216               0
  146        1873.563    -189.455           0.000      -0.000             146               0
  242         -22.969    -644.755           0.000       0.000             242               0
   36        1090.257   -2161.654           0.000      -0.000              36               0
  233         578.759    -375.396           0.000       0.000             233               0
  112        1289.741     -85.072           0.000      -0.000             112               0
  224       -1208.957    -900.981           0.000       0.000             224               0
   70        -734.758    -973.329           0.000      -0.000              70               0
  250         571.384    1051.123           0.000       0.000             250               0
   95         416.074    -682.128           0.000      -0.000              95               0
   71         615.097    -640.160           0.000       0.000              71               0
   74        -805.271     723.900           0.000      -0.000              74               0
   16         310.612     -10.028           0.000       0.000              16               0
  241       -1027.157   -1544.582           0.000      -0.000             241               0
  142        -108.276    -721.858           0.000       0.000             142               0
  135        -789.915     870.305           0.000      -0.000             135               0
   35       -2772.536    1054.558           0.000       0.000              35               0
   39         320.612   -1050.559           0.000      -0.000              39               0
  192       -1405.870    1140.550           0.000       0.000             192               0
   67        -328.085     230.112           0.000      -0.000              67               0
   25        -720.651   -1932.085           0.000       0.000              25               0
   27       -2463.364   -1024.775           0.000      -0.000              27               0
   39        -885.299   -1376.677           0.000       0.000              39               0
  237        -469.428    -225.805           0.000      -0.000             237               0
  143        1208.792   -1648.393           0.000       0.000             143               0
   11        1318.452    -851.136           0.000      -0.000              11               0
  229       -1018.175    1297.932           0.000       0.000             229               0
   15        -656.444    -266.646           0.000      -0.000              15               0
   85        1593.098     642.905           0.000       0.000              85               0
  207        -471.101   -1180.189           0.000      -0.000             207               0
   19        1036.496   -1671.821           0.000       0.000              19               0
   10       -2148.908     312.201           0.000      -0.000              10               0
  209        2516.505    -240.100           0.000       0.000             209               0
   82        -834.262    -897.324           0.000      -0.000              82               0
   31       -1002.848     349.841           0.000       0.000              31               0
   87        -328.603    -843.045           0.000      -0.000              87               0
  124        -542.274    1609.751           0.000       0.000             124               0
  102        1040.108    -197.378           0.000      -0.000             102               0
  106        -413.050     775.357           0.000       0.000             106               0
  172         260.705     597.809           0.000      -0.000             172               0
  183        -108.738     147.485           0.000       0.000             183               0
   37        2816.576    1298.360           0.000      -0.000              37               0
  112       -1949.790   -1890.585           0.000       0.000             112               0
   57       -1313.681    -817.649           0.000      -0.000              57               0
   16        -874.267     544.941           0.000       0.000              16               0
  179         861.364    -610.232           0.000      -0.000             179               0
  175        1055.257   -1216.099           0.000       0.000             175               0
   10         538.426    -455.732           0.000      -0.000              10               0
   26        -626.964    -297.872           0.000       0.000              26               0
  250        2667.178   -1914.694           0.000      -0.000             250               0
   65       -1516.567     994.852           0.000       0.000              65               0
  148          96.632    -221.863           0.000      -0.000             148               0
  255       -1228.196    -425.655           0.000       0.000             255               0
  250         788.332   -1105.740           0.000      -0.000             250               0
   63        -270.598    2185.412           0.000       0.000              63               0
  238        -685.805   -1234.442           0.000      -0.000             238               0
   29        1159.057     928.871           0.000       0.000              29               0
  155       -3755.931    -950.436           0.000      -0.000             155               0
  196        1066.808     345.870           0.000       0.000             196               0
  153       -1015.439   -1127.388           0.000      -0.000             153               0
  218         891.368     300.142           0.000       0.000             218               0
   82         191.109    3275.597           0.000      -0.000              82               0
  194        -916.702     617.090           0.000       0.000             194               0
  230        -387.922    -483.014           0.000      -0.000             230               0
  129        -861.114    -180.627           0.000       0.000             129               0
   19       -1041.240   -1806.771           0.000      -0.000              19               0
  246         800.152    -570.226           0.000       0.000             246               0
   23         480.677    -839.439           0.000      -0.000              23               0
   11         160.072   -2131.852           0.000       0.000              11               0
  241        -713.676     985.183           0.000      -0.000             241               0
   94        1224.156     494.508           0.000       0.000              94               0
  241       -1321.934    1005.479           0.000      -0.000             241               0
   33       -1481.461   -1943.116           0.000       0.000              33               0
  210        1462.163    1143.712           0.000      -0.000             210               0
   24         325.183   -1226.131           0.000       0.000              24               0
  211         457.889   -2465.797           0.000      -0.000             211               0
  140        1834.566   -1153.040           0.000       0.000             140               0
  120         -10.651     111.872           0.000      -0.000             120               0
   93       -1173.556   -1189.373           0.000       0.000              93               0
  137         703.849   -1045.705           0.000      -0.000             137               0
  192         837.570     438.221           0.000       0.000             192               0
  218         690.949     -71.512           0.000      -0.000             218               0
   69        -976.741   -1155.384           0.000       0.000              69               0
   93         334.472    -353.077           0.000      -0.000              93               0
  177         689.171   -1712.323           0.000       0.000             177               0
  255        1738.414   -1908.113           0.000      -0.000             255               0
    8         -21.564    -786.774           0.000       0.000               8               0
  113       -2048.601     755.538           0.000      -0.000             113               0
   28         677.294    -197.677           0.000       0.000              28               0
   79         530.040     655.448           0.000      -0.000              79               0
  132         350.953    -477.106           0.000       0.000             132               0
  174        -678.777    -630.557           0.000      -0.000             174               0
   20       -1096.964     883.769           0.000       0.000              20               0
  156        1076.554    1939.658           0.000      -0.000             156               0
  183        -906.703    1498.298           0.000       0.000             183               0
   12         990.881    1179.059           0.000      -0.000              12               0
  254        -755.829   -1444.375           0.000       0.000             254               0
  131         -74.044     901.223           0.000      -0.000             131               0
   74        1433.616   -1089.492           0.000       0.000              74               0
  112         550.646    -343.532           0.000      -0.000             112               0
  169         320.655     368.364           0.000       0.000             169               0
  153        2593.006     757.899           0.000      -0.000             153               0
  162         890.587    -834.378           0.000       0.000             162               0
  198       -1786.581     424.277           0.000      -0.000             198               0
   46         607.046   -1512.455           0.000       0.000              46               0
    0         231.006     324.693           0.000      -0.000              -0               0
  168         492.714    -694.373           0.000       0.000             168               0
   45         428.862     893.334           0.000      -0.000              45               0
   94        -382.554     -21.175           0.000       0.000              94               0
    2       -1246.133   -1432.204           0.000      -0.000               2               0
   52       -1510.431    2033.515           0.000       0.000              52               0
   19       -2396.822    1179.845           0.000      -0.000              19               0
  231         442.058    1341.685           0.000       0.000             231               0
  190         555.815    -557.727           0.000      -0.000             190               0
  164         967.926    2549.692           0.000       0.000             164               0
  137        -580.120     679.714           0.000      -0.000             137               0
  179        -104.542     224.596           0.000       0.000             179               0
   62         410.651    2517.359           0.000      -0.000              62               0
   15       -1794.356     893.354           0.000       0.000              15               0
   96       -1916.981     -55.221           0.000      -0.000              96               0
   34        -361.324     715.150           0.000       0.000              34               0
   20          36.651     645.826           0.000      -0.000              20               0
   35       -1096.055     598.872           0.000       0.000              35               0
  218       -1276.063    1418.260           0.000      -0.000             218               0
   26        -510.194      10.120           0.000       0.000              26               0
  199         594.026    -986.989           0.000      -0.000             199               0
    4       -1359.752   -1536.882           0.000       0.000               4               0
  230         -45.871     431.450           0.000      -0.000             230               0
  171        1958.088    1025.107           0.000       0.000             171               0
  251       -1353.013    -798.930           0.000      -0.000             251               0
   25         961.405      65.035           0.000       0.000              25               0
  156       -1540.271     879.894           0.000      -0.000             156               0
  124          13.862   -1258.032           0.000       0.000             124               0
  125        -250.033     -97.156           0.000      -0.000             125               0
  136         171.974    1069.366           0.000       0.000             136               0
  222        1488.726     963.491           0.000      -0.000             222               0
  232        -170.396    1551.481           0.000       0.000             232               0
  171       -1549.112    -857.690           0.000      -0.000             171               0
   66        -180.603   -1448.310           0.000       0.000              66               0
  116        1118.328     594.856           0.000      -0.000             116               0
   98        -186.079     -46.175           0.000       0.000              98               0
    4         835.432    1380.291           0.000      -0.000               4               0
  251        2130.876    1246.404           0.000       0.000             251               0
  154        1339.588   -1043.174           0.000      -0.000             154               0
  108        -339.377    -978.870           0.000       0.000             108               0
   31        2673.341    -534.047           0.000      -0.000              31               0
  175        -908.131   -2274.478           0.000       0.000             175               0
  211       -1794.036    1864.772           0.000      -0.000             211               0
   57        -421.563    1602.752           0.000       0.000              57               0
    7       -1124.745    1958.024           0.000      -0.000               7               0
   69         692.275      72.529           0.000       0.000              69               0
  150        -152.054    1323.928           0.000      -0.000             150               0
   33         342.641    1304.486           0.000       0.000              33               0
  188        1665.766     261.050           0.000      -0.000             188               0
  151        1476.372   -1050.104           0.000       0.000             151               0
  139         180.089      97.642           0.000      -0.000             139               0
  239       -1375.690   -2220.748           0.000       0.000             239               0
  114        -578.106    2822.439           0.000      -0.000             114               0
   21         418.057   -2602.266           0.000       0.000              21               0
  121        1680.874     735.519           0.000      -0.000             121               0
  174       -2256.854    -301.427           0.000       0.000             174               0
   75       -2104.565    1984.471           0.000      -0.000              75               0
  227       -1128.450   -1365.065           0.000       0.000             227               0
   48        1379.488    1804.546           0.000      -0.000              48               0
  166        2039.929    -472.605           0.000       0.000             166               0
   21        -180.587    1244.069           0.000      -0.000              21               0
  161       -1684.880   -1325.805           0.000       0.000             161               0
  187        -378.631     -19.145           0.000      -0.000             187               0
  124        1217.006    1435.185           0.000       0.000             124               0
  147         460.328     768.509           0.000      -0.000             147               0
  253        2923.303    2078.270           0.000       0.000             253               0
   98        -770.448    -303.289           0.000      -0.000              98               0
  168         611.644   -1470.119           0.000       0.000             168               0
   69        1472.589     402.022           0.000      -0.000              69               0
  102        -411.980   -2243.151           0.000       0.000             102               0
  226         478.531     253.573           0.000      -0.000             226               0
   83       -2587.829    -257.135           0.000       0.000              83               0
  238         186.738    1556.712           0.000      -0.000             238               0
   81        -130.292    1753.728           0.000       0.000              81               0
   30       -2494.001     257.316           0.000      -0.000              30               0
  186        1275.203    -436.476           0.000       0.000             186               0
  235        2033.853    -738.565           0.000      -0.000             235               0
   31       -1312.747    -397.900           0.000       0.000              31               0
  189         507.124    -315.151           0.000      -0.000             189               0
   49        2245.984    -113.197           0.000       0.000              49               0
  211        1461.270    -606.484           0.000      -0.000             211               0
   57        2321.107     674.059           0.000       0.000              57               0
   69        2219.707    -422.740           0.000      -0.000              69               0
  116       -1101.806   -1597.576           0.000       0.000             116               0
   10        1694.555    -938.258           0.000      -0.000              10               0
  182        1273.643   -1581.113           0.000       0.000             182               0
  145        -901.780     379.089           0.000      -0.000             145               0
  128         250.334     834.144           0.000       0.000             128               0
   72        -304.518    -810.287           0.000      -0.000              72               0
  216         965.084    2304.250           0.000       0.000             216               0
   89         431.620    1606.982           0.000      -0.000              89               0
  162        -744.312    -905.273           0.000       0.000             162               0
  164       -1184.457    1854.522           0.000      -0.000             164               0
  219       -1067.982    -144.846           0.000       0.000             219               0
   15          30.465    -483.135           0.000      -0.000              15               0
  250        1562.233    1503.174           0.000       0.000             250               0
  194         328.522    1314.073           0.000      -0.000             194               0
   68       -1537.418     -30.803           0.000       0.000              68               0
    2         783.750   -1197.375           0.000      -0.000               2               0
   34        -262.355    1146.858           0.000       0.000              34               0
   10        1558.143     247.160           0.000      -0.000              10               0
  159         -58.097    -513.460           0.000       0.000             159               0
   14          89.356    -480.793           0.000      -0.000              14               0
  220         250.745    -932.234           0.000       0.000             220               0
   67        1182.416    -247.167           0.000      -0.000              67               0
  201         431.583   -1463.264           0.000       0.000             201               0
  158        -795.069    -280.614           0.000      -0.000             158               0
  181        1105.150     273.453           0.000       0.000             181               0
   59        -551.660    1500.740           0.000      -0.000              59               0
  115         294.853   -1240.818           0.000       0.000             115               0
   52        -696.962   -1753.202           0.000      -0.000              52               0
   39        -330.130   -1038.754           0.000       0.000              39               0
  239       -1483.374   -1885.792           0.000      -0.000             239               0
  161       -1233.132     716.834           0.000       0.000             161               0
  128        1884.422    -318.771           0.000      -0.000             128               0
  244         -17.960     392.621           0.000       0.000             244               0
   87        -353.142   -3150.651           0.000      -0.000              87               0
  160          52.789   -1849.054           0.000       0.000             160               0
  235        -900.284   -1863.848           0.000      -0.000             235               0
  175         109.658    1668.978           0.000       0.000             175               0
   77        -786.494     302.876           0.000      -0.000              77               0
   60        1103.329    1646.720           0.000       0.000              60               0
  189        -314.112     970.284           0.000      -0.000             189               0
   26        -831.392    2454.343           0.000       0.000              26               0
   60         154.532     103.249           0.000      -0.000              60               0
   12       -3018.333   -2005.255           0.000       0.000              12               0
  123       -2070.123    -676.597           0.000      -0.000             123               0
  249         932.489    1468.617           0.000       0.000             249               0
  108        1238.416   -1046.743           0.000      -0.000             108               0
  131        -656.722    2425.946           0.000       0.000             131               0
  177         551.492    2223.159           0.000      -0.000             177               0
  218         435.715    -695.559           0.000       0.000             218               0
   99         850.803    -281.633           0.000      -0.000              99               0
  164         480.299   -1223.772           0.000       0.000             164               0
  109       -1178.862    1843.234           0.000      -0.000             109               0
    0         -87.529    3037.250           0.000       0.000              -0               0
  203         900.541   -3722.081           0.000      -0.000             203               0
   97        -451.640    -130.016           0.000       0.000              97               0
   47        -140.142    -556.619           0.000      -0.000              47               0
   60         448.542     933.629           0.000       0.000              60               0
  247        1686.189     571.309           0.000      -0.000             247               0
   73        1513.110      17.184           0.000       0.000              73               0
  217        1862.486    2612.038           0.000      -0.000             217               0
  156         460.497   -1706.438           0.000       0.000             156               0
   45         216.995    -430.282           0.000      -0.000              45               0
  102         133.000       0.013           0.000       0.000             102               0
  223         216.946     430.303           0.000       0.000             223               0
   45         460.127    1706.159           0.000       0.000              45               0
   12        1863.459   -2611.745           0.000       0.000              12               0
  191        1512.994     -16.668           0.000       0.000             191               0
    6        1686.058    -570.812           0.000       0.000               6               0
  129         448.423    -933.372           0.000       0.000             129               0
  221        -140.661     556.714           0.000       0.000             221               0
  156        -451.827     129.997           0.000       0.000             156               0
   22         899.123    3721.920           0.000       0.000              22               0
   58         -86.816   -3037.894           0.000       0.000              58               0
   34       -1178.311   -1843.469           0.000       0.000              34               0
   39         479.971    1224.058           0.000       0.000              39               0
  175         850.627     281.742           0.000       0.000             175               0
  168         435.297     695.293           0.000       0.000             168               0
  228         551.971   -2223.325           0.000       0.000             228               0
  234        -656.073   -2425.940           0.000       0.000             234               0
  143        1237.875    1047.366           0.000       0.000             143               0
   37         932.378   -1468.159           0.000       0.000              37               0
    5       -2070.928     676.209           0.000       0.000               5               0
   62       -3018.972    2004.114           0.000       0.000              62               0
   65         154.780    -103.686           0.000       0.000              65               0
  148        -830.470   -2454.811           0.000       0.000             148               0
  198        -313.575    -970.272           0.000       0.000             198               0
  144        1103.890   -1646.080           0.000       0.000             144               0
  120        -786.473    -302.770           0.000       0.000             120               0
  251         110.198   -1668.322           0.000       0.000             251               0
   87        -900.879    1864.240           0.000       0.000              87               0
   80          52.270    1849.421           0.000       0.000              80               0
  217        -354.104    3150.396           0.000       0.000             217               0
   97         -17.649    -392.921           0.000       0.000              97               0
  160        1884.173     319.330           0.000       0.000             160               0
  132       -1233.203    -717.091           0.000       0.000             132               0
  246       -1483.958    1885.463           0.000       0.000             246               0
  137        -330.301    1038.588           0.000       0.000             137               0
  174        -697.332    1752.763           0.000       0.000             174               0
   11         294.643    1240.410           0.000       0.000              11               0
   25        -550.923   -1501.265           0.000       0.000              25               0
  223        1105.389    -273.068           0.000       0.000             223               0
  120        -795.035     280.423           0.000       0.000             120               0
  150         431.378    1463.318           0.000       0.000             150               0
  247        1182.436     247.363           0.000       0.000             247               0
  161         250.414     932.103           0.000       0.000             161               0
  185          89.230     480.515           0.000       0.000             185               0
   37         -58.121     513.066           0.000       0.000              37               0
   26        1558.225    -247.040           0.000       0.000              26               0
   35        -262.079   -1147.102           0.000       0.000              35               0
  158         783.209    1197.449           0.000       0.000             158               0
   65       -1537.431      29.821           0.000       0.000              65               0
  246         329.213   -1314.324           0.000       0.000             246               0
    4        1562.702   -1502.684           0.000       0.000               4               0
   75          30.030     483.132           0.000       0.000              75               0
    6       -1068.171     144.209           0.000       0.000               6               0
   77       -1183.722   -1855.017           0.000       0.000              77               0
   36        -744.289     904.910           0.000       0.000              36               0
  220         432.505   -1607.084           0.000       0.000             220               0
  228         965.992   -2303.702           0.000       0.000             228               0
  244        -304.695     810.456           0.000       0.000             244               0
  162         250.763    -833.915           0.000       0.000             162               0
   82        -901.320    -379.013           0.000       0.000              82               0
  183        1273.535    1581.808           0.000       0.000             183               0
  242        1694.322     938.869           0.000       0.000             242               0
    7       -1102.083    1597.061           0.000       0.000               7               0
   48        2219.982     423.162           0.000       0.000              48               0
  212        2321.365    -673.433           0.000       0.000             212               0
    5        1460.940     606.904           0.000       0.000               5               0
   64        2245.609     113.818           0.000       0.000              64               0
  108         506.492     315.207           0.000       0.000             108               0
   39       -1313.033     397.323           0.000       0.000              39               0
  135        2033.497     739.011           0.000       0.000             135               0
  166        1274.438     436.521           0.000       0.000             166               0
   77       -2494.304    -258.613           0.000       0.000              77               0
  240        -129.722   -1754.047           0.000       0.000             240               0
   81         187.036   -1556.541           0.000       0.000              81               0
   32       -2587.862     256.452           0.000       0.000              32               0
  169         478.918    -253.225           0.000       0.000             169               0
  108        -412.468    2242.954           0.000       0.000             108               0
   35        1472.906    -401.759           0.000       0.000              35               0
   75         611.098    1470.049           0.000       0.000              75               0
  169        -770.352     302.441           0.000       0.000             169               0
  205        2924.055   -2077.675           0.000       0.000             205               0
  108         460.309    -768.462           0.000       0.000             108               0
  142        1217.141   -1434.731           0.000       0.000             142               0
  127        -379.073      19.193           0.000       0.000             127               0
   43       -1685.415    1325.098           0.000       0.000              43               0
   32        -179.931   -1244.322           0.000       0.000              32               0
   99        2039.771     473.140           0.000       0.000              99               0
  106        1379.594   -1804.107           0.000       0.000             106               0
  100       -1129.465    1364.618           0.000       0.000             100               0
  220       -2104.096   -1985.260           0.000       0.000             220               0
   72       -2256.611     300.794           0.000       0.000              72               0
   20        1681.428    -734.785           0.000       0.000              20               0
  154         417.080    2602.242           0.000       0.000             154               0
  142        -577.262   -2822.713           0.000       0.000             142               0
  205       -1376.248    2220.381           0.000       0.000             205               0
   31         180.521     -97.807           0.000       0.000              31               0
    8        1476.255    1050.293           0.000       0.000               8               0
  127        1665.749    -260.975           0.000       0.000             127               0
   33         342.820   -1304.722           0.000       0.000              33               0
  251        -151.770   -1324.094           0.000       0.000             251               0
  191         692.066     -72.463           0.000       0.000             191               0
  200       -1124.300   -1958.534           0.000       0.000             200               0
  190        -421.103   -1602.735           0.000       0.000             190               0
   39       -1793.278   -1864.832           0.000       0.000              39               0
   96        -908.338    2274.582           0.000       0.000              96               0
  195        2673.452     534.949           0.000       0.000             195               0
  193        -339.631     978.680           0.000       0.000             193               0
  231        1339.443    1043.271           0.000       0.000             231               0
  163        2131.184   -1246.038           0.000       0.000             163               0
   98         835.548   -1380.007           0.000       0.000              98               0
  200        -186.324      46.205           0.000       0.000             200               0
  100        1118.261    -594.345           0.000       0.000             100               0
   38        -181.497    1448.272           0.000       0.000              38               0
  101       -1549.530     856.795           0.000       0.000             101               0
  148        -169.726   -1551.850           0.000       0.000             148               0
   84        1488.990    -963.028           0.000       0.000              84               0
    6         172.046   -1069.172           0.000       0.000               6               0
  128        -250.295      97.292           0.000       0.000             128               0
  112          13.196    1257.981           0.000       0.000             112               0
  133       -1540.022    -880.533           0.000       0.000             133               0
  100         961.399     -64.662           0.000       0.000             100               0
   10       -1353.260     798.361           0.000       0.000              10               0
  232        1958.380   -1024.562           0.000       0.000             232               0
   41         -46.128    -431.306           0.000       0.000              41               0
  177       -1360.436    1536.449           0.000       0.000             177               0
  126         593.561     986.856           0.000       0.000             126               0
  216        -510.495     -10.767           0.000       0.000             216               0
  153       -1275.765   -1419.005           0.000       0.000             153               0
  104       -1095.833    -599.385           0.000       0.000             104               0
   17          36.858    -645.959           0.000       0.000              17               0
   59        -361.276    -715.370           0.000       0.000              59               0
  121       -1917.070      54.389           0.000       0.000             121               0
  238       -1793.751    -894.278           0.000       0.000             238               0
   91         411.817   -2517.256           0.000       0.000              91               0
   40        -104.334    -224.524           0.000       0.000              40               0
  139        -579.673    -680.009           0.000       0.000             139               0
  216         968.935   -2549.206           0.000       0.000             216               0
   30         555.537     558.113           0.000       0.000              30               0
  198         442.178   -1341.510           0.000       0.000             198               0
  106       -2396.613   -1180.471           0.000       0.000             106               0
   18       -1509.551   -2033.526           0.000       0.000              18               0
  135       -1246.238    1432.234           0.000       0.000             135               0
   95        -382.092      21.152           0.000       0.000              95               0
   51         429.552    -892.937           0.000       0.000              51               0
  244         492.733     694.809           0.000       0.000             244               0
   32         231.304    -324.368           0.000       0.000              32               0
  134         606.604    1512.774           0.000       0.000             134               0
  225       -1786.135    -424.866           0.000       0.000             225               0
  114         890.895     834.667           0.000       0.000             114               0
  162        2593.427    -757.063           0.000       0.000             162               0
   90         320.706    -368.098           0.000       0.000              90               0
  201         550.576     343.892           0.000       0.000             201               0
   12        1433.136    1089.922           0.000       0.000              12               0
  191         -73.976    -901.275           0.000       0.000             191               0
  245        -756.315    1443.992           0.000       0.000             245               0
  194         991.245   -1179.028           0.000       0.000             194               0
  187        -906.225   -1498.655           0.000       0.000             187               0
  188        1077.151   -1939.052           0.000       0.000             188               0
   15       -1096.770    -883.634           0.000       0.000              15               0
  170        -678.817     630.753           0.000       0.000             170               0
  142         350.991     477.414           0.000       0.000             142               0
  115         530.331    -655.043           0.000       0.000             115               0
  193         677.087     198.201           0.000       0.000             193               0
   61       -2048.276    -755.801           0.000       0.000              61               0
  137         -21.381     787.328           0.000       0.000             137               0
   83        1737.989    1909.039           0.000       0.000              83               0
  120         688.538    1712.585           0.000       0.000             120               0
    6         334.235     353.181           0.000       0.000               6               0
  229        -977.059    1155.034           0.000       0.000             229               0
  103         691.119      71.672           0.000       0.000             103               0
   48         837.742    -437.787           0.000       0.000              48               0
  190         703.347    1046.161           0.000       0.000             190               0
  242       -1173.963    1189.005           0.000       0.000             242               0
   35         -10.329    -111.787           0.000       0.000              35               0
  141        1834.264    1153.872           0.000       0.000             141               0
   74         456.920    2465.871           0.000       0.000              74               0
  118         324.686    1225.814           0.000       0.000             118               0
   15        1462.230   -1143.404           0.000       0.000              15               0
  182       -1482.437    1942.428           0.000       0.000             182               0
  223       -1321.473   -1006.234           0.000       0.000             223               0
   82        1224.382    -494.133           0.000       0.000              82               0
   19        -713.403    -985.165           0.000       0.000              19               0
   13         159.427    2132.091           0.000       0.000              13               0
  198         480.382     839.475           0.000       0.000             198               0
   30         799.732     570.410           0.000       0.000              30               0
  120       -1042.082    1806.163           0.000       0.000             120               0
  128        -861.194     179.920           0.000       0.000             128               0
  251        -388.052     482.434           0.000       0.000             251               0
  203        -916.366    -617.940           0.000       0.000             203               0
  167         192.395   -3275.599           0.000       0.000             167               0
   24         891.415    -299.471           0.000       0.000              24               0
   69       -1015.873    1127.162           0.000       0.000              69               0
  152        1066.715    -345.505           0.000       0.000             152               0
  109       -3756.165     949.120           0.000       0.000             109               0
  222        1159.732    -928.513           0.000       0.000             222               0
   18        -686.100    1234.110           0.000       0.000              18               0
   84        -269.623   -2185.463           0.000       0.000              84               0
   80         788.042    1106.250           0.000       0.000              80               0
   31       -1228.243     425.249           0.000       0.000              31               0
  148          96.767     221.854           0.000       0.000             148               0
  130       -1515.794    -995.169           0.000       0.000             130               0
  180        2666.822    1915.740           0.000       0.000             180               0
  159        -627.039     297.589           0.000       0.000             159               0
   98         538.473     455.926           0.000       0.000              98               0
   23        1054.894    1216.367           0.000       0.000              23               0
  176         860.958     610.278           0.000       0.000             176               0
   72        -874.298    -545.337           0.000       0.000              72               0
  250       -1313.919     817.215           0.000       0.000             250               0
  139       -1949.908    1889.571           0.000       0.000             139               0
  227        2817.360   -1297.815           0.000       0.000             227               0
   36        -108.742    -147.687           0.000       0.000              36               0
  130         260.930    -597.872           0.000       0.000             130               0
   27        -412.689    -775.508           0.000       0.000              27               0
  115        1040.060     197.683           0.000       0.000             115               0
   81        -541.816   -1609.818           0.000       0.000              81               0
   63        -328.872     843.135           0.000       0.000              63               0
   71       -1002.598    -350.053           0.000       0.000              71               0
   59        -834.144     897.156           0.000       0.000              59               0
  230        2516.511     240.939           0.000       0.000             230               0
  100       -2148.764    -312.765           0.000       0.000             100               0
   91        1036.200    1672.263           0.000       0.000              91               0
  109        -471.306    1179.792           0.000       0.000             109               0
  214        1593.372    -642.564           0.000       0.000             214               0
  104        -656.624     266.339           0.000       0.000             104               0
  103       -1017.501   -1298.155           0.000       0.000             103               0
  151        1318.397     851.879           0.000       0.000             151               0
   76        1208.078    1648.830           0.000       0.000              76               0
  192        -469.793     225.617           0.000       0.000             192               0
   73        -885.980    1376.360           0.000       0.000              73               0
  196       -2463.625    1023.814           0.000       0.000             196               0
  155        -720.966    1931.462           0.000       0.000             155               0
    1        -327.796    -230.741           0.000       0.000               1               0
  103       -1405.209   -1141.211           0.000       0.000             103               0
   54         320.447    1050.475           0.000       0.000              54               0
   28       -2771.874   -1055.727           0.000       0.000              28               0
   58        -788.966    -870.482           0.000       0.000              58               0
    1        -107.964     721.976           0.000       0.000               1               0
   39       -1027.073    1544.099           0.000       0.000              39               0
  243         311.226       9.833           0.000       0.000             243               0
   72        -804.379    -724.254           0.000       0.000              72               0
  121         615.584     640.358           0.000       0.000             121               0
   63         416.424     682.073           0.000       0.000              63               0
  161         572.205   -1050.976           0.000       0.000             161               0
  165        -734.571     973.160           0.000       0.000             165               0
   56       -1208.372     900.448           0.000       0.000              56               0
  242        1290.668      85.376           0.000       0.000             242               0
  255         579.449     375.598           0.000       0.000             255               0
   72        1090.319    2161.814           0.000       0.000              72               0
   54         -22.272     644.269           0.000       0.000              54               0
   34        1874.444     189.595           0.000       0.000              34               0
  193         996.578    -684.483           0.000       0.000             193               0
  163         173.135   -1266.454           0.000       0.000             163               0
   92        -500.711     550.737           0.000       0.000              92               0
   10        -667.732     756.402           0.000       0.000              10               0
   37        -597.187    -137.086           0.000       0.000              37               0
   66        -770.832     410.043           0.000       0.000              66               0
