SINAL     NFT                         FFT                         NFT INVERSA     FFT INVERSA
-----     -----------------------     -----------------------     -----------     -----------
    4       64438.000       0.000           0.000       0.000               4               1
   74        -641.571     374.822         -25.491      46.464              74               0
  212        1161.743     656.439           0.000       0.000             212              -0
   97       -1685.970     -23.391        -132.137      51.904              97               0
   32         831.155   -2555.684           0.000       0.000              32               0
   13       -2407.142    2074.385         131.966      62.353              13              -0
  173        -697.147    1759.250           0.000       0.000             173              -0
  236       -2565.027    -360.820         -29.212      39.897             236               0
   13        1375.386      80.802           0.000       0.000              13               0
   93        -495.423    1625.249          -3.084       5.020              93               0
   38         349.774    1084.076           0.000       0.000              38              -0
   44         415.991    1231.152         -36.714      12.379              44               0
   92       -1839.370     699.985           0.000       0.000              92               0
  109        -685.367    -894.846          49.563      26.467             109              -0
  161       -1109.239    1324.027           0.000       0.000             161              -0
   57         113.893    1196.471          -8.324      20.451              57               0
   27        1593.633     768.163           0.000       0.000              27               0
   71       -1044.670   -1497.186          -1.763       2.578              71               0
   75        -575.771    -895.592           0.000       0.000              75              -0
    6        3378.881    -892.254         -21.614       6.124               6               0
   23         862.750    1326.112           0.000       0.000              23               0
  203         178.473    1091.477          29.892      17.901             203              -0
  238        -991.810   -2802.415           0.000       0.000             238              -0
  232        -126.103   -2249.378         -10.068      11.246             232               0
  110         686.062     -24.207           0.000       0.000             110               0
   49       -1304.217   -1602.616          -1.286       1.695              49               0
  182         277.281    2065.095           0.000       0.000             182              -0
   97         818.158    -915.691         -15.439       3.567              97               0
  172         829.544     519.528           0.000       0.000             172               0
  214        -502.137   -1157.264          21.037      14.045             214              -0
   37         278.694   -1327.448           0.000       0.000              37              -0
  242         382.034     436.265          -3.515      10.018             242               0
  222        2190.542   -1439.734           0.000       0.000             222               0
  140         -81.152    1503.104          -1.039       1.239             140               0
  165       -1159.734    -137.570           0.000       0.000             165              -0
   48         -96.264    1324.080         -12.068       2.170              48               0
   54          43.975     -44.542           0.000       0.000              54               0
  216         244.426    -700.276          15.981      11.843             216              -0
  219        1896.187    1342.087           0.000       0.000             219              -0
   78        1365.127      97.255          -6.600       6.056              78               0
  187        -501.679    2064.193           0.000       0.000             187               0
   18        -540.888     824.884          -0.888       0.958              18               0
  227         935.936    1314.328           0.000       0.000             227              -0
   96         744.570    -455.909          -9.937       1.288              96               0
  110        -871.948    -161.614           0.000       0.000             110               0
   18        -588.248     856.338          12.699      10.413              18              -0
   76       -1170.690     575.715           0.000       0.000              76              -0
  175        1246.899   -1206.673          -3.928       5.957             175               0
  189         273.308     241.905           0.000       0.000             189               0
  211        1574.996    1221.642          -0.785       0.768             211               0
   52        -678.698    1214.231           0.000       0.000              52              -0
  250        -938.859     -48.670          -8.461       0.676             250               0
  221          43.876    -593.489           0.000       0.000             221               0
  140          58.460   -2026.844          10.387       9.406             140              -0
  177        -508.722    -724.454           0.000       0.000             177              -0
  108         176.548    -341.294          -5.127       3.851             108               0
  233        -796.681     347.633           0.000       0.000             233               0
  152         188.620    1624.291          -0.710       0.630             152               0
  109       -1219.902   -1632.839           0.000       0.000             109              -0
   79        -994.775    1791.302          -7.375       0.226              79               0
  218       -1568.238    1119.457           0.000       0.000             218               0
  146           7.974    1651.130           8.662       8.656             146              -0
  141         751.843     880.696           0.000       0.000             141              -0
  125         -76.587     587.671          -2.358       4.757             125               0
   14         111.037    -406.139           0.000       0.000              14               0
   82          54.274    2428.808          -0.653       0.524              82               0
  145       -1364.902     586.204           0.000       0.000             145              -0
  201         816.689    -194.826          -6.538      -0.120             201               0
  215         881.019    -340.488           0.000       0.000             215               0
   28        -222.730    1113.582           7.321       8.072              28              -0
   90        1975.969    -221.506           0.000       0.000              90              -0
  109        -360.300   -1944.190          -4.299       2.613             109               0
  232        -115.524   -1433.415           0.000       0.000             232               0
  142        -475.066    2085.654          -0.608       0.441             142               0
   75        -485.472   -1380.603           0.000       0.000              75              -0
  226        2665.662     -56.646          -5.870      -0.397             226               0
  101        1338.549     359.736           0.000       0.000             101               0
  111         610.455   -2101.888           6.244       7.603             111              -0
   17        -291.383    1380.077           0.000       0.000              17              -0
   27       -1903.849   -2055.171          -3.061       3.098              27               0
  162         547.487    1243.081           0.000       0.000             162               0
   31        -201.250     659.179          -0.571       0.373              31               0
  242         134.170   -1125.871           0.000       0.000             242              -0
  103         792.401   -1908.390          -5.323      -0.623             103               0
   20         796.693    1666.450           0.000       0.000              20               0
   47       -1001.396    -566.182           5.356       7.216              47              -0
   81         255.501    -650.364           0.000       0.000              81              -0
   36        1363.253    -367.927          -3.761       1.807              36               0
  152        -639.186     127.723           0.000       0.000             152               0
  222       -1935.803     969.548          -0.541       0.316             222               0
    6         165.220    -543.805           0.000       0.000               6              -0
  187        -835.458     758.013          -4.865      -0.813             187               0
    9        2314.605     729.130           0.000       0.000               9               0
  129         768.729   -1300.941           4.607       6.890             129              -0
  227        1151.913     441.399           0.000       0.000             227              -0
   96          96.489     531.242          -2.432       2.717              96               0
  232       -1080.719     745.565           0.000       0.000             232               0
  178          73.484    -560.281          -0.514       0.268             178               0
  111        -989.957   -1004.063           0.000       0.000             111              -0
   88         781.961      64.186          -4.473      -0.976              88               0
  254        -304.023     416.072           0.000       0.000             254               0
  182       -2340.391   -1515.649           3.965       6.610             182              -0
    8       -2762.848    -607.080           0.000       0.000               8              -0
   74       -1513.218     -97.297          -3.376       1.232              74               0
   19       -3388.801    -693.235           0.000       0.000              19               0
   23       -1999.371     904.222          -0.492       0.226              23               0
  169         103.320    1140.375           0.000       0.000             169              -0
   62        -314.739    1123.572          -4.133      -1.116              62               0
  144        -260.657    -833.658           0.000       0.000             144               0
  209         801.472    -460.989           3.406       6.367             209              -0
   65         -31.199   -1365.443           0.000       0.000              65              -0
   98        -359.365    -334.315          -2.669       1.807              98               0
   36        -478.715    1712.997           0.000       0.000              36               0
   89        -408.704   -1028.283          -0.472       0.190              89               0
   72       -1347.959   -1292.909           0.000       0.000              72              -0
   42       -1096.316    1095.805          -3.834      -1.240              42               0
  198         505.310   -1057.997           0.000       0.000             198               0
    7         887.346   -2086.627           2.912       6.152               7              -0
  209          51.611    1607.853           0.000       0.000             209              -0
   18         280.801    -791.893          -3.083       0.792              18               0
  117         804.197     728.407           0.000       0.000             117               0
   27       -1074.196     -19.991          -0.455       0.157              27               0
  118        1156.514    -160.210           0.000       0.000             118              -0
  100       -2130.340   -1470.246          -3.567      -1.351             100               0
  193        1027.432    -825.248           0.000       0.000             193               0
  100       -1490.370    -111.539           2.471       5.959             100              -0
   62        -549.181    1376.698           0.000       0.000              62              -0
  171        1776.615     946.443          -2.074       1.950             171               0
  117       -1017.218    1470.920           0.000       0.000             117               0
   76       -1497.704     167.071          -0.439       0.128              76               0
  223       -1193.810    -434.640           0.000       0.000             223              -0
  107          65.303    -800.744          -3.327      -1.450             107               0
  237       -1495.676    -187.124           0.000       0.000             237               0
  219         591.164     803.971           2.073       5.786             219              -0
  121          53.281    1045.541           0.000       0.000             121              -0
   83       -1720.903     -78.976          -2.848       0.440              83               0
  166         852.071    3622.231           0.000       0.000             166               0
    3        2413.983    -841.790          -0.425       0.101               3               0
  219       -1503.281    2757.887           0.000       0.000             219              -0
   74        -550.450   -1169.666          -3.108      -1.541              74               0
   39       -1051.516    1521.318           0.000       0.000              39               0
  178         561.675   -1556.136           1.710       5.628             178              -0
   13        1327.760    2200.938           0.000       0.000              13              -0
  218        -361.945    1717.661          -2.432       1.025             218               0
   61         173.175    -266.133           0.000       0.000              61               0
  246         332.412     198.088          -0.411       0.077             246               0
  201       -1244.621    1070.036           0.000       0.000             201              -0
  107         194.649    -160.997          -2.908      -1.624             107               0
   16        1064.023    -149.321           0.000       0.000              16               0
  197        1318.757    1395.034           1.375       5.482             197              -0
  119         646.659     882.885           0.000       0.000             119              -0
   83        -660.516     324.723          -2.651       0.147              83               0
   36       -1042.725    -117.620           0.000       0.000              36               0
  124         800.128    1037.360          -0.399       0.055             124               0
  255          59.793    1094.839           0.000       0.000             255              -0
  131       -1158.537    1215.860          -2.723      -1.701             131               0
   29       -1292.982    -858.108           0.000       0.000              29               0
  199        1167.333    -122.461           1.066       5.347             199              -0
  137         184.508    1995.113           0.000       0.000             137              -0
  146        -397.367     672.798          -2.185       1.050             146               0
  245        -537.818    1368.875           0.000       0.000             245               0
  158       -1604.717     879.805          -0.388       0.034             158               0
   27        1005.967    -638.643           0.000       0.000              27              -0
  243        -791.877    2248.688          -2.550      -1.772             243               0
   78         420.048   -1028.620           0.000       0.000              78               0
  226       -1677.161    -673.478           0.777       5.221             226              -0
   52       -1158.280     663.274           0.000       0.000              52              -0
  140       -1086.273   -1833.024          -2.482      -0.107             140               0
  201        -186.116     166.178           0.000       0.000             201               0
  247         857.545     610.833          -0.377       0.014             247               0
  117         460.898   -2238.712           0.000       0.000             117              -0
   39       -2398.390   -1290.128          -2.387      -1.840              39               0
  186        1137.929    1151.641           0.000       0.000             186               0
  159         175.445    1668.408           0.505       5.103             159              -0
   75        -103.100   -1302.214           0.000       0.000              75              -0
  131        1204.379     699.197          -2.262       0.464             131               0
  146        -729.967    1065.033           0.000       0.000             146               0
  147       -1371.411    1915.911          -0.368      -0.004             147               0
  141         -67.392    2979.596           0.000       0.000             141              -0
   29        -398.117   -1524.885          -2.234      -1.903              29               0
   20         440.207    -791.596           0.000       0.000              20               0
  174         571.070   -1465.238           0.247       4.991             174              -0
   87        -531.588    -898.863           0.000       0.000              87              -0
   29       -2156.634   -1972.576          -2.332      -0.331              29               0
  215       -1056.586    -838.958           0.000       0.000             215               0
   77         428.630    -284.905          -0.358      -0.022              77               0
   51         887.455    -633.237           0.000       0.000              51              -0
  186       -1213.780    -469.610          -2.088      -1.964             186               0
  192       -3345.428    1704.277           0.000       0.000             192               0
  210        2126.121     977.418           0.002       4.884             210              -0
  213       -1657.932      -0.588           0.000       0.000             213              -0
  154       -1487.391    2003.477          -2.058       0.694             154               0
    4        -192.739   -1394.237           0.000       0.000               4               0
  154        1094.007    1380.340          -0.349      -0.038             154              -0
  188        -930.294   -1658.582           0.000       0.000             188              -0
  195       -1375.251    1963.869          -1.948      -2.021             195               0
  241         273.353    -544.685           0.000       0.000             241               0
    9         720.100    1128.723          -0.233       4.782               9              -0
  226         209.417    -550.016           0.000       0.000             226              -0
   82        -490.741     248.896          -2.196      -0.536              82               0
  129       -1335.233   -1979.395           0.000       0.000             129               0
   38        -999.781     918.655          -0.340      -0.054              38              -0
    2       -2065.649      62.268           0.000       0.000               2              -0
  132       -1557.678    -193.098          -1.814      -2.077             132               0
   46         190.217    -181.924           0.000       0.000              46               0
   19        -654.915   -2541.855          -0.459       4.683              19              -0
  232        -537.031     808.665           0.000       0.000             232              -0
   40        1817.234    1418.807          -2.125       0.013              40               0
   44        -597.483    1317.087           0.000       0.000              44               0
   80        -968.865     -79.519          -0.332      -0.070              80              -0
  107       -1140.450   -1125.067           0.000       0.000             107              -0
  204        -530.864    3425.639          -1.684      -2.131             204               0
   50         908.469   -2135.135           0.000       0.000              50               0
  203        -383.250     747.383          -0.679       4.588             203              -0
   93         238.879   -1204.553           0.000       0.000              93              -0
  234       -1904.429   -2232.080          -2.069      -0.726             234               0
   76         727.749    1213.433           0.000       0.000              76               0
  156         281.555    2113.471          -0.324      -0.085             156              -0
  173        1946.491    -546.825           0.000       0.000             173              -0
   36        2021.244    1002.520          -1.558      -2.183              36               0
    7        -204.175    -319.323           0.000       0.000               7               0
   15       -1270.050   -2370.721          -0.892       4.495              15              -0
  181        1455.429   -1680.177           0.000       0.000             181              -0
  104        -836.979    -444.469          -2.046       0.113             104               0
   11        -188.175    -524.351           0.000       0.000              11               0
  150         493.152    1612.512          -0.316      -0.100             150              -0
   50        2641.347    -123.202           0.000       0.000              50              -0
   98       -2222.220    1022.167          -1.434      -2.234              98               0
  213       -1342.339      -5.452           0.000       0.000             213               0
   66         691.388    2911.380          -1.101       4.404              66              -0
  219         506.134   -1054.647           0.000       0.000             219              -0
   39         424.852   -1756.914          -1.948      -0.907              39               0
   69        -818.055   -2405.064           0.000       0.000              69               0
  219        3919.545    -703.187          -0.308      -0.114             219              -0
   72        -924.773     432.837           0.000       0.000              72              -0
  153        -767.104     270.844          -1.313      -2.285             153               0
   85         910.434     136.452           0.000       0.000              85               0
   68       -2354.765    -380.779          -1.307       4.314              68              -0
  122         710.288    -510.780           0.000       0.000             122              -0
  136         131.463     115.290          -2.004      -0.386             136               0
  141        -182.291    1218.233           0.000       0.000             141               0
  248        -166.267   -1934.258          -0.300      -0.128             248              -0
  110         628.541    1382.141           0.000       0.000             110              -0
  252         105.649     -22.820          -1.193      -2.334             252               0
  254         -90.258    -545.408           0.000       0.000             254               0
    6         -79.484   -1930.906          -1.510       4.226               6              -0
    1         196.546    -708.673           0.000       0.000               1              -0
  254        1499.395     912.583          -1.831      -1.082             254               0
   97        1003.284    1090.514           0.000       0.000              97               0
  220       -2366.432   -2635.068          -0.293      -0.142             220              -0
  182       -1091.873     548.640           0.000       0.000             182              -0
  247         474.212   -1181.632          -1.074      -2.384             247               0
  237        1087.927   -1252.127           0.000       0.000             237               0
   13         576.103    -713.527          -1.712       4.138              13              -0
  253        1286.656    2702.908           0.000       0.000             253              -0
  152        -400.260     375.801           0.000       0.000             152               0
  196        1360.000       0.159           0.000       0.000             196               0
   91        -400.140    -376.094          -0.285      -0.156              91              -0
  102        1287.587   -2702.215           0.000       0.000             102              -0
  252         575.753     714.276          -0.956      -2.433             252               0
  138        1087.295    1252.765           0.000       0.000             138               0
   89         473.416    1181.805          -1.914       4.050              89              -0
  217       -1092.033    -548.879           0.000       0.000             217              -0
  118       -2367.146    2634.201          -1.715      -1.255             118               0
  105        1004.016   -1090.438           0.000       0.000             105               0
   91        1499.683    -911.909          -0.278      -0.170              91              -0
  217         196.123     709.034           0.000       0.000             217              -0
  123         -80.248    1930.876          -0.837      -2.482             123               0
  243         -90.489     545.127           0.000       0.000             243               0
   68         105.632      22.609          -2.116       3.962              68              -0
  224         628.908   -1381.878           0.000       0.000             224              -0
   24        -167.058    1934.168          -1.888      -0.768              24               0
  232        -181.945   -1218.451           0.000       0.000             232               0
  255         131.456    -115.135          -0.270      -0.185             255              -0
  240         709.870     511.075           0.000       0.000             240              -0
  184       -2354.910     379.939          -0.717      -2.531             184               0
   99         910.632    -136.201           0.000       0.000              99               0
  216        -766.970    -271.067          -2.319       3.873             216              -0
  177        -924.190    -432.943           0.000       0.000             177              -0
   48        3919.356     704.814          -1.598      -1.430              48               0
  138        -819.177    2404.834           0.000       0.000             138               0
  245         424.199    1756.687          -0.262      -0.199             245              -0
   34         505.640    1054.122           0.000       0.000              34              -0
   12         692.042   -2911.521          -0.596      -2.581              12               0
  129       -1342.617       4.996           0.000       0.000             129               0
  164       -2221.570   -1022.920          -2.526       3.783             164              -0
  197        2641.542     124.092           0.000       0.000             197              -0
   25         493.452   -1612.183          -1.929      -0.677              25               0
  212        -188.547     524.625           0.000       0.000             212               0
   67        -837.095     444.457          -0.254      -0.213              67              -0
  206        1454.797    1680.821           0.000       0.000             206              -0
   86       -1270.931    2370.033          -0.473      -2.632              86               0
  217        -204.007     318.737           0.000       0.000             217               0
  220        2021.716   -1002.137          -2.736       3.692             220              -0
  157        1946.006     547.193           0.000       0.000             157              -0
  196         281.823   -2113.530          -1.478      -1.610             196               0
   27         727.638   -1212.822           0.000       0.000              27               0
   44       -1905.501    2231.656          -0.246      -0.228              44              -0
   59         238.375    1204.357           0.000       0.000              59              -0
   51        -383.137    -747.693          -0.348      -2.684              51               0
   58         907.497    2135.025           0.000       0.000              58               0
  152        -530.121   -3426.055          -2.951       3.598             152              -0
   38       -1141.069    1124.782           0.000       0.000              38              -0
   77        -968.944      78.934          -1.767      -1.165              77               0
  121        -596.924   -1317.461           0.000       0.000             121               0
   37        1817.563   -1418.070          -0.238      -0.243              37              -0
  251        -537.167    -808.406           0.000       0.000             251              -0
  233        -656.022    2541.804          -0.219      -2.738             233               0
  113         189.799     181.796           0.000       0.000             113               0
    6       -1558.136     192.441          -3.172       3.502               6              -0
  236       -2065.721     -63.092           0.000       0.000             236              -0
   50        -999.408    -918.896          -1.351      -1.799              50               0
   68       -1335.747    1978.919           0.000       0.000              68               0
  199        -490.409    -249.314          -0.230      -0.259             199              -0
  179         209.416     549.828           0.000       0.000             179              -0
  199         720.463   -1128.663          -0.086      -2.793             199               0
   77         272.928     544.608           0.000       0.000              77               0
   85       -1374.750   -1964.327          -3.400       3.403              85              -0
   48        -930.719    1658.253           0.000       0.000              48              -0
  182        1094.451   -1380.087          -1.936      -0.960             182               0
  210        -193.510    1393.997           0.000       0.000             210               0
  189       -1486.909   -2004.166          -0.221      -0.275             189              -0
  177       -1657.755       0.044           0.000       0.000             177              -0
  171        2126.289    -976.750           0.052      -2.850             171               0
   63       -3345.066   -1705.130           0.000       0.000              63               0
   95       -1213.563     469.596          -3.637       3.299              95              -0
   86         887.467     633.746           0.000       0.000              86              -0
  182         428.397     285.234          -1.216      -2.001             182               0
  251       -1057.065     838.818           0.000       0.000             251               0
  142       -2157.164    1971.853          -0.212      -0.292             142              -0
   77        -531.506     898.504           0.000       0.000              77              -0
   24         570.825    1465.143           0.197      -2.910              24               0
  203         439.961     791.308           0.000       0.000             203               0
   30        -398.653    1523.980          -3.885       3.191              30              -0
  169         -66.440   -2980.273           0.000       0.000             169              -0
    7       -1370.709   -1916.447          -1.632      -1.612               7               0
  236        -729.285   -1065.172           0.000       0.000             236               0
   10        1204.798    -698.586          -0.202      -0.310              10              -0
   92        -103.533    1302.136           0.000       0.000              92              -0
  212         176.048   -1668.452           0.348      -2.973             212               0
    0        1138.091   -1150.923           0.000       0.000              -0               0
   71       -2398.883    1289.674          -4.146       3.078              71              -0
  167         460.371    2238.720           0.000       0.000             167              -0
   11         857.671    -610.821          -1.068      -2.223              11               0
   10        -186.318    -166.229           0.000       0.000              10               0
   20       -1087.067    1832.465          -0.192      -0.329              20              -0
  179       -1158.094    -663.960           0.000       0.000             179              -0
  111       -1677.174     672.717           0.508      -3.039             111               0
  104         419.925    1028.242           0.000       0.000             104               0
   24        -790.967   -2249.309          -4.422       2.957              24              -0
    4        1005.763     638.772           0.000       0.000               4              -0
  195       -1604.444    -880.725          -1.791      -1.604             195               0
   65        -537.146   -1369.269           0.000       0.000              65               0
  207        -396.899    -673.088          -0.181      -0.348             207              -0
  142         185.411   -1995.016           0.000       0.000             142              -0
  128        1167.248     123.020           0.678      -3.109             128               0
  130       -1293.372     857.502           0.000       0.000             130               0
   25       -1157.911   -1216.516          -4.716       2.829              25              -0
  159          60.465   -1094.892           0.000       0.000             159              -0
   42         800.554   -1037.025          -0.902      -2.472              42               0
  196       -1042.697     117.299           0.000       0.000             196               0
    7        -660.069    -325.064          -0.170      -0.370               7              -0
  110         647.326    -882.776           0.000       0.000             110              -0
  152        1319.380   -1394.506           0.860      -3.185             152               0
  147        1063.878     149.805           0.000       0.000             147               0
   55         194.374     160.975          -5.032       2.692              55              -0
  105       -1244.275   -1070.513           0.000       0.000             105              -0
   99         332.610    -197.954          -1.465      -2.163              99               0
   28         173.112     266.004           0.000       0.000              28               0
  135        -361.253   -1717.967          -0.158      -0.392             135              -0
   21        1328.522   -2200.225           0.000       0.000              21              -0
  217         560.889    1556.465           1.057      -3.266             217               0
  126       -1051.195   -1521.690           0.000       0.000             126               0
   20        -550.853    1169.352          -5.373       2.544              20              -0
   81       -1502.065   -2758.464           0.000       0.000              81              -0
  126        2413.866     842.551          -0.709      -2.760             126               0
  201         852.906   -3621.864           0.000       0.000             201               0
  232       -1721.128      78.784          -0.144      -0.417             232              -0
  234          53.671   -1045.278           0.000       0.000             234              -0
  120         591.238    -803.384           1.270      -3.355             120               0
   13       -1495.887     187.021           0.000       0.000              13               0
  195          64.966     800.972          -5.744       2.382             195              -0
  254       -1194.069     434.239           0.000       0.000             254              -0
  202       -1497.533    -167.683          -1.926      -2.048             202               0
  161       -1016.346   -1471.239           0.000       0.000             161               0
  250        1777.065    -945.632          -0.129      -0.444             250              -0
   13        -548.891   -1376.466           0.000       0.000              13              -0
  120       -1490.286     111.580           1.505      -3.452             120               0
  128        1027.205     826.006           0.000       0.000             128               0
  102       -2130.705    1469.672          -6.152       2.204             102              -0
   92        1156.668     160.579           0.000       0.000              92              -0
   81       -1074.073      19.647          -0.480      -3.104              81               0
  147         804.634    -727.981           0.000       0.000             147               0
  132         280.560     792.110          -0.113      -0.474             132              -0
    2          52.189   -1607.531           0.000       0.000               2              -0
  171         886.589    2087.260           1.764      -3.559             171               0
  211         504.658    1058.058           0.000       0.000             211               0
   13       -1096.228   -1096.112          -6.606       2.007              13              -0
  231       -1348.410    1292.612           0.000       0.000             231              -0
  157        -408.962    1027.951          -1.233      -2.926             157               0
  158        -478.075   -1713.171           0.000       0.000             158               0
  130        -359.381     334.483          -0.095      -0.508             130              -0
  244         -31.555    1365.502           0.000       0.000             244              -0
  129         801.242     461.150           2.055      -3.680             129               0
  239        -261.157     833.319           0.000       0.000             239               0
  225        -314.575   -1123.914          -7.114       1.785             225              -0
  194         103.301   -1140.297           0.000       0.000             194              -0
  238       -1999.532    -904.613          -0.195      -3.530             238               0
  255       -3389.076     692.365           0.000       0.000             255               0
   98       -1513.069      96.959          -0.075      -0.545              98              -0
  102       -2762.761     606.337           0.000       0.000             102              -0
  146       -2340.234    1514.809           2.384      -3.816             146               0
   57        -303.129    -416.302           0.000       0.000              57               0
  112         782.420     -63.857          -7.693       1.533             112              -0
   79        -989.944    1003.720           0.000       0.000              79              -0
  255          73.689     560.083          -1.551      -3.227             255               0
   60       -1080.008    -746.102           0.000       0.000              60               0
   74          97.287    -531.208          -0.051      -0.589              74              -0
  232        1152.537    -440.875           0.000       0.000             232              -0
  143         768.634    1301.166           2.761      -3.972             143               0
   28        2314.845    -728.516           0.000       0.000              28               0
    9        -835.343    -758.219          -8.359       1.243               9              -0
   30         165.004     543.891           0.000       0.000              30              -0
   31       -1935.332    -970.156           0.176      -4.084              31               0
   72        -638.632    -127.731           0.000       0.000              72               0
  177        1363.474     368.558          -0.024      -0.639             177              -0
    9         255.360     650.514           0.000       0.000               9              -0
  160       -1001.326     565.743           3.201      -4.154             160               0
   78         797.598   -1666.019           0.000       0.000              78               0
  243         791.898    1908.882          -9.138       0.904             243              -0
  231         133.849    1125.706           0.000       0.000             231              -0
  159        -200.913    -659.458          -0.856      -4.169             159               0
   56         547.920   -1242.720           0.000       0.000              56               0
  209       -1904.356    2054.583           0.008      -0.698             209              -0
   53        -290.399   -1380.149           0.000       0.000              53              -0
  228         610.264    2102.121           3.724      -4.371             228               0
   26        1339.062    -359.472           0.000       0.000              26               0
  184        2665.592      57.540         -10.069       0.499             184              -0
   47        -486.165    1380.228           0.000       0.000              47              -0
  200        -474.327   -2085.836           0.690      -4.854             200               0
   41        -115.850    1433.595           0.000       0.000              41               0
   32        -360.644    1943.830           0.046      -0.769              32              -0
    5        1976.031     221.684           0.000       0.000               5              -0
  120        -222.377   -1113.927           4.357      -4.633             120               0
  101         880.935     340.620           0.000       0.000             101               0
   80         816.422     194.762         -11.203       0.004              80              -0
  229       -1364.788    -587.085           0.000       0.000             229              -0
  229          55.214   -2428.887          -1.647      -4.885             229               0
  180         110.962     406.200           0.000       0.000             180               0
   11         -76.321    -587.881           0.094      -0.857              11              -0
  203         752.097    -880.614           0.000       0.000             203              -0
  216           8.291   -1651.156           5.146      -4.960             216               0
   67       -1567.967   -1119.859           0.000       0.000              67               0
   93        -994.059   -1791.255         -12.626      -0.615              93               0
   39       -1220.175    1632.643           0.000       0.000              39              -0
  245         189.430   -1624.154           1.469      -6.020             245               0
   83        -796.324    -347.541           0.000       0.000              83               0
  254         176.688     341.693           0.155      -0.970             254              -0
  153        -508.731     724.562           0.000       0.000             153              -0
  191          58.041    2026.851           6.160      -5.380             191               0
  210          43.845     593.208           0.000       0.000             210               0
   27        -938.628      48.013         -14.474      -1.420              27               0
  199        -677.782   -1214.679           0.000       0.000             199              -0
   86        1575.791   -1221.054          -0.042      -6.852              86               0
  164         273.566    -241.606           0.000       0.000             164               0
  142        1246.502    1207.062           0.235      -1.119             142              -0
   63       -1170.499    -576.297           0.000       0.000              63              -0
  120        -587.720    -856.535           7.520      -5.943             120               0
  149        -871.578     161.356           0.000       0.000             149               0
   58         744.870     455.968         -16.983      -2.512              58               0
  229         936.579   -1314.211           0.000       0.000             229              -0
  116        -540.414    -825.138           2.824      -8.048             116               0
   15        -500.515   -2064.219           0.000       0.000              15               0
  156        1365.639     -96.556           0.348      -1.327             156              -0
  139        1896.756   -1341.165           0.000       0.000             139              -0
   92         244.150     700.638           9.451      -6.743              92               0
  104          44.001      44.587           0.000       0.000             104               0
  135         -95.755   -1323.950         -20.607      -4.091             135               0
   87       -1159.505     137.414           0.000       0.000              87              -0
  186         -80.098   -1502.746          -0.551      -9.966             186               0
  116        2190.367    1440.847           0.000       0.000             116               0
   24         382.217    -435.867           0.517      -1.640              24              -0
  201         278.326    1327.815           0.000       0.000             201              -0
   97        -502.304    1157.073          12.424      -7.975              97               0
  155         829.992    -519.243           0.000       0.000             155               0
  229         817.948     915.943         -26.337      -6.586             229               0
  141         277.950   -2064.787           0.000       0.000             141              -0
   56       -1304.560    1602.552           5.864     -12.598              56               0
  140         686.352      24.700           0.000       0.000             140               0
   92        -126.685    2249.538           0.803      -2.168              92              -0
  125        -992.373    2801.691           0.000       0.000             125              -0
  158         179.410   -1091.913          17.632     -10.132             158               0
  118         863.781   -1325.808           0.000       0.000             118               0
  108        3378.684     893.513         -36.837     -11.159             108               0
  235        -576.246     895.328           0.000       0.000             235              -0
  228       -1044.895    1496.468           3.685     -19.139             228               0
  173        1594.136    -768.107           0.000       0.000             173               0
   77         114.264   -1196.674           1.390      -3.254              77              -0
  211       -1108.677   -1324.360           0.000       0.000             211              -0
  157        -685.381     894.567          29.202     -14.924             157               0
  228       -1838.563    -700.857           0.000       0.000             228               0
  146         417.133   -1231.135         -62.511     -22.340             146               0
   14         350.697   -1083.964           0.000       0.000              14              -0
   20        -494.238   -1625.224          19.573     -33.115              20               0
  126        1375.891     -80.070           0.000       0.000             126               0
  115       -2564.531     359.975           3.312      -6.810             115              -0
   41        -695.496   -1759.439           0.000       0.000              41              -0
   35       -2404.928   -2074.612          77.666     -34.999              35               0
  246         832.175    2556.375           0.000       0.000             246               0
   33       -1683.555      22.781        -224.755     -92.995              33               0
  205        1165.524    -655.963           0.000       0.000             205              -0
  210        -634.632    -374.809           0.000       0.000             210               0
