SINAL     NFT                         FFT                         NFT INVERSA     FFT INVERSA
-----     -----------------------     -----------------------     -----------     -----------
   74       66005.000       0.000           0.000       0.000              74               1
  180         517.206    -327.551         -25.491      46.464             180               0
  116          82.185   -1400.309           0.000       0.000             116              -0
  144        -968.239    2163.386        -132.137      51.904             144               0
  193        -629.560    2062.713           0.000       0.000             193               0
   51         776.635    -917.101         131.966      62.353              51              -0
   21        -473.953     251.697           0.000       0.000              21              -0
  158         459.788      57.344         -29.212      39.897             158               0
   36        -894.986     -53.521           0.000       0.000              36               0
  222         806.908   -1322.575          -3.084       5.020             222               0
  101        1716.330   -2279.716           0.000       0.000             101              -0
  216       -1599.660    -315.819         -36.714      12.379             216               0
   65        1745.252   -1727.898           0.000       0.000              65               0
  255        -809.743   -1213.006          49.563      26.467             255              -0
  142         530.007    -703.038           0.000       0.000             142              -0
  252         430.346    1165.052          -8.324      20.451             252               0
   44        1491.327    1314.427           0.000       0.000              44               0
  167       -1344.766      76.546          -1.763       2.578             167               0
  169         707.806     277.122           0.000       0.000             169              -0
   94          64.913     549.128         -21.614       6.124              94               0
  122        1254.425   -1272.273           0.000       0.000             122               0
   85        -727.170    1855.200          29.892      17.901              85              -0
  219        -615.359    2012.874           0.000       0.000             219              -0
   45        -673.018     607.179         -10.068      11.246              45               0
    8        -206.772   -1118.738           0.000       0.000               8               0
  103        1246.046    -722.123          -1.286       1.695             103               0
  134         339.995     435.823           0.000       0.000             134              -0
  203         625.066    2206.688         -15.439       3.567             203               0
  166       -1477.815    1881.580           0.000       0.000             166               0
   58        1189.395     -57.983          21.037      14.045              58              -0
  238       -1148.885   -1991.341           0.000       0.000             238              -0
   27         939.615     318.084          -3.515      10.018              27               0
   29       -1450.824     477.091           0.000       0.000              29               0
  114        -269.619    1189.593          -1.039       1.239             114               0
   35         750.232    2543.269           0.000       0.000              35              -0
   95        2016.292     844.256         -12.068       2.170              95               0
   81         241.920   -1189.001           0.000       0.000              81               0
   88          76.587   -1378.414          15.981      11.843              88              -0
   86          71.600     711.224           0.000       0.000              86              -0
  164        1576.282    -265.573          -6.600       6.056             164               0
   44        -789.435   -1522.767           0.000       0.000              44               0
  219        2525.759    -865.190          -0.888       0.958             219               0
  158        2342.482   -1918.778           0.000       0.000             158              -0
   42       -1520.167    1232.312          -9.937       1.288              42               0
  220        -655.766     -67.052           0.000       0.000             220               0
  124        -644.552    -300.867          12.699      10.413             124              -0
   46         127.478     408.882           0.000       0.000              46              -0
  129        1639.098     815.638          -3.928       5.957             129               0
    1        1389.723    -107.850           0.000       0.000               1               0
  147         498.030     860.911          -0.785       0.768             147               0
   25         280.640      -9.018           0.000       0.000              25              -0
  220         372.522    1793.420          -8.461       0.676             220               0
  238       -1212.839   -1285.904           0.000       0.000             238               0
  111        -797.013     135.501          10.387       9.406             111              -0
  139        1698.413    -161.024           0.000       0.000             139              -0
   82          31.459      -8.645          -5.127       3.851              82               0
  236        1027.049   -1200.807           0.000       0.000             236               0
  248         745.261    2777.044          -0.710       0.630             248               0
  131        -290.152    -654.187           0.000       0.000             131              -0
   97        -544.881    -946.573          -7.375       0.226              97               0
   94         327.270     157.456           0.000       0.000              94               0
  199       -1504.548   -1249.882           8.662       8.656             199              -0
  122         380.876    1413.458           0.000       0.000             122              -0
  250         -95.398     -61.849          -2.358       4.757             250               0
   47         109.378   -1003.608           0.000       0.000              47               0
  200       -1264.792   -1719.314          -0.653       0.524             200               0
  113         442.385    2025.891           0.000       0.000             113              -0
  130       -1846.616     951.714          -6.538      -0.120             130               0
  149        2005.741     363.449           0.000       0.000             149               0
   85        -711.524    -336.471           7.321       8.072              85              -0
   62        -231.600     495.318           0.000       0.000              62              -0
  113         799.918    2119.908          -4.299       2.613             113               0
  201        1258.012     319.757           0.000       0.000             201               0
  234          94.910    -294.420          -0.608       0.441             234               0
  178        -726.313   -1443.550           0.000       0.000             178              -0
  174       -1417.301    1592.032          -5.870      -0.397             174               0
    6         -97.506     463.425           0.000       0.000               6               0
   72        -734.184    -285.077           6.244       7.603              72              -0
  231       -1461.325     -61.810           0.000       0.000             231              -0
  134        -489.863   -1084.978          -3.061       3.098             134               0
    0        1974.687   -2691.333           0.000       0.000               0               0
   10        -229.263    -356.502          -0.571       0.373              10               0
  166        -135.993     791.831           0.000       0.000             166              -0
   14        -796.231    2008.160          -5.323      -0.623              14               0
  202        1739.974   -1255.206           0.000       0.000             202               0
  223       -1633.518    1338.216           5.356       7.216             223              -0
  148       -1911.957    -699.061           0.000       0.000             148              -0
  195        -599.577     968.037          -3.761       1.807             195               0
  251       -2348.834     610.949           0.000       0.000             251               0
  198         836.557     533.052          -0.541       0.316             198               0
  148        1000.947     574.799           0.000       0.000             148              -0
  212         134.646     769.354          -4.865      -0.813             212               0
  238        -554.083     370.233           0.000       0.000             238               0
    3         216.393    -807.566           4.607       6.890               3              -0
  131       -2053.029   -1268.389           0.000       0.000             131              -0
    6       -1837.541     414.346          -2.432       2.717               6               0
   47         268.404    -740.815           0.000       0.000              47               0
  199        1371.271    3722.457          -0.514       0.268             199               0
  186         394.800    -291.219           0.000       0.000             186              -0
  104       -2191.907     463.397          -4.473      -0.976             104               0
  129         475.552    -290.676           0.000       0.000             129               0
  198        1315.538   -2515.542           3.965       6.610             198              -0
   87       -1412.836     388.889           0.000       0.000              87              -0
  183       -1114.043     631.610          -3.376       1.232             183               0
  177        -289.758    -840.015           0.000       0.000             177               0
  240         260.392    1677.483          -0.492       0.226             240               0
  195         744.597     860.324           0.000       0.000             195              -0
  242          24.710    -726.670          -4.133      -1.116             242               0
   75       -2087.689     497.634           0.000       0.000              75               0
  129        -520.266    2406.472           3.406       6.367             129              -0
   87        1304.384   -1409.831           0.000       0.000              87              -0
  179       -1465.910     596.036          -2.669       1.807             179               0
  136         358.676    -829.737           0.000       0.000             136               0
  143         159.442    -385.912          -0.472       0.190             143               0
  217           1.515    -546.234           0.000       0.000             217              -0
  115         958.779    2192.559          -3.834      -1.240             115               0
  181       -1351.705     704.320           0.000       0.000             181               0
  153        1619.741    -714.182           2.912       6.152             153              -0
   71         418.277    -697.743           0.000       0.000              71              -0
   20         239.013    -326.529          -3.083       0.792              20               0
  216        1388.778    -737.483           0.000       0.000             216               0
  229       -2518.781    -575.281          -0.455       0.157             229               0
  248          -6.362    -818.443           0.000       0.000             248              -0
  159         210.075    -345.141          -3.567      -1.351             159               0
   18         581.336   -1459.588           0.000       0.000              18               0
   23       -1522.254    1473.165           2.471       5.959              23              -0
  226         133.149    -590.789           0.000       0.000             226              -0
  126        1674.422   -1531.629          -2.074       1.950             126               0
  186       -1395.097     289.948           0.000       0.000             186               0
  200        -838.525     972.790          -0.439       0.128             200               0
  252       -1045.590    -354.922           0.000       0.000             252              -0
   42        -621.397     -74.799          -3.327      -1.450              42               0
  211         492.401    -628.978           0.000       0.000             211               0
  110       -1898.265     181.555           2.073       5.786             110              -0
  226        2184.763     524.212           0.000       0.000             226              -0
   67         405.489    -404.614          -2.848       0.440              67               0
  187         596.710    2304.550           0.000       0.000             187               0
  181        2149.498     731.231          -0.425       0.101             181               0
   34       -1715.424     572.172           0.000       0.000              34              -0
   20        1437.638    -884.713          -3.108      -1.541              20               0
  192        -300.029   -1379.550           0.000       0.000             192               0
   40        -175.730   -1395.081           1.710       5.628              40              -0
  226        1094.069     248.273           0.000       0.000             226              -0
   96         127.332     777.775          -2.432       1.025              96               0
   50         321.267   -1132.641           0.000       0.000              50               0
   98       -1072.532     130.722          -0.411       0.077              98               0
   55        2024.664    -977.243           0.000       0.000              55              -0
  139         -12.122     441.364          -2.908      -1.624             139               0
   58         -73.152      84.142           0.000       0.000              58               0
  180       -1635.221    -304.225           1.375       5.482             180              -0
  175        2722.080    2006.500           0.000       0.000             175              -0
    7       -1645.676   -2908.383          -2.651       0.147               7               0
   13         293.736   -1447.149           0.000       0.000              13               0
  122        1460.628   -1359.167          -0.399       0.055             122               0
  240          17.991   -2103.585           0.000       0.000             240              -0
   34        1174.403    -322.968          -2.723      -1.701              34               0
    2        1380.150    1256.964           0.000       0.000               2               0
   67        2174.837    1984.009           1.066       5.347              67              -0
  250        1611.397     260.338           0.000       0.000             250              -0
  165        -912.229   -1869.399          -2.185       1.050             165               0
  227        1194.344    1254.706           0.000       0.000             227               0
  223       -1518.242    2541.010          -0.388       0.034             223               0
  117         410.196    1350.688           0.000       0.000             117              -0
  241        1498.321    -867.199          -2.550      -1.772             241               0
  129        -463.522    1101.959           0.000       0.000             129               0
   51       -2604.755   -1693.488           0.777       5.221              51              -0
   44         845.866    -134.269           0.000       0.000              44              -0
   81        -522.019    1463.205          -2.482      -0.107              81               0
  180       -1609.425     218.025           0.000       0.000             180               0
   30        1866.769    1134.506          -0.377       0.014              30               0
  171        -788.233    -620.823           0.000       0.000             171              -0
   64         -13.821     315.266          -2.387      -1.840              64               0
  140         690.595    -881.252           0.000       0.000             140               0
  233          61.073    -654.702           0.505       5.103             233              -0
   74         303.036     -33.761           0.000       0.000              74              -0
   98          77.881     -69.658          -2.262       0.464              98               0
   93        -379.414   -2019.261           0.000       0.000              93               0
   18        -996.892     223.956          -0.368      -0.004              18               0
  251         150.879     542.649           0.000       0.000             251              -0
  115        -876.319     147.871          -2.234      -1.903             115               0
   72        -285.778     -85.287           0.000       0.000              72               0
    2        -542.774    -923.961           0.247       4.991               2              -0
  115        -491.642    1757.172           0.000       0.000             115              -0
  153         160.883    1013.531          -2.332      -0.331             153               0
  162         187.655     142.589           0.000       0.000             162               0
    6        1050.544     326.751          -0.358      -0.022               6               0
   36       -1339.054    1960.954           0.000       0.000              36              -0
  235         858.239     311.260          -2.088      -1.964             235               0
  208         156.501   -1386.856           0.000       0.000             208               0
   20        -143.565     776.813           0.002       4.884              20              -0
   79        -449.634   -1687.899           0.000       0.000              79              -0
   31       -2035.750    -152.653          -2.058       0.694              31               0
   50        -801.135   -2141.598           0.000       0.000              50               0
   17        -355.780     390.618          -0.349      -0.038              17              -0
  186       -1333.556    3042.596           0.000       0.000             186              -0
  184       -1158.368    1003.195          -1.948      -2.021             184               0
   41       -1485.834    -513.161           0.000       0.000              41               0
  163       -1308.306    1726.112          -0.233       4.782             163              -0
  151        1030.363     431.744           0.000       0.000             151              -0
   85       -2704.466     343.642          -2.196      -0.536              85               0
  131        -272.300   -1456.434           0.000       0.000             131               0
   20        -150.135     893.249          -0.340      -0.054              20              -0
  185         705.204    -447.856           0.000       0.000             185              -0
   38       -2193.918    -949.330          -1.814      -2.077              38               0
   38        -205.253     300.720           0.000       0.000              38               0
  192        1029.195     313.691          -0.459       4.683             192              -0
   44         177.490    -203.033           0.000       0.000              44              -0
  159        1003.488     327.664          -2.125       0.013             159               0
  109        1105.617     490.054           0.000       0.000             109               0
  218       -2040.368    -372.890          -0.332      -0.070             218              -0
  242        2640.149     159.259           0.000       0.000             242              -0
  239       -1082.814     251.520          -1.684      -2.131             239               0
   14        -648.907    -304.387           0.000       0.000              14               0
  151          19.729   -1064.766          -0.679       4.588             151              -0
  243       -2070.469   -2288.387           0.000       0.000             243              -0
  173       -1638.121    1219.037          -2.069      -0.726             173               0
   39       -1018.494    3083.613           0.000       0.000              39               0
   40       -1768.546    -113.835          -0.324      -0.085              40              -0
  247        -771.492     951.469           0.000       0.000             247              -0
   77         710.445    -561.957          -1.558      -2.183              77               0
  124         843.578     464.512           0.000       0.000             124               0
  249        -745.002   -1651.847          -0.892       4.495             249              -0
  158        -980.567     -60.937           0.000       0.000             158              -0
   25         -74.556       6.401          -2.046       0.113              25               0
  221        -567.575   -2171.560           0.000       0.000             221               0
  246        2085.563    1219.623          -0.316      -0.100             246              -0
   44        1144.772    -326.274           0.000       0.000              44              -0
  127         406.419    2727.334          -1.434      -2.234             127               0
  157        -632.524      44.847           0.000       0.000             157               0
  105        1490.949    1070.797          -1.101       4.404             105              -0
  234        1135.599    -301.588           0.000       0.000             234              -0
  120        -120.537     298.295          -1.948      -0.907             120               0
  217        -951.882     612.731           0.000       0.000             217               0
   86        2317.822    1202.382          -0.308      -0.114              86              -0
   63       -1105.627     833.035           0.000       0.000              63              -0
   53        1545.215    -897.524          -1.313      -2.285              53               0
  207         681.456    1056.153           0.000       0.000             207               0
   21         823.325    -970.430          -1.307       4.314              21              -0
  123        1786.273     251.368           0.000       0.000             123              -0
  180         555.175    -186.662          -2.004      -0.386             180               0
   53         849.905     537.154           0.000       0.000              53               0
   95       -1702.488    -878.132          -0.300      -0.128              95              -0
    7       -1390.903    -134.264           0.000       0.000               7              -0
   81        -241.884     -56.692          -1.193      -2.334              81               0
   65          37.464    -203.592           0.000       0.000              65               0
   38         851.854   -2023.728          -1.510       4.226              38              -0
  231       -2429.203   -1303.898           0.000       0.000             231              -0
  108        -620.784    1048.036          -1.831      -1.082             108               0
  246       -1138.332     841.410           0.000       0.000             246               0
  229       -1543.038    -642.936          -0.293      -0.142             229              -0
   65          39.089   -1119.081           0.000       0.000              65              -0
  132         -56.090     396.072          -1.074      -2.384             132               0
  136         435.493     891.458           0.000       0.000             136               0
  109        -674.207    -798.402          -1.712       4.138             109              -0
   10       -1546.535    -440.205           0.000       0.000              10              -0
   37       -3130.853    1780.435           0.000       0.000              37               0
  230        -575.000      -0.259           0.000       0.000             230               0
  240       -3130.166   -1781.503          -0.285      -0.156             240              -0
  148       -1546.241     439.865           0.000       0.000             148              -0
  184        -674.009     798.097          -0.956      -2.433             184               0
   51         436.083    -891.380           0.000       0.000              51               0
  112         -55.864    -395.916          -1.914       4.050             112              -0
  238          38.656    1119.180           0.000       0.000             238              -0
  218       -1543.273     642.245          -1.715      -1.255             218               0
  206       -1137.877    -841.911           0.000       0.000             206               0
   93        -620.290   -1048.006          -0.278      -0.170              93              -0
  207       -2429.233    1303.380           0.000       0.000             207              -0
    5         851.660    2023.905          -0.837      -2.482               5               0
  133          37.579     203.316           0.000       0.000             133               0
  120        -241.802      56.431          -2.116       3.962             120              -0
  169       -1390.748     133.686           0.000       0.000             169              -0
   66       -1702.202     877.340          -1.888      -0.768              66               0
   65         850.742    -537.102           0.000       0.000              65               0
   19         555.616     186.701          -0.270      -0.185              19              -0
   13        1786.674    -250.887           0.000       0.000              13              -0
   75         823.117     970.465          -0.717      -2.531              75               0
   54         681.940   -1056.148           0.000       0.000              54               0
  183        1544.857     897.811          -2.319       3.873             183              -0
   93       -1105.277    -833.763           0.000       0.000              93              -0
  157        2318.236   -1201.754          -1.598      -1.430             157               0
  140        -951.805    -613.064           0.000       0.000             140               0
  201        -120.240    -298.340          -0.262      -0.199             201              -0
   96        1135.657     301.829           0.000       0.000              96              -0
   62        1491.172   -1070.440          -0.596      -2.581              62               0
  186        -632.624     -45.221           0.000       0.000             186               0
   94         407.426   -2727.110          -2.526       3.783              94              -0
  206        1144.684     326.952           0.000       0.000             206              -0
  118        2085.630   -1218.574          -1.929      -0.677             118               0
  232        -568.761    2171.590           0.000       0.000             232               0
   54         -74.874      -6.502          -0.254      -0.213              54              -0
  178        -980.811      60.679           0.000       0.000             178              -0
    6        -745.552    1651.470          -0.473      -2.632               6               0
   63         843.676    -464.475           0.000       0.000              63               0
  205         709.886     561.957          -2.736       3.692             205              -0
  250        -771.648    -951.964           0.000       0.000             250              -0
  220       -1768.846     112.972          -1.478      -1.610             220               0
    3       -1017.579   -3083.961           0.000       0.000               3               0
  123       -1637.763   -1218.997          -0.246      -0.228             123              -0
  119       -2070.988    2288.060           0.000       0.000             119              -0
  183          19.679    1064.670          -0.348      -2.684             183               0
  189        -648.816     303.976           0.000       0.000             189               0
   64       -1082.299    -252.021          -2.951       3.598              64              -0
  204        2640.314    -158.425           0.000       0.000             204              -0
  225       -2040.463     372.105          -1.767      -1.165             225               0
   23        1106.061    -489.796           0.000       0.000              23               0
  202        1003.575    -327.329          -0.238      -0.243             202              -0
  166         177.326     203.069           0.000       0.000             166              -0
  240        1029.075    -313.381          -0.219      -2.738             240               0
   37        -205.564    -300.705           0.000       0.000              37               0
   70       -2194.316     948.604          -3.172       3.502              70              -0
  242         705.096     447.892           0.000       0.000             242              -0
  193        -150.037    -893.356          -1.351      -1.799             193               0
  189        -273.098    1456.214           0.000       0.000             189               0
  109       -2704.354    -344.890          -0.230      -0.259             109              -0
  194        1030.540    -431.695           0.000       0.000             194              -0
  134       -1307.941   -1726.622          -0.086      -2.793             134               0
  151       -1486.020     512.604           0.000       0.000             151               0
  169       -1157.941   -1003.833          -3.400       3.403             169              -0
  156       -1332.346   -3042.843           0.000       0.000             156              -0
   46        -355.466    -390.107          -1.936      -0.960              46               0
  165        -801.779    2141.619           0.000       0.000             165               0
  201       -2035.520     152.006          -0.221      -0.275             201              -0
   30        -449.733    1687.624           0.000       0.000              30              -0
   94        -142.907    -777.017           0.052      -2.850              94               0
  220         156.378    1386.722           0.000       0.000             220               0
   43         858.471    -311.405          -3.637       3.299              43              -0
   56       -1338.188   -1961.551           0.000       0.000              56              -0
  160        1050.923    -326.331          -1.216      -2.001             160               0
    6         187.760    -142.581           0.000       0.000               6               0
  155         161.226   -1013.532          -0.212      -0.292             155              -0
  204        -491.047   -1757.072           0.000       0.000             204              -0
  171        -542.991     924.069           0.197      -2.910             171               0
  147        -285.703      85.245           0.000       0.000             147               0
   84        -876.092    -148.113          -3.885       3.191              84              -0
  143         151.228    -542.451           0.000       0.000             143              -0
    1        -996.634    -223.963          -1.632      -1.612               1               0
  161        -379.763    2019.244           0.000       0.000             161               0
  117          78.173      69.560          -0.202      -0.310             117              -0
   90         303.267      33.865           0.000       0.000              90              -0
  202          61.072     654.719           0.348      -2.973             202               0
  238         690.435     881.309           0.000       0.000             238               0
  197         -13.679    -315.459          -4.146       3.078             197              -0
  192        -788.218     620.325           0.000       0.000             192              -0
  103        1867.168   -1134.088          -1.068      -2.223             103               0
   33       -1609.427    -218.658           0.000       0.000              33               0
   99        -521.284   -1463.317          -0.192      -0.329              99              -0
  213         845.845     134.795           0.000       0.000             213              -0
  177       -2605.145    1692.510           0.508      -3.039             177               0
  186        -462.532   -1102.306           0.000       0.000             186               0
  191        1498.426     867.491          -4.422       2.957             191              -0
   32         410.727   -1350.889           0.000       0.000              32              -0
  211       -1517.063   -2541.446          -1.791      -1.604             211               0
  118        1195.172   -1253.807           0.000       0.000             118               0
   61        -912.402    1869.330          -0.181      -0.348              61              -0
  160        1612.058    -259.956           0.000       0.000             160              -0
  188        2175.735   -1983.175           0.678      -3.109             188               0
   61        1380.575   -1255.979           0.000       0.000              61               0
   47        1174.192     324.031          -4.716       2.829              47              -0
  201          17.259    2104.011           0.000       0.000             201              -0
  166        1460.104    1359.794          -0.902      -2.472             166               0
  113         292.994    1447.302           0.000       0.000             113               0
  152       -1646.535    2907.420          -0.170      -0.370             152              -0
  108        2722.732   -2005.968           0.000       0.000             108              -0
   55       -1635.502     303.675           0.860      -3.185              55               0
  245         -72.955     -84.228           0.000       0.000             245               0
  202         -11.738    -441.295          -5.032       2.692             202              -0
   46        2024.307     977.955           0.000       0.000              46              -0
  162       -1072.588    -131.100          -1.465      -2.163             162               0
  113         321.007    1132.644           0.000       0.000             113               0
  135         127.705    -777.843          -0.158      -0.392             135              -0
    1        1094.152    -247.745           0.000       0.000               1              -0
  232        -176.272    1395.119           1.057      -3.266             232               0
   26        -300.378    1379.258           0.000       0.000              26               0
   62        1437.304     884.771          -5.373       2.544              62              -0
  168       -1715.115    -573.181           0.000       0.000             168              -0
  118        2149.937    -730.841          -0.709      -2.760             118               0
  146         597.358   -2304.334           0.000       0.000             146               0
  146         405.300     404.916          -0.144      -0.417             146              -0
   84        2184.566    -523.424           0.000       0.000              84              -0
  231       -1898.558    -182.039           1.270      -3.355             231               0
  129         492.064     629.214           0.000       0.000             129               0
   47        -621.660      74.572          -5.744       2.382              47              -0
   42       -1045.805     354.491           0.000       0.000              42              -0
   32        -838.168    -973.061          -1.926      -2.048              32               0
   31       -1394.709    -290.157           0.000       0.000              31               0
  156        1674.092    1532.296          -0.129      -0.444             156              -0
   45         132.771     590.643           0.000       0.000              45              -0
  167       -1521.711   -1473.604           1.505      -3.452             167               0
   90         581.015    1459.949           0.000       0.000              90               0
   33         209.939     345.189          -6.152       2.204              33              -0
  233          -6.774     818.404           0.000       0.000             233              -0
  160       -2518.746     574.337          -0.480      -3.104             160               0
  140        1388.909     737.792           0.000       0.000             140               0
   95         239.017     326.427          -0.113      -0.474              95              -0
   16         418.183     697.664           0.000       0.000              16              -0
  172        1619.381     714.327           1.764      -3.559             172               0
  167       -1351.545    -705.215           0.000       0.000             167               0
   15         959.570   -2192.272          -6.606       2.007              15              -0
   60           1.248     546.392           0.000       0.000              60              -0
   30         159.248     385.941          -1.233      -2.926              30               0
  229         358.221     829.666           0.000       0.000             229               0
   70       -1465.712    -596.702          -0.095      -0.508              70              -0
   65        1303.890    1409.914           0.000       0.000              65              -0
  190        -519.744   -2406.937           2.055      -3.680             190               0
  128       -2087.470    -498.229           0.000       0.000             128               0
  151          24.757     726.585          -7.114       1.785             151              -0
   45         744.972    -860.287           0.000       0.000              45              -0
   78         260.852   -1677.282          -0.195      -3.530              78               0
   94        -290.195     840.053           0.000       0.000              94               0
  130       -1113.880    -631.958          -0.075      -0.545             130              -0
  245       -1412.437    -389.097           0.000       0.000             245              -0
  214        1314.900    2515.974           2.384      -3.816             214               0
  218         475.262     290.442           0.000       0.000             218               0
  101       -2191.699    -464.431          -7.693       1.533             101              -0
  202         395.024     290.935           0.000       0.000             202              -0
  103        1372.503   -3722.013          -1.551      -3.227             103               0
  216         267.816     741.224           0.000       0.000             216               0
  228       -1837.626    -414.798          -0.051      -0.589             228              -0
   70       -2053.231    1267.773           0.000       0.000              70              -0
   71         216.426     807.403           2.761      -3.972              71               0
   16        -553.745    -370.714           0.000       0.000              16               0
  100         135.160    -769.480          -8.359       1.243             100              -0
   87        1001.208    -574.541           0.000       0.000              87              -0
   11         836.433    -532.820           0.176      -4.084              11               0
   21       -2348.803    -611.753           0.000       0.000              21               0
   74        -599.179    -968.115          -0.024      -0.639              74              -0
  189       -1912.021     698.460           0.000       0.000             189              -0
   78       -1632.511   -1338.693           3.201      -4.154              78               0
  176        1739.929    1255.773           0.000       0.000             176               0
  141        -795.426   -2008.447          -9.138       0.904             141              -0
  155        -135.452    -791.487           0.000       0.000             155              -0
  117        -229.034     356.919          -0.856      -4.169             117               0
  198        1973.859    2692.140           0.000       0.000             198               0
  169        -490.436    1084.540           0.008      -0.698             169              -0
    4       -1461.310      61.051           0.000       0.000               4              -0
  230        -734.040     284.573           3.724      -4.371             230               0
  197         -97.177    -463.725           0.000       0.000             197               0
  235       -1416.520   -1592.457         -10.069       0.499             235              -0
  136        -726.318    1443.350           0.000       0.000             136              -0
  218          95.343     294.166           0.690      -4.854             218               0
   70        1258.469    -319.693           0.000       0.000              70               0
   44         800.713   -2119.740           0.046      -0.769              44              -0
   28        -231.379    -495.222           0.000       0.000              28              -0
  193        -711.354     336.268           4.357      -4.633             193               0
   43        2005.910    -362.870           0.000       0.000              43               0
   69       -1846.298    -952.364         -11.203       0.004              69              -0
   43         443.241   -2025.380           0.000       0.000              43              -0
  161       -1265.166    1719.271          -1.647      -4.885             161               0
  230         109.366    1003.591           0.000       0.000             230               0
  221         -95.164      61.639           0.094      -0.857             221              -0
  151         381.485   -1413.239           0.000       0.000             151              -0
  132       -1504.708    1249.509           5.146      -4.960             132               0
   40         327.702    -157.359           0.000       0.000              40               0
  121        -544.858     946.334         -12.626      -0.615             121               0
  113        -289.884     653.737           0.000       0.000             113              -0
  160         746.662   -2776.806           1.469      -6.020             160               0
  151        1026.927    1201.359           0.000       0.000             151               0
   94          31.726       8.613           0.155      -0.970              94              -0
   90        1698.457     161.553           0.000       0.000              90              -0
  185        -796.986    -135.776           6.160      -5.380             185               0
   97       -1212.927    1285.272           0.000       0.000              97               0
   39         373.595   -1793.490         -14.474      -1.420              39               0
  229         281.050       9.124           0.000       0.000             229              -0
  174         498.757    -860.724          -0.042      -6.852             174               0
   78        1390.029     108.351           0.000       0.000              78               0
   64        1639.423    -815.046           0.235      -1.119              64              -0
  151         127.530    -408.659           0.000       0.000             151              -0
  255        -644.585     300.797           7.520      -5.943             255               0
   83        -655.540      66.879           0.000       0.000              83               0
  239       -1519.104   -1232.524         -16.983      -2.512             239               0
  113        2342.516    1919.854           0.000       0.000             113              -0
   76        2525.537     866.042           2.824      -8.048              76               0
  104        -789.866    1522.339           0.000       0.000             104               0
  254        1576.373     265.791           0.348      -1.327             254              -0
  130          71.891    -711.291           0.000       0.000             130              -0
  240          76.319    1378.346           9.451      -6.743             240               0
  209         241.843    1188.597           0.000       0.000             209               0
  171        2016.714    -844.191         -20.607      -4.091             171               0
  117         750.929   -2543.249           0.000       0.000             117              -0
  149        -269.362   -1189.552          -0.551      -9.966             149               0
  221       -1450.491    -477.399           0.000       0.000             221               0
  105         939.934    -317.532           0.517      -1.640             105              -0
  212       -1149.319    1990.899           0.000       0.000             212              -0
  183        1189.590      57.918          12.424      -7.975             183               0
    8       -1476.931   -1882.382           0.000       0.000               8               0
  163         626.246   -2206.338         -26.337      -6.586             163               0
  134         340.484    -435.340           0.000       0.000             134              -0
  182        1245.982     722.757           5.864     -12.598             182               0
  111        -207.089    1118.534           0.000       0.000             111               0
  214        -672.606    -607.723           0.803      -2.168             214              -0
  145        -614.320   -2013.151           0.000       0.000             145              -0
    0        -725.974   -1855.067          17.632     -10.132               0               0
  217        1254.513    1272.979           0.000       0.000             217               0
   58          65.471    -549.057         -36.837     -11.159              58               0
   29         708.223    -276.756           0.000       0.000              29              -0
  107       -1344.214     -76.931           3.685     -19.139             107               0
   82        1492.382   -1313.770           0.000       0.000              82               0
   42         431.149   -1164.420           1.390      -3.254              42              -0
   91         530.164     703.783           0.000       0.000              91              -0
  147        -809.562    1213.127          29.202     -14.924             147               0
   67        1745.200    1728.625           0.000       0.000              67               0
  167       -1599.126     315.405         -62.511     -22.340             167               0
  103        1716.378    2280.305           0.000       0.000             103              -0
  194         806.989    1322.521          19.573     -33.115             194               0
   27        -894.275      52.881           0.000       0.000              27               0
  218         460.758     -57.430           3.312      -6.810             218              -0
   85        -472.743    -252.008           0.000       0.000              85              -0
   12         777.635     917.030          77.666     -34.999              12               0
  160        -627.286   -2063.217           0.000       0.000             160               0
  252        -965.119   -2163.417        -224.755     -92.995             252               0
  136          85.390    1400.640           0.000       0.000             136              -0
  236         524.173     327.702           0.000       0.000             236               0
