SINAL     NFT                         FFT                         NFT INVERSA     FFT INVERSA
-----     -----------------------     -----------------------     -----------     -----------
    0       65513.000       0.000           0.000       0.000               0               0
   55        -548.598    -580.969           0.000      -0.000              55               0
  226        1717.125     481.246           0.000       0.000             226               0
   69       -1910.059   -1949.762           0.000      -0.000              69               0
  111         668.161     673.860           0.000       0.000             111               0
  130        1173.621    -319.895           0.000      -0.000             130               0
   60        -959.539    2593.836           0.000       0.000              60               0
  188         997.701    1046.408           0.000      -0.000             188               0
  174         628.833   -1855.032           0.000       0.000             174               0
   76         526.849    -123.550           0.000      -0.000              76               0
  207         -28.189     747.329           0.000       0.000             207               0
  255       -1135.206    -391.830           0.000      -0.000             255               0
  125        -639.824    -902.385           0.000       0.000             125               0
  119       -1201.400     823.004           0.000      -0.000             119               0
  108           6.346    -654.819           0.000       0.000             108               0
  110        -479.757     405.494           0.000      -0.000             110               0
   97        2502.639   -1006.244           0.000       0.000              97               0
  122        2329.329   -1965.989           0.000      -0.000             122               0
  161        1151.601    1404.154           0.000       0.000             161               0
   37       -1265.149     623.058           0.000      -0.000              37               0
   16        -515.850     -98.549           0.000       0.000              16               0
  127         262.633    1120.439           0.000      -0.000             127               0
  248        1662.916    -228.620           0.000       0.000             248               0
  138       -2012.912    2107.970           0.000      -0.000             138               0
   80        -965.146     545.500           0.000       0.000              80               0
  137        -163.896     176.299           0.000      -0.000             137               0
  229           0.135    2239.079           0.000       0.000             229               0
   64        -743.120     225.044           0.000      -0.000              64               0
  253       -1156.343    -309.840           0.000       0.000             253               0
   38        -387.292   -1173.551           0.000      -0.000              38               0
   10        -717.630    2001.174           0.000       0.000              10               0
   57       -2133.077     773.429           0.000      -0.000              57               0
  191        -702.593   -1197.815           0.000       0.000             191               0
  154       -2594.132    -230.806           0.000      -0.000             154               0
  116        -170.196      61.674           0.000       0.000             116               0
  218       -1416.657    1681.012           0.000      -0.000             218               0
   57         464.833    1079.909           0.000       0.000              57               0
  210        -727.569     109.691           0.000      -0.000             210               0
   21        1114.095     246.812           0.000       0.000              21               0
  107         696.429     486.339           0.000      -0.000             107               0
  134       -1737.570   -1171.148           0.000       0.000             134               0
  236        -329.474     735.125           0.000      -0.000             236               0
   67        -455.821     363.577           0.000       0.000              67               0
  163        1328.122    -756.099           0.000      -0.000             163               0
  183        1139.733     419.365           0.000       0.000             183               0
   49        -917.983     464.237           0.000      -0.000              49               0
   27       -1135.976    -410.440           0.000       0.000              27               0
   73         824.641     522.377           0.000      -0.000              73               0
   90         233.153    -968.561           0.000       0.000              90               0
    4        1435.129   -1064.644           0.000      -0.000               4               0
  246        -222.764      56.153           0.000       0.000             246               0
   12       -1499.646    -840.668           0.000      -0.000              12               0
  189       -1750.936   -1176.641           0.000       0.000             189               0
  206          19.393     -51.638           0.000      -0.000             206               0
   44        1092.614      12.636           0.000       0.000              44               0
  210          36.270     507.457           0.000      -0.000             210               0
  166        -955.333   -1307.766           0.000       0.000             166               0
  174         314.322    -704.570           0.000      -0.000             174               0
  184        1300.959    -576.607           0.000       0.000             184               0
  170        -274.923    2576.904           0.000      -0.000             170               0
  182        2576.271     191.783           0.000       0.000             182               0
   66         996.820    -900.602           0.000      -0.000              66               0
  226         728.147   -1136.199           0.000       0.000             226               0
   41        1033.024    1715.815           0.000      -0.000              41               0
  160        -495.054     -91.291           0.000       0.000             160               0
  235         -77.505    -435.062           0.000      -0.000             235               0
  252       -2110.965   -1468.702           0.000       0.000             252               0
  154         860.689    -826.307           0.000      -0.000             154               0
  199        -135.911     935.151           0.000       0.000             199               0
   72        -444.157    2615.363           0.000      -0.000              72               0
  173         153.671    1168.643           0.000       0.000             173               0
  199         970.296     721.015           0.000      -0.000             199               0
   58        -395.349    -383.625           0.000       0.000              58               0
  238       -1267.214   -1350.360           0.000      -0.000             238               0
  237       -1097.135    1638.704           0.000       0.000             237               0
    5         565.833    2529.923           0.000      -0.000               5               0
  195          75.723   -1789.773           0.000       0.000             195               0
   69        -626.977     719.828           0.000      -0.000              69               0
   51        -606.548     561.014           0.000       0.000              51               0
  226       -1484.080       1.502           0.000      -0.000             226               0
   53       -1138.651    -210.245           0.000       0.000              53               0
   67         442.288     -31.881           0.000      -0.000              67               0
  182       -1526.654    -434.167           0.000       0.000             182               0
  175       -1132.331     319.409           0.000      -0.000             175               0
   38       -1623.784    1380.431           0.000       0.000              38               0
  230         735.674     943.818           0.000      -0.000             230               0
  107        -566.569   -1574.624           0.000       0.000             107               0
   62       -1571.302    1308.795           0.000      -0.000              62               0
  185        -740.043     346.466           0.000       0.000             185               0
   33        1278.035   -1851.501           0.000      -0.000              33               0
   22        -140.396    2366.968           0.000       0.000              22               0
   57          28.027     184.282           0.000      -0.000              57               0
  100         524.589     339.338           0.000       0.000             100               0
  209         159.403    -480.726           0.000      -0.000             209               0
  240        1275.672     989.864           0.000       0.000             240               0
  208         211.506      24.400           0.000      -0.000             208               0
  245       -2259.051    -812.062           0.000       0.000             245               0
  191         382.768     234.126           0.000      -0.000             191               0
   13        -269.083     300.350           0.000       0.000              13               0
   58       -1710.336   -1452.009           0.000      -0.000              58               0
  139        -374.609   -1458.076           0.000       0.000             139               0
  187       -1090.595    -848.169           0.000      -0.000             187               0
  139        -881.042     368.169           0.000       0.000             139               0
   54        -198.124   -1365.085           0.000      -0.000              54               0
  161        -746.972     307.911           0.000       0.000             161               0
   87       -1218.741    -176.696           0.000      -0.000              87               0
   15       -2068.317     227.980           0.000       0.000              15               0
   12        -527.421    1016.785           0.000      -0.000              12               0
  151       -1015.860    -711.922           0.000       0.000             151               0
  181        -943.713    -165.946           0.000      -0.000             181               0
  124         373.843    1250.551           0.000       0.000             124               0
   53       -1981.012     419.974           0.000      -0.000              53               0
   22        -916.390    -711.744           0.000       0.000              22               0
   21        1578.557   -1291.648           0.000      -0.000              21               0
  244        -965.159    -731.592           0.000       0.000             244               0
  168       -1030.107    1724.987           0.000      -0.000             168               0
   20       -1079.701   -1341.542           0.000       0.000              20               0
  147        2525.762    -253.430           0.000      -0.000             147               0
  137        1071.496   -1063.018           0.000       0.000             137               0
  136       -2570.300   -1957.992           0.000      -0.000             136               0
  123         960.565    1165.680           0.000       0.000             123               0
  179       -1125.241     529.709           0.000      -0.000             179               0
  123       -1177.776      62.677           0.000       0.000             123               0
  122          31.846     924.160           0.000      -0.000             122               0
   74       -1552.265    -342.496           0.000       0.000              74               0
   46       -1584.401      -1.311           0.000      -0.000              46               0
  139         811.683     599.133           0.000       0.000             139               0
  198        -168.212    -789.124           0.000      -0.000             198               0
   67        -532.926   -1060.036           0.000       0.000              67               0
  233       -1694.017     212.281           0.000      -0.000             233               0
  141         228.573    -925.876           0.000       0.000             141               0
  178         859.527     233.570           0.000      -0.000             178               0
   46       -1184.565    1635.552           0.000       0.000              46               0
  178        -974.926    -717.549           0.000      -0.000             178               0
  181       -1978.140     146.362           0.000       0.000             181               0
    7        -439.661    -727.336           0.000      -0.000               7               0
  255       -1423.459     105.270           0.000       0.000             255               0
  101         196.693     216.755           0.000      -0.000             101               0
   77        1784.404     563.996           0.000       0.000              77               0
  105        1849.876     -93.146           0.000      -0.000             105               0
   75         -91.472    1161.235           0.000       0.000              75               0
  171       -1792.901     210.788           0.000      -0.000             171               0
   23         903.879    -843.390           0.000       0.000              23               0
  223        1355.275    -936.036           0.000      -0.000             223               0
  181        -531.298   -1736.587           0.000       0.000             181               0
  235         562.733    -973.996           0.000      -0.000             235               0
  158        1584.216     637.698           0.000       0.000             158               0
   36       -1560.719     329.024           0.000      -0.000              36               0
  105        -849.668   -1364.927           0.000       0.000             105               0
  109         592.263    -997.574           0.000      -0.000             109               0
  167       -1726.785   -1559.937           0.000       0.000             167               0
  162         132.834   -1405.737           0.000      -0.000             162               0
  172       -1145.417   -1135.606           0.000       0.000             172               0
   73         988.152   -1199.358           0.000      -0.000              73               0
  118         323.981    -639.432           0.000       0.000             118               0
   53         765.239    -237.963           0.000      -0.000              53               0
  102        -855.032     122.743           0.000       0.000             102               0
  173        1040.167     -23.377           0.000      -0.000             173               0
  174        -266.971     173.641           0.000       0.000             174               0
   32       -2825.929    -969.989           0.000      -0.000              32               0
   65         408.992    1259.363           0.000       0.000              65               0
  115        1337.063     806.553           0.000      -0.000             115               0
  223          -7.940    1340.369           0.000       0.000             223               0
  210          74.072   -1098.914           0.000      -0.000             210               0
   47       -1281.617     289.932           0.000       0.000              47               0
   30         195.994    -590.908           0.000      -0.000              30               0
  115         595.126    -862.062           0.000       0.000             115               0
   11         511.300   -2619.599           0.000      -0.000              11               0
  141        -557.766     388.292           0.000       0.000             141               0
  169        -432.363   -2030.107           0.000      -0.000             169               0
  142       -1034.937   -1693.214           0.000       0.000             142               0
  101       -1002.786   -1454.863           0.000      -0.000             101               0
   43        1331.225    2574.527           0.000       0.000              43               0
   96         471.798    4038.055           0.000      -0.000              96               0
   72         590.925    1694.785           0.000       0.000              72               0
   76        2526.803    1313.771           0.000      -0.000              76               0
    9       -2002.992    -802.155           0.000       0.000               9               0
  129        -513.026     191.239           0.000      -0.000             129               0
    5       -2641.081   -1684.712           0.000       0.000               5               0
  205         974.539    2810.437           0.000      -0.000             205               0
   20        1029.314    1559.151           0.000       0.000              20               0
   10       -1422.756    -133.237           0.000      -0.000              10               0
  212        1377.489     110.141           0.000       0.000             212               0
   88          36.339    -257.356           0.000      -0.000              88               0
   65        -977.973    -259.856           0.000       0.000              65               0
  223        -852.552    3561.078           0.000      -0.000             223               0
  151        -595.196   -1616.148           0.000       0.000             151               0
  106         477.700     910.725           0.000      -0.000             106               0
  131        1757.935     891.289           0.000       0.000             131               0
   58       -1878.922    -613.226           0.000      -0.000              58               0
  199       -1231.588    -282.711           0.000       0.000             199               0
  237        -803.071     673.880           0.000      -0.000             237               0
   94         379.039     478.793           0.000       0.000              94               0
  111        -515.413     347.841           0.000      -0.000             111               0
  128         993.069    1234.193           0.000       0.000             128               0
  161        -453.524     352.298           0.000      -0.000             161               0
  233        1123.346    -447.810           0.000       0.000             233               0
  186         985.070    -648.888           0.000      -0.000             186               0
   80        -615.274    -901.068           0.000       0.000              80               0
  209        1055.720    -435.277           0.000      -0.000             209               0
   96          68.107     326.887           0.000       0.000              96               0
   92        2045.616    1604.751           0.000      -0.000              92               0
   16       -1551.229    3405.144           0.000       0.000              16               0
   72        1301.273      -1.625           0.000      -0.000              72               0
  199       -1090.772     362.299           0.000       0.000             199               0
  232        -259.240    -773.359           0.000      -0.000             232               0
    9        -530.591    -304.931           0.000       0.000               9               0
   57        1378.612   -1066.132           0.000      -0.000              57               0
  159        -264.712   -1462.309           0.000       0.000             159               0
  147        -199.154    -172.752           0.000      -0.000             147               0
  218        -893.872    1182.063           0.000       0.000             218               0
  191        1255.868   -1652.156           0.000      -0.000             191               0
  147         -12.012     803.506           0.000       0.000             147               0
  225       -1942.730    1886.753           0.000      -0.000             225               0
  212         678.961     740.124           0.000       0.000             212               0
  182        2494.996     792.855           0.000      -0.000             182               0
  161       -2358.218     517.483           0.000       0.000             161               0
  215         640.415   -1611.882           0.000      -0.000             215               0
   88       -1029.479    1039.973           0.000       0.000              88               0
  125        -505.271    -781.488           0.000      -0.000             125               0
  189       -1584.430      69.126           0.000       0.000             189               0
  167         781.834     713.486           0.000      -0.000             167               0
  224        1508.087    1898.164           0.000       0.000             224               0
   90         -89.886   -1461.244           0.000      -0.000              90               0
  237        -934.932   -2134.897           0.000       0.000             237               0
   80        1756.187    -773.427           0.000      -0.000              80               0
  219        -145.627   -1018.304           0.000       0.000             219               0
  115         996.983   -1447.893           0.000      -0.000             115               0
  251       -1924.982    1574.898           0.000       0.000             251               0
   88        -177.178    -258.739           0.000      -0.000              88               0
  244       -2233.320   -1342.167           0.000       0.000             244               0
  149        1478.270     958.991           0.000      -0.000             149               0
  229         335.773    1695.129           0.000       0.000             229               0
   43          75.150    1276.352           0.000      -0.000              43               0
  204        1880.471    -462.961           0.000       0.000             204               0
  136        -533.500     -11.408           0.000      -0.000             136               0
   71        1565.430    -774.831           0.000       0.000              71               0
  254        1288.561    -252.282           0.000      -0.000             254               0
   39        1145.290     147.744           0.000       0.000              39               0
  234       -1604.955    -938.199           0.000      -0.000             234               0
  192        1926.491     642.956           0.000       0.000             192               0
   99       -2852.376   -2166.028           0.000      -0.000              99               0
   52         793.370    -857.950           0.000       0.000              52               0
  253        -629.760   -2720.993           0.000      -0.000             253               0
   11         623.061     236.860           0.000       0.000              11               0
  181        -318.956    1184.716           0.000      -0.000             181               0
   67        1140.044     779.324           0.000       0.000              67               0
   38        1531.171    1120.887           0.000      -0.000              38               0
  212       -1702.207    -427.101           0.000       0.000             212               0
  104        1686.405     242.447           0.000      -0.000             104               0
  141         909.783   -1089.894           0.000       0.000             141               0
  180        -507.588    2026.053           0.000      -0.000             180               0
  159       -1328.187   -2266.768           0.000       0.000             159               0
  150        1637.089    1148.056           0.000      -0.000             150               0
  103        -707.913     -20.581           0.000       0.000             103               0
  232        2178.271    -197.114           0.000      -0.000             232               0
   47        -279.000      -0.022           0.000       0.000              47               0
  214        2178.103     197.857           0.000       0.000             214               0
  228        -708.083      20.299           0.000       0.000             228               0
  195        1637.281   -1147.331           0.000       0.000             195               0
  232       -1329.155    2266.293           0.000       0.000             232               0
   73        -506.747   -2026.286           0.000       0.000              73               0
  149         909.587    1090.321           0.000       0.000             149               0
   10        1686.298    -241.927           0.000       0.000              10               0
   98       -1702.392     426.434           0.000       0.000              98               0
  241        1531.686   -1120.444           0.000       0.000             241               0
   36        1140.099    -778.817           0.000       0.000              36               0
  206        -318.757   -1184.486           0.000       0.000             206               0
   49         622.965    -236.041           0.000       0.000              49               0
  128        -630.816    2721.126           0.000       0.000             128               0
   79         792.852     858.247           0.000       0.000              79               0
  253       -2853.025    2164.889           0.000       0.000             253               0
   46        1926.882    -642.527           0.000       0.000              46               0
  208       -1605.160     937.561           0.000       0.000             208               0
   77        1145.662    -147.504           0.000       0.000              77               0
  234        1288.562     252.660           0.000       0.000             234               0
    9        1564.998     775.203           0.000       0.000               9               0
  237        -533.604      11.010           0.000       0.000             237               0
   41        1880.192     463.280           0.000       0.000              41               0
   25          75.279   -1276.619           0.000       0.000              25               0
   46         336.145   -1694.975           0.000       0.000              46               0
  175        1478.118    -958.145           0.000       0.000             175               0
   88       -2234.149    1341.639           0.000       0.000              88               0
  209        -177.366     258.603           0.000       0.000             209               0
  157       -1924.348   -1575.328           0.000       0.000             157               0
  226         996.696    1448.559           0.000       0.000             226               0
  109        -145.889    1018.326           0.000       0.000             109               0
   62        1755.809     774.063           0.000       0.000              62               0
  173        -935.842    2134.426           0.000       0.000             173               0
  179         -90.297    1460.624           0.000       0.000             179               0
  147        1508.632   -1898.103           0.000       0.000             147               0
  100         781.630    -713.259           0.000       0.000             100               0
  118       -1584.728     -69.629           0.000       0.000             118               0
  132        -505.615     781.187           0.000       0.000             132               0
   14       -1029.094   -1040.376           0.000       0.000              14               0
  157         639.832    1611.956           0.000       0.000             157               0
   23       -2357.842    -518.642           0.000       0.000              23               0
   47        2495.465    -792.250           0.000       0.000              47               0
  225         678.852    -740.069           0.000       0.000             225               0
   76       -1942.217   -1887.352           0.000       0.000              76               0
  167         -11.543    -803.146           0.000       0.000             167               0
  201        1255.252    1652.688           0.000       0.000             201               0
  105        -893.608   -1182.345           0.000       0.000             105               0
  118        -199.167     172.955           0.000       0.000             118               0
  211        -265.077    1462.317           0.000       0.000             211               0
  109        1378.208    1066.421           0.000       0.000             109               0
  156        -530.873     304.517           0.000       0.000             156               0
  236        -259.564     772.940           0.000       0.000             236               0
   31       -1090.517    -363.070           0.000       0.000              31               0
  166        1301.330       1.544           0.000       0.000             166               0
   31       -1549.947   -3405.895           0.000       0.000              31               0
  206        2046.314   -1603.760           0.000       0.000             206               0
  153          68.140    -326.488           0.000       0.000             153               0
   96        1055.456     435.905           0.000       0.000              96               0
   27        -615.644     900.949           0.000       0.000              27               0
  137         984.866     649.127           0.000       0.000             137               0
  199        1122.960     447.961           0.000       0.000             199               0
   74        -453.623    -352.728           0.000       0.000              74               0
   60         993.249   -1233.970           0.000       0.000              60               0
   58        -515.584    -348.001           0.000       0.000              58               0
   11         378.914    -478.670           0.000       0.000              11               0
  151        -803.176    -674.063           0.000       0.000             151               0
   36       -1231.844     282.387           0.000       0.000              36               0
  180       -1878.899     612.465           0.000       0.000             180               0
  227        1758.404    -890.865           0.000       0.000             227               0
   93         477.760    -910.494           0.000       0.000              93               0
  167        -595.980    1615.711           0.000       0.000             167               0
   19        -851.462   -3561.451           0.000       0.000              19               0
  179        -977.972     259.850           0.000       0.000             179               0
  150          36.442     257.430           0.000       0.000             150               0
   53        1377.429    -109.720           0.000       0.000              53               0
   18       -1422.871     132.582           0.000       0.000              18               0
  140        1029.867   -1558.981           0.000       0.000             140               0
  232         975.085   -2809.749           0.000       0.000             232               0
  126       -2641.862    1684.195           0.000       0.000             126               0
   96        -512.838    -191.398           0.000       0.000              96               0
  186       -2002.841     801.324           0.000       0.000             186               0
  175        2527.583   -1313.210           0.000       0.000             175               0
  130         591.398   -1694.746           0.000       0.000             130               0
  149         473.067   -4037.586           0.000       0.000             149               0
  242        1331.782   -2573.043           0.000       0.000             242               0
   28       -1003.636    1455.568           0.000       0.000              28               0
    1       -1035.592    1693.471           0.000       0.000               1               0
  142        -433.016    2030.187           0.000       0.000             142               0
   43        -557.529    -388.209           0.000       0.000              43               0
  138         510.518    2619.972           0.000       0.000             138               0
  219         594.758     862.132           0.000       0.000             219               0
   30         195.575     590.825           0.000       0.000              30               0
  187       -1281.587    -290.417           0.000       0.000             187               0
   19          73.797    1098.780           0.000       0.000              19               0
  255          -7.414   -1340.540           0.000       0.000             255               0
    8        1337.225    -806.016           0.000       0.000               8               0
  171         408.962   -1258.900           0.000       0.000             171               0
   98       -2826.382     969.355           0.000       0.000              98               0
  253        -266.624    -173.567           0.000       0.000             253               0
   25        1040.201      23.952           0.000       0.000              25               0
    0        -854.981    -122.744           0.000       0.000              -0               0
  102         765.228     238.575           0.000       0.000             102               0
  104         323.701     639.907           0.000       0.000             104               0
  225         987.496    1199.979           0.000       0.000             225               0
   87       -1146.036    1135.421           0.000       0.000              87               0
   42         132.202    1405.901           0.000       0.000              42               0
  107       -1727.328    1559.331           0.000       0.000             107               0
   53         591.969     997.654           0.000       0.000              53               0
  172        -850.200    1364.392           0.000       0.000             172               0
    8       -1560.333    -329.799           0.000       0.000               8               0
   98        1584.682    -637.106           0.000       0.000              98               0
  107         562.324     974.356           0.000       0.000             107               0
  178        -531.845    1736.339           0.000       0.000             178               0
  202        1354.966     936.223           0.000       0.000             202               0
   13         903.261     843.319           0.000       0.000              13               0
  182       -1792.976    -211.797           0.000       0.000             182               0
  201         -90.848   -1161.445           0.000       0.000             201               0
   25        1849.891      93.698           0.000       0.000              25               0
   81        1784.189    -563.463           0.000       0.000              81               0
  236         196.125    -216.663           0.000       0.000             236               0
   76       -1423.889    -105.675           0.000       0.000              76               0
   31        -440.253     727.170           0.000       0.000              31               0
   82       -1978.308    -147.099           0.000       0.000              82               0
   92        -975.165     717.043           0.000       0.000              92               0
   87       -1183.878   -1636.015           0.000       0.000              87               0
  177         859.657    -233.051           0.000       0.000             177               0
   13         227.987     926.050           0.000       0.000              13               0
   20       -1694.105    -212.793           0.000       0.000              20               0
   33        -533.223    1059.891           0.000       0.000              33               0
   80        -168.445     788.871           0.000       0.000              80               0
  241         811.658    -599.022           0.000       0.000             241               0
  189       -1584.683       0.750           0.000       0.000             189               0
   65       -1552.336     341.852           0.000       0.000              65               0
  236          32.191    -924.215           0.000       0.000             236               0
  243       -1177.772     -63.032           0.000       0.000             243               0
  219       -1124.862    -530.037           0.000       0.000             219               0
  233         960.974   -1165.013           0.000       0.000             233               0
  105       -2570.784    1957.430           0.000       0.000             105               0
  191        1071.574    1063.310           0.000       0.000             191               0
  255        2525.491     254.200           0.000       0.000             255               0
  100       -1080.565    1340.946           0.000       0.000             100               0
  218       -1029.649   -1725.420           0.000       0.000             218               0
  203        -965.297     731.449           0.000       0.000             203               0
  188        1578.004    1292.105           0.000       0.000             188               0
   44        -917.020     711.140           0.000       0.000              44               0
   39       -1980.924    -420.947           0.000       0.000              39               0
    0         374.245   -1250.475           0.000       0.000              -0               0
  160        -943.941     165.726           0.000       0.000             160               0
  102       -1016.173     711.476           0.000       0.000             102               0
  200        -527.209   -1017.041           0.000       0.000             200               0
  202       -2068.270    -228.562           0.000       0.000             202               0
  170       -1218.607     176.378           0.000       0.000             170               0
  231        -746.654    -307.997           0.000       0.000             231               0
   78        -198.468    1365.085           0.000       0.000              78               0
   92        -880.869    -368.441           0.000       0.000              92               0
   40       -1090.731     847.940           0.000       0.000              40               0
   69        -374.974    1457.912           0.000       0.000              69               0
  162       -1710.596    1451.118           0.000       0.000             162               0
  179        -268.622    -300.792           0.000       0.000             179               0
  145         382.965    -234.150           0.000       0.000             145               0
  114       -2259.038     811.099           0.000       0.000             114               0
  248         212.072     -24.668           0.000       0.000             248               0
   64        1276.276    -989.607           0.000       0.000              64               0
  186         159.341     480.646           0.000       0.000             186               0
  187         524.762    -339.394           0.000       0.000             187               0
   96          28.092    -184.535           0.000       0.000              96               0
  181        -139.532   -2366.936           0.000       0.000             181               0
  196        1277.290    1852.011           0.000       0.000             196               0
   87        -740.224    -346.979           0.000       0.000              87               0
   39       -1570.898   -1309.301           0.000       0.000              39               0
  251        -566.936    1574.341           0.000       0.000             251               0
   76         735.914    -943.882           0.000       0.000              76               0
  171       -1623.462   -1380.990           0.000       0.000             171               0
   56       -1132.153    -319.638           0.000       0.000              56               0
  211       -1526.550     433.708           0.000       0.000             211               0
   66         442.452      31.984           0.000       0.000              66               0
   87       -1138.689     209.776           0.000       0.000              87               0
   10       -1483.839      -2.157           0.000       0.000              10               0
   25        -606.014    -561.346           0.000       0.000              25               0
  154        -626.374    -719.991           0.000       0.000             154               0
   26          75.466    1789.541           0.000       0.000              26               0
  148         566.802   -2530.033           0.000       0.000             148               0
  230       -1096.505   -1638.791           0.000       0.000             230               0
   37       -1267.328    1350.119           0.000       0.000              37               0
   54        -394.975     383.288           0.000       0.000              54               0
  165         970.885    -720.941           0.000       0.000             165               0
  107         154.205   -1168.761           0.000       0.000             107               0
  150        -443.091   -2615.334           0.000       0.000             150               0
  101        -135.323    -934.645           0.000       0.000             101               0
  200         860.483     827.074           0.000       0.000             200               0
  117       -2111.262    1468.135           0.000       0.000             117               0
   46         -77.175     434.953           0.000       0.000              46               0
  106        -494.560      90.982           0.000       0.000             106               0
  187        1034.105   -1715.334           0.000       0.000             187               0
   79         728.142    1136.686           0.000       0.000              79               0
  143         996.884     900.835           0.000       0.000             143               0
  222        2576.369    -191.177           0.000       0.000             222               0
  217        -274.141   -2576.847           0.000       0.000             217               0
   13        1300.737     577.471           0.000       0.000              13               0
  143         313.877     704.902           0.000       0.000             143               0
  229        -955.810    1307.430           0.000       0.000             229               0
   40          36.591    -507.503           0.000       0.000              40               0
  189        1092.586     -12.164           0.000       0.000             189               0
   82          19.113      51.826           0.000       0.000              82               0
  133       -1751.417    1176.162           0.000       0.000             133               0
  158       -1499.629     840.081           0.000       0.000             158               0
   93        -222.263     -56.264           0.000       0.000              93               0
   54        1435.039    1065.087           0.000       0.000              54               0
  131         232.891     968.380           0.000       0.000             131               0
   15         824.754    -522.329           0.000       0.000              15               0
  126       -1136.141     409.890           0.000       0.000             126               0
   75        -917.512    -464.722           0.000       0.000              75               0
  195        1140.174    -419.009           0.000       0.000             195               0
   74        1327.803     756.439           0.000       0.000              74               0
   88        -455.863    -363.929           0.000       0.000              88               0
   42        -329.309    -735.241           0.000       0.000              42               0
   61       -1737.779    1170.462           0.000       0.000              61               0
  215         696.905    -486.357           0.000       0.000             215               0
   26        1114.145    -246.604           0.000       0.000              26               0
   20        -727.623    -110.162           0.000       0.000              20               0
  233         465.075   -1079.959           0.000       0.000             233               0
   70       -1416.210   -1681.408           0.000       0.000              70               0
  165        -170.277     -61.514           0.000       0.000             165               0
  178       -2594.171     230.059           0.000       0.000             178               0
   54        -702.769    1197.429           0.000       0.000              54               0
  117       -2132.498    -774.445           0.000       0.000             117               0
  167        -716.472   -2001.319           0.000       0.000             167               0
  224        -387.305    1173.562           0.000       0.000             224               0
   85       -1156.041     309.256           0.000       0.000              85               0
  243        -742.510    -225.617           0.000       0.000             243               0
  216           1.378   -2239.164           0.000       0.000             216               0
  139        -163.468    -176.260           0.000       0.000             139               0
  193        -964.577    -545.894           0.000       0.000             193               0
  200       -2011.430   -2108.491           0.000       0.000             200               0
  132        1663.605     229.413           0.000       0.000             132               0
  125         263.421   -1120.161           0.000       0.000             125               0
   77        -515.411      98.600           0.000       0.000              77               0
   25       -1264.132    -623.318           0.000       0.000              25               0
  166        1153.039   -1403.299           0.000       0.000             166               0
  135        2329.326    1967.175           0.000       0.000             135               0
  106        2502.456    1007.058           0.000       0.000             106               0
  110        -479.558    -405.649           0.000       0.000             110               0
    8           6.365     654.836           0.000       0.000               8               0
   76       -1200.733    -823.326           0.000       0.000              76               0
   78        -639.520     902.288           0.000       0.000              78               0
   57       -1134.521     391.363           0.000       0.000              57               0
  186         -26.936    -747.329           0.000       0.000             186               0
  239         527.807     123.895           0.000       0.000             239               0
  227         629.202    1855.076           0.000       0.000             227               0
  184         998.975   -1046.456           0.000       0.000             184               0
  250        -957.487   -2594.033           0.000       0.000             250               0
    2        1174.984     320.627           0.000       0.000               2               0
  127         669.903    -673.301           0.000       0.000             127               0
  237       -1908.342    1949.275           0.000       0.000             237               0
  244        1720.863    -480.701           0.000       0.000             244               0
   47        -541.933     580.817           0.000       0.000              47               0
