SINAL     NFT                         FFT                         NFT INVERSA     FFT INVERSA
-----     -----------------------     -----------------------     -----------     -----------
  137       65724.000       0.000           0.000       0.000             137               1
  228         969.953    2532.993         -25.491      46.464             228               0
  152        -704.336    -612.183           0.000       0.000             152              -0
  201         454.230     559.361        -132.137      51.904             201               0
  169         348.069    -264.447           0.000       0.000             169               0
  223        1588.593    -615.175         131.966      62.353             223              -0
  234         578.878    -943.039           0.000       0.000             234              -0
   77       -1488.737     865.938         -29.212      39.897              77               0
  235         394.184    -632.059           0.000       0.000             235               0
  226         559.572   -1893.056          -3.084       5.020             226               0
   62        -317.389     481.076           0.000       0.000              62              -0
  226         623.903    -263.161         -36.714      12.379             226               0
  238        1618.355   -1926.084           0.000       0.000             238               0
    6        -402.232     398.439          49.563      26.467               6              -0
   47        -456.956    -810.039           0.000       0.000              47              -0
  143         174.819   -2011.012          -8.324      20.451             143               0
  204         402.036    -495.999           0.000       0.000             204               0
  152        1758.034    -338.103          -1.763       2.578             152               0
   34        -894.505    -500.714           0.000       0.000              34              -0
  199         401.834     579.614         -21.614       6.124             199               0
  244        2699.134   -2909.588           0.000       0.000             244               0
  118       -1496.229     436.063          29.892      17.901             118              -0
  146        1007.069    -873.852           0.000       0.000             146              -0
    3        -250.731     334.888         -10.068      11.246               3               0
   52        -727.290     -61.026           0.000       0.000              52               0
   34         228.708    1920.492          -1.286       1.695              34               0
   79       -3106.118    -997.284           0.000       0.000              79              -0
  160         868.293    -474.089         -15.439       3.567             160               0
  195       -1854.084     552.648           0.000       0.000             195               0
  106         184.515     686.675          21.037      14.045             106              -0
  224          25.114   -1236.360           0.000       0.000             224              -0
  209         683.693   -1060.733          -3.515      10.018             209               0
   40         615.262     283.461           0.000       0.000              40               0
  227        -113.098   -2693.645          -1.039       1.239             227               0
   51       -1075.827     778.626           0.000       0.000              51              -0
   89        -946.172   -2734.982         -12.068       2.170              89               0
  227        2412.011   -1992.600           0.000       0.000             227               0
  127       -2015.168    -382.881          15.981      11.843             127              -0
   77         497.664     899.446           0.000       0.000              77              -0
  122        1384.774     -63.456          -6.600       6.056             122               0
   46       -1099.242   -1356.988           0.000       0.000              46               0
  208       -1849.611    -699.709          -0.888       0.958             208               0
  104        2043.918   -1228.486           0.000       0.000             104              -0
    0       -1769.772    -245.667          -9.937       1.288               0               0
   95         992.228     316.409           0.000       0.000              95               0
  116        -783.902    1219.449          12.699      10.413             116              -0
  170         394.581    1510.480           0.000       0.000             170              -0
  218         171.481    -459.028          -3.928       5.957             218               0
   10        -271.168     151.027           0.000       0.000              10               0
  142        1441.213    -434.274          -0.785       0.768             142               0
   76         685.914    2159.097           0.000       0.000              76              -0
  244        1136.758    -564.844          -8.461       0.676             244               0
  236         819.217    1956.022           0.000       0.000             236               0
   46         -50.077     239.216          10.387       9.406              46              -0
  251         827.259    1398.176           0.000       0.000             251              -0
   25         432.977   -1427.169          -5.127       3.851              25               0
   39         993.699   -1327.317           0.000       0.000              39               0
  112       -1183.618     299.632          -0.710       0.630             112               0
  178        -462.470    -790.924           0.000       0.000             178              -0
  134         228.540      -8.734          -7.375       0.226             134               0
  136        -118.434   -1146.206           0.000       0.000             136               0
   50         -14.734     478.717           8.662       8.656              50              -0
   11        -679.211    -697.425           0.000       0.000              11              -0
    9         145.480    -267.211          -2.358       4.757               9               0
  250         475.781   -1543.833           0.000       0.000             250               0
  185       -1182.152    1164.529          -0.653       0.524             185               0
   79        -908.097    1252.358           0.000       0.000              79              -0
  197       -1643.376    1353.577          -6.538      -0.120             197               0
   29        2046.700    2363.613           0.000       0.000              29               0
  113        -374.973    -652.554           7.321       8.072             113              -0
  161       -3409.825    -475.829           0.000       0.000             161              -0
    6         112.533   -1496.839          -4.299       2.613               6               0
    5        -658.095   -1303.313           0.000       0.000               5               0
  160        2241.190    -756.597          -0.608       0.441             160               0
   94        -803.375   -2556.210           0.000       0.000              94              -0
  179         249.168    1850.009          -5.870      -0.397             179               0
   95         428.361    1154.241           0.000       0.000              95               0
  197         698.493     188.447           6.244       7.603             197              -0
   58        -169.884    -453.782           0.000       0.000              58              -0
  170         674.221     972.546          -3.061       3.098             170               0
  113         674.732     515.095           0.000       0.000             113               0
   83       -1026.581   -2641.104          -0.571       0.373              83               0
  212       -1795.561     270.609           0.000       0.000             212              -0
   25        -838.418     323.506          -5.323      -0.623              25               0
  212       -1244.464   -1231.805           0.000       0.000             212               0
  182         758.983    2737.378           5.356       7.216             182              -0
  102        -703.932     153.565           0.000       0.000             102              -0
   85        1055.245   -1604.833          -3.761       1.807              85               0
   51         100.313    1109.873           0.000       0.000              51               0
  244        2154.999    1071.824          -0.541       0.316             244               0
   32        -751.241    -960.594           0.000       0.000              32              -0
  247         113.878    -540.084          -4.865      -0.813             247               0
  136       -1130.647     238.957           0.000       0.000             136               0
   43         170.763     142.595           4.607       6.890              43              -0
   13        -686.916    1772.794           0.000       0.000              13              -0
  211        -233.933    1532.348          -2.432       2.717             211               0
   93         662.399     638.385           0.000       0.000              93               0
   95         289.084    -577.179          -0.514       0.268              95               0
  146        -763.835     320.176           0.000       0.000             146              -0
  158         327.390   -2529.964          -4.473      -0.976             158               0
  132         -52.166    -672.579           0.000       0.000             132               0
   97         843.441    1057.285           3.965       6.610              97              -0
  144         894.117   -3118.487           0.000       0.000             144              -0
  163         848.788    -333.169          -3.376       1.232             163               0
  213       -1010.045     350.264           0.000       0.000             213               0
  120       -1125.177   -3790.326          -0.492       0.226             120               0
  105        1818.279   -3245.917           0.000       0.000             105              -0
  215        -435.727    1616.502          -4.133      -1.116             215               0
  101         641.633    1463.942           0.000       0.000             101               0
   70        1227.808    2431.863           3.406       6.367              70              -0
   47       -3060.105    -488.847           0.000       0.000              47              -0
  145         135.273     649.127          -2.669       1.807             145               0
   81        -968.050   -1336.629           0.000       0.000              81               0
  248        1220.523   -1756.053          -0.472       0.190             248               0
  122        1406.076     439.235           0.000       0.000             122              -0
  151       -1256.599    -749.488          -3.834      -1.240             151               0
   42       -1216.771     -12.608           0.000       0.000              42               0
   33        -385.176    1360.145           2.912       6.152              33              -0
  204         -73.652    -217.289           0.000       0.000             204              -0
   55        1422.265     821.923          -3.083       0.792              55               0
  254       -1707.132    2504.812           0.000       0.000             254               0
  161        -652.367     -83.392          -0.455       0.157             161               0
  255       -1162.723    -180.872           0.000       0.000             255              -0
   90         682.403     574.760          -3.567      -1.351              90               0
    3        -663.534   -1040.095           0.000       0.000               3               0
   74        1272.875     674.694           2.471       5.959              74              -0
  122         756.177   -1357.798           0.000       0.000             122              -0
  169         178.652    -462.780          -2.074       1.950             169               0
  242         630.899    1237.005           0.000       0.000             242               0
   39         500.344    -799.489          -0.439       0.128              39               0
  162         309.922   -1569.230           0.000       0.000             162              -0
  240         758.608    1094.324          -3.327      -1.450             240               0
  147        -157.779   -1282.611           0.000       0.000             147               0
  166          93.455      14.991           2.073       5.786             166              -0
  152        2662.281    -889.611           0.000       0.000             152              -0
  225         888.149   -2156.458          -2.848       0.440             225               0
   59        -682.377      47.259           0.000       0.000              59               0
   98        -182.072     154.786          -0.425       0.101              98               0
  131         462.994     -19.766           0.000       0.000             131              -0
    5         751.355   -1749.772          -3.108      -1.541               5               0
  110         733.231    1527.774           0.000       0.000             110               0
  178       -1058.307    -440.105           1.710       5.628             178              -0
  205        -869.620   -2649.575           0.000       0.000             205              -0
  132       -1090.440    1936.787          -2.432       1.025             132               0
   38        1218.157     805.682           0.000       0.000              38               0
  148       -3339.431      61.872          -0.411       0.077             148               0
  119       -1404.946    -924.000           0.000       0.000             119              -0
   51       -2368.681    -723.917          -2.908      -1.624              51               0
  223       -2535.946      11.242           0.000       0.000             223               0
   62         272.043    -658.083           1.375       5.482              62              -0
    7       -1489.789    -214.608           0.000       0.000               7              -0
   93        -892.898      14.267          -2.651       0.147              93               0
   26        1116.856   -1599.615           0.000       0.000              26               0
   48        1099.443   -2392.798          -0.399       0.055              48               0
   50         385.501    -804.872           0.000       0.000              50              -0
  188          38.403    2102.206          -2.723      -1.701             188               0
  186         818.171    -551.826           0.000       0.000             186               0
  123        -412.111     841.566           1.066       5.347             123              -0
   91       -1571.045    -305.920           0.000       0.000              91              -0
   75         848.475    1459.895          -2.185       1.050              75               0
  255        -481.582     513.947           0.000       0.000             255               0
  222         -32.917    1023.262          -0.388       0.034             222               0
   36         259.049    -803.224           0.000       0.000              36              -0
   12        -196.644   -1033.562          -2.550      -1.772              12               0
    5        -977.107    -715.864           0.000       0.000               5               0
   72        -704.008     427.388           0.777       5.221              72              -0
   39         147.355    2332.144           0.000       0.000              39              -0
  190         205.256    2676.179          -2.482      -0.107             190               0
    2        -197.813     489.694           0.000       0.000               2               0
   12         333.789   -1162.884          -0.377       0.014              12               0
   20         108.444   -1715.333           0.000       0.000              20              -0
  209        -200.728    -317.176          -2.387      -1.840             209               0
  212        -346.208    -587.324           0.000       0.000             212               0
   48        1554.377   -2313.130           0.505       5.103              48              -0
  177        1224.181    -296.891           0.000       0.000             177              -0
  214         654.795    1202.192          -2.262       0.464             214               0
   27         879.067     101.953           0.000       0.000              27               0
   77         377.242    -497.028          -0.368      -0.004              77               0
  184        -540.722     703.628           0.000       0.000             184              -0
  141         225.131     175.898          -2.234      -1.903             141               0
  205        -771.385     471.008           0.000       0.000             205               0
   19         174.490    1125.707           0.247       4.991              19              -0
  252        -272.526     866.353           0.000       0.000             252              -0
  119          92.487     717.767          -2.332      -0.331             119               0
  209        -150.027   -2713.509           0.000       0.000             209               0
  180        2086.623    -591.560          -0.358      -0.022             180               0
  202         726.567    -566.597           0.000       0.000             202              -0
  255         547.382   -1070.042          -2.088      -1.964             255               0
  197        1673.534   -1532.643           0.000       0.000             197               0
  105         792.621   -2246.789           0.002       4.884             105              -0
  134        1021.962    -533.468           0.000       0.000             134              -0
   49         283.760   -3039.879          -2.058       0.694              49               0
  183         344.305   -1517.647           0.000       0.000             183               0
   43        -519.420     -13.337          -0.349      -0.038              43              -0
   45       -1109.338    -225.950           0.000       0.000              45              -0
  104        -470.156    -785.438          -1.948      -2.021             104               0
  189         543.044    2451.165           0.000       0.000             189               0
   63         642.488     145.987          -0.233       4.782              63              -0
   62        -910.357     210.440           0.000       0.000              62              -0
   52         654.845    -622.629          -2.196      -0.536              52               0
   48        3368.674     683.521           0.000       0.000              48               0
    1         225.874   -1540.947          -0.340      -0.054               1              -0
  185       -1785.536      -3.622           0.000       0.000             185              -0
  213       -2384.461   -1189.567          -1.814      -2.077             213               0
   91       -1163.846    1098.352           0.000       0.000              91               0
    8        1031.825    -263.176          -0.459       4.683               8              -0
   84        -804.444    -279.905           0.000       0.000              84              -0
  248         705.807     684.342          -2.125       0.013             248               0
  124        1722.183     662.445           0.000       0.000             124               0
  206        -292.810   -3101.497          -0.332      -0.070             206              -0
  251          54.117    1262.298           0.000       0.000             251              -0
  176         468.103    -133.180          -1.684      -2.131             176               0
  145        1676.922    1132.925           0.000       0.000             145               0
   65        1081.468    1579.413          -0.679       4.588              65              -0
   14       -1524.337    -130.722           0.000       0.000              14              -0
   81         537.642    -868.032          -2.069      -0.726              81               0
   67       -1605.469    2188.894           0.000       0.000              67               0
  199         535.247     426.378          -0.324      -0.085             199              -0
  120         146.789     199.966           0.000       0.000             120              -0
   23         577.754     371.753          -1.558      -2.183              23               0
   39         -20.302    -677.235           0.000       0.000              39               0
  112          83.060     216.096          -0.892       4.495             112              -0
   74       -1906.589    -878.860           0.000       0.000              74              -0
  129       -1833.792     149.249          -2.046       0.113             129               0
  205       -1608.198     602.775           0.000       0.000             205               0
  150        -612.887    -294.169          -0.316      -0.100             150              -0
   47           1.274    -547.592           0.000       0.000              47              -0
   50         229.627   -1055.381          -1.434      -2.234              50               0
   16         423.564    -100.617           0.000       0.000              16               0
  159       -2089.142    2157.004          -1.101       4.404             159              -0
   35        1195.043    1717.323           0.000       0.000              35              -0
  192        -223.882    -391.505          -1.948      -0.907             192               0
  155        -884.635   -2101.707           0.000       0.000             155               0
  171       -1262.816   -1263.147          -0.308      -0.114             171              -0
  147        -977.895    -903.170           0.000       0.000             147              -0
   99        1002.121     -64.648          -1.313      -2.285              99               0
   41        1174.431     546.774           0.000       0.000              41               0
  131        -419.978   -1549.079          -1.307       4.314             131              -0
  120        2138.999       3.203           0.000       0.000             120              -0
   50         402.001     719.963          -2.004      -0.386              50               0
  111         310.902   -1965.354           0.000       0.000             111               0
  221       -1292.501    -329.564          -0.300      -0.128             221              -0
   86        -147.232    -153.528           0.000       0.000              86              -0
  223        -366.226   -1244.107          -1.193      -2.334             223               0
   46         975.043     199.102           0.000       0.000              46               0
  228         407.091    1505.739          -1.510       4.226             228              -0
   70          19.272     -24.411           0.000       0.000              70              -0
   76         322.116    2160.103          -1.831      -1.082              76               0
  114        1340.439     -85.465           0.000       0.000             114               0
   29        -278.273    -767.013          -0.293      -0.142              29              -0
   71       -1119.500     774.504           0.000       0.000              71              -0
   26         937.276     -17.980          -1.074      -2.384              26               0
   91       -1435.426     859.867           0.000       0.000              91               0
  254        2469.197    -657.240          -1.712       4.138             254              -0
  133        -594.649     399.898           0.000       0.000             133              -0
  116        -211.784     -12.551           0.000       0.000             116               0
   53       -1722.000      -0.314           0.000       0.000              53               0
  151        -211.584      12.413          -0.285      -0.156             151              -0
  210        -594.202    -400.102           0.000       0.000             210              -0
   91        2468.986     657.985          -0.956      -2.433              91               0
  155       -1435.251    -860.438           0.000       0.000             155               0
   70         937.273      18.284          -1.914       4.050              70              -0
   13       -1119.248    -774.821           0.000       0.000              13              -0
  241        -278.268     766.935          -1.715      -1.255             241               0
  117        1340.536      85.672           0.000       0.000             117               0
  216         322.773   -2160.005          -0.278      -0.170             216              -0
  219          19.256      24.581           0.000       0.000             219              -0
  251         407.618   -1505.370          -0.837      -2.482             251               0
   56         974.973    -198.313           0.000       0.000              56               0
  107        -366.834    1244.271          -2.116       3.962             107              -0
  101        -147.406     153.621           0.000       0.000             101              -0
  201       -1292.535     329.368          -1.888      -0.768             201               0
   33         310.482    1965.444           0.000       0.000              33               0
  108         402.448    -719.924          -0.270      -0.185             108              -0
   53        2138.925      -2.310           0.000       0.000              53              -0
   54        -420.678    1548.940          -0.717      -2.531              54               0
   83        1174.488    -546.445           0.000       0.000              83               0
   96        1001.672      65.140          -2.319       3.873              96              -0
   23        -978.639     902.992           0.000       0.000              23              -0
   60       -1263.415    1262.748          -1.598      -1.430              60               0
  144        -885.315    2101.107           0.000       0.000             144               0
  240        -223.913     390.826          -0.262      -0.199             240              -0
  253        1195.436   -1717.341           0.000       0.000             253              -0
  211       -2088.530   -2157.604          -0.596      -2.581             211               0
  181         423.635     101.090           0.000       0.000             181               0
  220         229.171    1055.573          -2.526       3.783             220              -0
  181           0.869     547.510           0.000       0.000             181              -0
  111        -613.269     293.803          -1.929      -0.677             111               0
  110       -1608.172    -603.397           0.000       0.000             110               0
   29       -1833.681    -149.794          -0.254      -0.213              29              -0
   68       -1906.510     878.184           0.000       0.000              68              -0
   26          83.578    -216.170          -0.473      -2.632              26               0
  168         -20.207     677.083           0.000       0.000             168               0
  115         578.091    -371.771          -2.736       3.692             115              -0
  124         146.965    -200.086           0.000       0.000             124              -0
  109         535.360    -426.415          -1.478      -1.610             109               0
  172       -1604.625   -2189.345           0.000       0.000             172               0
    0         537.560     868.388          -0.246      -0.228              -0              -0
   25       -1524.052     130.058           0.000       0.000              25              -0
  222        1082.474   -1579.100          -0.348      -2.684             222               0
  226        1677.431   -1132.112           0.000       0.000             226               0
  128         467.999     133.591          -2.951       3.598             128              -0
  188          54.529   -1261.843           0.000       0.000             188              -0
  193        -293.684    3101.570          -1.767      -1.165             193               0
  181        1722.459    -662.068           0.000       0.000             181               0
  198         705.783    -684.009          -0.238      -0.243             198              -0
  120        -804.672     279.789           0.000       0.000             120              -0
  126        1031.543     263.555          -0.219      -2.738             126               0
   79       -1163.807   -1098.536           0.000       0.000              79               0
  137       -2384.810    1189.005          -3.172       3.502             137              -0
  225       -1785.008       3.156           0.000       0.000             225              -0
    2         226.107    1541.009          -1.351      -1.799               2               0
  249        3369.156    -682.457           0.000       0.000             249               0
  126         654.387     622.859          -0.230      -0.259             126              -0
  245        -910.314    -210.810           0.000       0.000             245              -0
  103         642.634    -145.856          -0.086      -2.793             103               0
   40         543.780   -2450.712           0.000       0.000              40               0
   90        -470.527     785.781          -3.400       3.403              90              -0
  157       -1109.313     225.915           0.000       0.000             157              -0
  173        -519.111      13.636          -1.936      -0.960             173               0
   15         344.129    1518.285           0.000       0.000              15               0
    5         283.056    3040.104          -0.221      -0.275               5              -0
   75        1022.047     533.803           0.000       0.000              75              -0
  210         792.068    2247.050           0.052      -2.850             210               0
  185        1673.074    1532.971           0.000       0.000             185               0
   70         546.977    1069.933          -3.637       3.299              70              -0
  150         726.416     566.585           0.000       0.000             150              -0
  231        2086.228     592.117          -1.216      -2.001             231               0
  169        -151.266    2712.986           0.000       0.000             169               0
  218          92.532    -718.417          -0.212      -0.292             218              -0
   52        -272.362    -866.843           0.000       0.000              52              -0
  191         174.753   -1125.829           0.197      -2.910             191               0
  203        -771.254    -471.308           0.000       0.000             203               0
   95         225.236    -175.876          -3.885       3.191              95              -0
   37        -540.385    -703.778           0.000       0.000              37              -0
   24         377.276     497.180          -1.632      -1.612              24               0
  207         879.210    -101.750           0.000       0.000             207               0
  113         655.244   -1201.846          -0.202      -0.310             113              -0
  231        1224.055     297.662           0.000       0.000             231              -0
  123        1553.311    2313.717           0.348      -2.973             123               0
  170        -346.748     587.002           0.000       0.000             170               0
  152        -200.995     317.013          -4.146       3.078             152              -0
  196         107.758    1715.146           0.000       0.000             196              -0
  255         333.236    1162.420          -1.068      -2.223             255               0
  255        -197.811    -490.473           0.000       0.000             255               0
   62         206.002   -2676.501          -0.192      -0.329              62              -0
   98         147.893   -2331.934           0.000       0.000              98              -0
  160        -704.088    -427.238           0.508      -3.039             160               0
  255        -977.384     715.789           0.000       0.000             255               0
  121        -196.924    1033.499          -4.422       2.957             121              -0
   70         258.768     803.049           0.000       0.000              70              -0
   70         -32.665   -1023.511          -1.791      -1.604              70               0
  115        -481.427    -514.201           0.000       0.000             115               0
  190         848.819   -1459.519          -0.181      -0.348             190              -0
  198       -1571.251     305.540           0.000       0.000             198              -0
  246        -411.640    -841.569           0.678      -3.109             246               0
   52         818.068     552.186           0.000       0.000              52               0
  165          39.080   -2101.893          -4.716       2.829             165              -0
  191         385.233     805.610           0.000       0.000             191              -0
  113        1098.503    2393.414          -0.902      -2.472             113               0
   59        1115.866    1599.828           0.000       0.000              59               0
  160        -893.427     -14.743          -0.170      -0.370             160              -0
  208       -1490.127     214.079           0.000       0.000             208              -0
  151         271.465     658.114           0.860      -3.185             151               0
   63       -2536.314     -12.132           0.000       0.000              63               0
  127       -2368.911     723.104          -5.032       2.692             127              -0
  100       -1405.149     923.339           0.000       0.000             100              -0
  125       -3338.932     -63.269          -1.465      -2.163             125               0
  235        1218.917    -805.440           0.000       0.000             235               0
   78       -1089.602   -1936.850          -0.158      -0.392              78              -0
   22        -870.166    2649.502           0.000       0.000              22              -0
   77       -1057.934     439.492           1.057      -3.266              77               0
   33         734.264   -1527.460           0.000       0.000              33               0
  103         751.066    1750.139          -5.373       2.544             103              -0
  124         463.153      19.809           0.000       0.000             124              -0
   14        -181.853    -154.816          -0.709      -2.760              14               0
  182        -681.976     -47.269           0.000       0.000             182               0
  156         887.935    2156.813          -0.144      -0.417             156              -0
   64        2662.088     890.261           0.000       0.000              64              -0
  255          93.317     -15.110           1.270      -3.355             255               0
   20        -158.141    1282.336           0.000       0.000              20               0
   65         759.065   -1094.183          -5.744       2.382              65              -0
  227         309.434    1569.289           0.000       0.000             227              -0
  243         500.123     799.290          -1.926      -2.048             243               0
  217         631.303   -1236.985           0.000       0.000             217               0
  141         178.497     462.870          -0.129      -0.444             141              -0
  198         755.727    1357.826           0.000       0.000             198              -0
  178        1272.878    -674.506           1.505      -3.452             178               0
   93        -664.109    1039.638           0.000       0.000              93               0
   97         682.373    -574.835          -6.152       2.204              97              -0
  127       -1163.011     180.237           0.000       0.000             127              -0
  217        -652.457      82.745          -0.480      -3.104             217               0
  134       -1706.083   -2505.583           0.000       0.000             134               0
   60        1422.715    -821.284          -0.113      -0.474              60              -0
  157         -73.842     217.308           0.000       0.000             157              -0
  154        -384.824   -1360.168           1.764      -3.559             154               0
   90       -1216.742      12.482           0.000       0.000              90               0
  143       -1256.490     749.199          -6.606       2.007             143              -0
  160        1406.536    -438.588           0.000       0.000             160              -0
  133        1219.811    1756.576          -1.233      -2.926             133               0
  126        -968.640    1336.027           0.000       0.000             126               0
  196         135.375    -649.361          -0.095      -0.508             196              -0
  204       -3060.021     487.523           0.000       0.000             204              -0
  134        1229.102   -2431.596           2.055      -3.680             134               0
   65         642.241   -1463.410           0.000       0.000              65               0
  133        -435.001   -1615.867          -7.114       1.785             133              -0
   81        1817.196    3247.234           0.000       0.000              81              -0
  204       -1126.559    3789.796          -0.195      -3.530             204               0
  127       -1009.656    -350.927           0.000       0.000             127               0
  176         848.996     333.523          -0.075      -0.545             176              -0
   67         893.190    3118.521           0.000       0.000              67              -0
   36         843.750   -1057.365           2.384      -3.816              36               0
  239         -52.460     672.552           0.000       0.000             239               0
  250         326.473    2529.712          -7.693       1.533             250              -0
   28        -763.711    -320.977           0.000       0.000              28              -0
  237         289.011     576.788          -1.551      -3.227             237               0
  203         662.577    -638.712           0.000       0.000             203               0
  185        -233.532   -1532.780          -0.051      -0.589             185              -0
  178        -686.305   -1773.036           0.000       0.000             178              -0
  119         170.832    -142.421           2.761      -3.972             119               0
  194       -1130.465    -239.257           0.000       0.000             194               0
  180         113.907     540.151          -8.359       1.243             180              -0
  240        -751.228     960.111           0.000       0.000             240              -0
   47        2155.541   -1071.349           0.176      -4.084              47               0
   12         100.617   -1109.733           0.000       0.000              12               0
  168        1054.568    1605.156          -0.024      -0.639             168              -0
  222        -704.022    -154.176           0.000       0.000             222              -0
  165         759.726   -2737.062           3.201      -4.154             165               0
   82       -1245.087    1231.616           0.000       0.000              82               0
  182        -838.358    -323.773          -9.138       0.904             182              -0
  220       -1795.323    -270.989           0.000       0.000             220              -0
  175       -1027.023    2640.669          -0.856      -4.169             175               0
  121         675.309    -515.257           0.000       0.000             121               0
   30         674.719    -972.404           0.008      -0.698              30              -0
   22        -169.876     453.685           0.000       0.000              22              -0
  224         698.709    -188.385           3.724      -4.371             224               0
   96         428.783   -1154.149           0.000       0.000              96               0
   42         249.764   -1849.497         -10.069       0.499              42              -0
   56        -804.071    2556.304           0.000       0.000              56              -0
   66        2240.904     757.330           0.690      -4.854              66               0
  237        -658.820    1303.025           0.000       0.000             237               0
  217         111.730    1496.581           0.046      -0.769             217              -0
  156       -3409.938     474.251           0.000       0.000             156              -0
  164        -374.661     651.827           4.357      -4.633             164               0
  145        2047.557   -2363.369           0.000       0.000             145               0
  148       -1643.039   -1354.172         -11.203       0.004             148              -0
   59        -907.501   -1252.549           0.000       0.000              59              -0
  150       -1181.408   -1164.552          -1.647      -4.885             150               0
    3         475.621    1544.256           0.000       0.000               3               0
  200         145.557     267.274           0.094      -0.857             200              -0
  143        -679.231     697.152           0.000       0.000             143              -0
  220         -14.293    -478.702           5.146      -4.960             220               0
   25        -118.557    1146.174           0.000       0.000              25               0
   99         228.743       8.731         -12.626      -0.615              99               0
   92        -462.551     790.669           0.000       0.000              92              -0
  136       -1183.077    -300.086           1.469      -6.020             136               0
  218         993.740    1327.572           0.000       0.000             218               0
   20         432.822    1426.848           0.155      -0.970              20              -0
  202         827.973   -1398.343           0.000       0.000             202              -0
  177         -49.729    -239.509           6.160      -5.380             177               0
  132         820.194   -1955.829           0.000       0.000             132               0
    3        1136.760     565.168         -14.474      -1.420               3               0
  177         686.759   -2158.842           0.000       0.000             177              -0
  205        1441.033     434.951          -0.042      -6.852             205               0
  171        -271.198    -151.078           0.000       0.000             171               0
  222         171.373     458.983           0.235      -1.119             222              -0
   96         395.066   -1510.410           0.000       0.000              96              -0
   16        -783.413   -1219.457           7.520      -5.943              16               0
  195         992.356    -315.683           0.000       0.000             195               0
  150       -1769.698     245.482         -16.983      -2.512             150               0
   18        2043.581    1229.439           0.000       0.000              18              -0
  237       -1849.899     699.227           2.824      -8.048             237               0
  228       -1099.271    1356.609           0.000       0.000             228               0
  126        1385.084      63.806           0.348      -1.327             126              -0
   33         497.946    -899.127           0.000       0.000              33              -0
   13       -2014.998     382.615           9.451      -6.743              13               0
   64        2411.574    1993.693           0.000       0.000              64               0
  123        -947.155    2734.476         -20.607      -4.091             123               0
  215       -1075.307    -779.119           0.000       0.000             215              -0
  170        -113.591    2693.466          -0.551      -9.966             170               0
  167         615.684    -283.552           0.000       0.000             167               0
   20         683.493    1060.802           0.517      -1.640              20              -0
  177          24.779    1235.974           0.000       0.000             177              -0
  255         184.742    -686.996          12.424      -7.975             255               0
   21       -1853.705    -553.381           0.000       0.000              21               0
  246         868.298     474.313         -26.337      -6.586             246               0
  232       -3106.124     995.917           0.000       0.000             232              -0
   50         229.985   -1920.598           5.864     -12.598              50               0
  214        -726.764      60.879           0.000       0.000             214               0
  237        -249.942    -334.851           0.803      -2.168             237              -0
   92        1007.301     874.273           0.000       0.000              92              -0
   59       -1495.375    -436.386          17.632     -10.132              59               0
   97        2698.815    2910.439           0.000       0.000              97               0
  244         402.287    -579.735         -36.837     -11.159             244               0
    5        -894.117     500.376           0.000       0.000               5              -0
   57        1758.489     338.660           3.685     -19.139              57               0
   10         402.217     496.188           0.000       0.000              10               0
  147         174.539    2010.954           1.390      -3.254             147              -0
   41        -456.703     809.535           0.000       0.000              41              -0
  196        -401.313    -398.728          29.202     -14.924             196               0
  151        1618.439    1926.425           0.000       0.000             151               0
  129         624.335     262.967         -62.511     -22.340             129               0
  197        -316.559    -481.333           0.000       0.000             197              -0
   78         559.733    1893.031          19.573     -33.115              78               0
  191         394.722     631.688           0.000       0.000             191               0
   22       -1487.351    -866.744           3.312      -6.810              22              -0
   83         580.058     943.022           0.000       0.000              83              -0
  121        1589.853     615.319          77.666     -34.999             121               0
   62         349.630     264.102           0.000       0.000              62               0
  133         456.642    -559.587        -224.755     -92.995             133               0
  162        -701.010     611.485           0.000       0.000             162              -0
   44         977.868   -2532.899           0.000       0.000              44               0
