SINAL     NFT                         FFT                         NFT INVERSA     FFT INVERSA
-----     -----------------------     -----------------------     -----------     -----------
  107       64212.000       0.000           0.000       0.000             107               1
   97       -1647.056   -1068.561         -25.491      46.464              97               0
  177        1340.771     421.637           0.000       0.000             177              -0
  215        -650.910   -1089.301        -132.137      51.904             215               0
  119         654.435     -22.105           0.000       0.000             119               0
  202        1326.770     473.145         131.966      62.353             202              -0
  202        -874.093    1818.693           0.000       0.000             202              -0
   74         362.007   -3771.659         -29.212      39.897              74               0
   44         102.535     419.287           0.000       0.000              44               0
  176        -984.646   -1766.925          -3.084       5.020             176               0
   35       -1204.994   -1752.176           0.000       0.000              35              -0
   11         436.445    2009.858         -36.714      12.379              11               0
  215         236.025     219.160           0.000       0.000             215               0
  231         494.198   -1018.665          49.563      26.467             231              -0
  143         628.856     384.461           0.000       0.000             143              -0
   27        1860.070     269.065          -8.324      20.451              27               0
  150       -1045.961    1999.782           0.000       0.000             150               0
  196        -694.259    1325.690          -1.763       2.578             196               0
   12        2040.666      36.186           0.000       0.000              12              -0
    2        -375.080   -2165.680         -21.614       6.124               2               0
  133        2043.654     687.999           0.000       0.000             133               0
  254         299.670    1638.606          29.892      17.901             254              -0
  232        -719.982   -1200.431           0.000       0.000             232              -0
  241        1483.676   -2387.618         -10.068      11.246             241               0
   60         -57.477    1178.463           0.000       0.000              60               0
   20        -750.009    1160.719          -1.286       1.695              20               0
  223        1693.872    -137.242           0.000       0.000             223              -0
  178        -484.478   -1507.076         -15.439       3.567             178               0
  202       -1826.860     925.806           0.000       0.000             202               0
  251        -145.024   -1885.316          21.037      14.045             251              -0
  133        -903.080    -258.955           0.000       0.000             133              -0
   57        1987.369    1638.959          -3.515      10.018              57               0
  231       -1182.992     467.025           0.000       0.000             231               0
   84         840.585     192.086          -1.039       1.239              84               0
   56        1507.550    -852.079           0.000       0.000              56              -0
   17       -1426.504    1750.219         -12.068       2.170              17               0
  119       -1128.595    1901.773           0.000       0.000             119               0
  140       -1433.674   -1009.774          15.981      11.843             140              -0
  224         120.322     -30.702           0.000       0.000             224              -0
   39         664.497    -313.198          -6.600       6.056              39               0
   96        -325.799   -1160.295           0.000       0.000              96               0
  130        -308.369   -1234.420          -0.888       0.958             130               0
   53       -1153.067    -513.453           0.000       0.000              53              -0
  172         801.883     475.554          -9.937       1.288             172               0
    1        1163.856   -1305.628           0.000       0.000               1               0
   87        -734.856       2.933          12.699      10.413              87              -0
  189         994.600   -1712.875           0.000       0.000             189              -0
   93       -2487.285     665.042          -3.928       5.957              93               0
   82        -157.812     356.056           0.000       0.000              82               0
  106         620.463     291.780          -0.785       0.768             106               0
   55       -1460.224     294.516           0.000       0.000              55              -0
  230         923.909     -44.123          -8.461       0.676             230               0
  152        -803.754     -61.727           0.000       0.000             152               0
   30        -463.544    -138.194          10.387       9.406              30              -0
   59         -28.563    -646.127           0.000       0.000              59              -0
   40       -2101.760   -3029.550          -5.127       3.851              40               0
  225       -1413.658     798.948           0.000       0.000             225               0
   26        -994.896   -1535.359          -0.710       0.630              26               0
  147        -322.349     319.731           0.000       0.000             147              -0
  143       -1043.124   -2258.028          -7.375       0.226             143               0
  188       -1181.659     892.953           0.000       0.000             188               0
   36       -1408.781      85.201           8.662       8.656              36              -0
  207        -161.062     517.087           0.000       0.000             207              -0
   31       -1153.858   -1030.393          -2.358       4.757              31               0
  143       -1484.098    -716.003           0.000       0.000             143               0
  104         556.516    2560.844          -0.653       0.524             104               0
  143        1132.766    -235.661           0.000       0.000             143              -0
   12         614.752    1482.225          -6.538      -0.120              12               0
  198         -26.790     915.147           0.000       0.000             198               0
  186         566.470     709.064           7.321       8.072             186              -0
  136         833.044     988.148           0.000       0.000             136              -0
   12         248.885    1165.712          -4.299       2.613              12               0
  133        -274.586    -787.780           0.000       0.000             133               0
  111         639.684    -624.169          -0.608       0.441             111               0
  251        -909.275      35.194           0.000       0.000             251              -0
   31        -505.001     988.215          -5.870      -0.397              31               0
   54       -1478.485   -1141.870           0.000       0.000              54               0
  230        -871.159    -290.828           6.244       7.603             230              -0
  192         538.069    -502.179           0.000       0.000             192              -0
  250        -960.933   -1246.146          -3.061       3.098             250               0
  226        -607.768   -2043.879           0.000       0.000             226               0
  175         233.181      45.891          -0.571       0.373             175               0
  125        1784.611   -1927.823           0.000       0.000             125              -0
  132       -1519.186     366.347          -5.323      -0.623             132               0
  242        1979.697     485.284           0.000       0.000             242               0
   40       -1137.296    1760.941           5.356       7.216              40              -0
  219       -1038.784     565.498           0.000       0.000             219              -0
   16       -1115.839   -1290.847          -3.761       1.807              16               0
   30       -1778.411     675.625           0.000       0.000              30               0
  220         646.364    2530.949          -0.541       0.316             220               0
   68         296.164   -1594.740           0.000       0.000              68              -0
  152        1814.929     125.262          -4.865      -0.813             152               0
  164         931.024    -851.999           0.000       0.000             164               0
  247       -1598.407     328.194           4.607       6.890             247              -0
   42        1398.812     657.662           0.000       0.000              42              -0
  173        -870.765   -1531.459          -2.432       2.717             173               0
  200        1275.980     390.087           0.000       0.000             200               0
   98         133.635    2491.770          -0.514       0.268              98               0
   96         485.945   -3362.893           0.000       0.000              96              -0
   55       -2271.569    -619.367          -4.473      -0.976              55               0
   91        -553.704   -2778.685           0.000       0.000              91               0
  155         121.860   -1627.248           3.965       6.610             155              -0
   55        -793.142   -1099.035           0.000       0.000              55              -0
    1       -1591.436    -670.994          -3.376       1.232               1               0
  162        1515.725   -1270.320           0.000       0.000             162               0
   63        -266.834     970.708          -0.492       0.226              63               0
  158        -548.141   -1012.740           0.000       0.000             158              -0
   15       -2156.646    3789.375          -4.133      -1.116              15               0
  231         628.020     892.656           0.000       0.000             231               0
   82       -2008.626     701.621           3.406       6.367              82              -0
   53         738.425    -555.981           0.000       0.000              53              -0
   28        1374.667     268.240          -2.669       1.807              28               0
   12        2361.635     913.702           0.000       0.000              12               0
  223         774.777   -1936.300          -0.472       0.190             223               0
  154       -1916.433    -767.217           0.000       0.000             154              -0
  208        1145.574     814.325          -3.834      -1.240             208               0
  183       -1010.516    1054.913           0.000       0.000             183               0
  162        1043.161    1378.059           2.912       6.152             162              -0
  102         275.453    1623.724           0.000       0.000             102              -0
  220        -320.172    -735.889          -3.083       0.792             220               0
   91        -446.303     629.204           0.000       0.000              91               0
   70        1189.741   -1299.680          -0.455       0.157              70               0
   70         486.021   -1371.077           0.000       0.000              70              -0
  222        1178.381   -1105.469          -3.567      -1.351             222               0
  155         -72.461     833.880           0.000       0.000             155               0
   64        -755.198    -955.363           2.471       5.959              64              -0
  235         481.773   -1218.838           0.000       0.000             235              -0
   77         930.101    -564.208          -2.074       1.950              77               0
   10         627.055   -1394.961           0.000       0.000              10               0
   50         324.603   -2095.669          -0.439       0.128              50               0
   64       -1868.307     999.563           0.000       0.000              64              -0
  105        -588.872   -1069.962          -3.327      -1.450             105               0
  182         217.266    -571.413           0.000       0.000             182               0
  188         745.274   -1689.771           2.073       5.786             188              -0
    9         594.611    -942.517           0.000       0.000               9              -0
   15        -734.062      70.289          -2.848       0.440              15               0
  236        -592.034     658.589           0.000       0.000             236               0
  133        -710.205    1397.151          -0.425       0.101             133               0
  150         375.538     602.252           0.000       0.000             150              -0
  180          20.847    -604.712          -3.108      -1.541             180               0
   73         -93.184    -332.271           0.000       0.000              73               0
  240        1192.965    2677.103           1.710       5.628             240              -0
  226       -1994.659     378.002           0.000       0.000             226              -0
  187        -832.966      77.701          -2.432       1.025             187               0
   81       -1383.849     538.670           0.000       0.000              81               0
   65       -2080.710    1600.128          -0.411       0.077              65               0
  112         359.222    -401.461           0.000       0.000             112              -0
   65        -673.400     443.464          -2.908      -1.624              65               0
  171         704.792    1475.264           0.000       0.000             171               0
   65       -1311.840    1360.185           1.375       5.482              65              -0
   34       -2014.112     -36.651           0.000       0.000              34              -0
  111        -505.411    -251.162          -2.651       0.147             111               0
  189        -722.619   -1941.552           0.000       0.000             189               0
   21          18.185    1550.995          -0.399       0.055              21               0
   79        1181.266    3371.917           0.000       0.000              79              -0
   21         441.743   -1266.551          -2.723      -1.701              21               0
  251          29.157     350.105           0.000       0.000             251               0
  145         425.978     799.242           1.066       5.347             145              -0
   68        -449.276    -103.250           0.000       0.000              68              -0
  165         721.598   -1564.372          -2.185       1.050             165               0
   66         367.148   -2104.345           0.000       0.000              66               0
   28           2.397     112.286          -0.388       0.034              28               0
  216        1911.877   -1095.706           0.000       0.000             216              -0
  110        -500.477    -778.275          -2.550      -1.772             110               0
  148        -744.308    -764.114           0.000       0.000             148               0
  208        1830.399     713.109           0.777       5.221             208              -0
   36        2372.942     466.432           0.000       0.000              36              -0
  156         142.182    -497.419          -2.482      -0.107             156               0
  155         841.554    -695.346           0.000       0.000             155               0
  206       -2501.897     675.974          -0.377       0.014             206               0
  205          69.818    1893.410           0.000       0.000             205              -0
  114         432.195    1171.038          -2.387      -1.840             114               0
  211        -804.665     481.606           0.000       0.000             211               0
  120        1219.745      71.060           0.505       5.103             120              -0
  200         551.608    -780.903           0.000       0.000             200              -0
   12        -193.730    -731.409          -2.262       0.464              12               0
  157        -351.359    1669.148           0.000       0.000             157               0
  188        1968.329   -1207.693          -0.368      -0.004             188               0
  203        1748.411   -1018.929           0.000       0.000             203              -0
  215        2111.551     511.557          -2.234      -1.903             215               0
  241         941.427    -649.178           0.000       0.000             241               0
   93         568.926    -250.594           0.247       4.991              93              -0
  155        -208.560   -1053.939           0.000       0.000             155              -0
  236          12.933    1524.508          -2.332      -0.331             236               0
   25       -2608.370   -1991.730           0.000       0.000              25               0
   92        -265.575   -1107.624          -0.358      -0.022              92               0
   51         492.681     491.822           0.000       0.000              51              -0
   17       -1266.851     303.506          -2.088      -1.964              17               0
   28          76.994    -454.120           0.000       0.000              28               0
  215         567.827    -445.319           0.002       4.884             215              -0
  157        2820.436    -458.897           0.000       0.000             157              -0
   68         200.583     -49.928          -2.058       0.694              68               0
   14         958.256    -775.832           0.000       0.000              14               0
   52        1227.955     437.227          -0.349      -0.038              52              -0
   23         830.345   -1604.256           0.000       0.000              23              -0
  232        -275.666    1787.410          -1.948      -2.021             232               0
  222        -196.792     124.273           0.000       0.000             222               0
   96        -632.119     409.517          -0.233       4.782              96              -0
   19       -2350.829     718.410           0.000       0.000              19              -0
  241        2368.665     449.748          -2.196      -0.536             241               0
  252         -68.103      -3.313           0.000       0.000             252               0
  241        -655.942    -504.039          -0.340      -0.054             241              -0
   69         149.082      -0.302           0.000       0.000              69              -0
  142        2656.903   -1064.149          -1.814      -2.077             142               0
   58       -1050.848   -1019.916           0.000       0.000              58               0
   51       -1128.568    -442.703          -0.459       4.683              51              -0
   18         422.659     836.161           0.000       0.000              18              -0
   90         -15.895    2086.240          -2.125       0.013              90               0
   58        1559.405   -1025.274           0.000       0.000              58               0
  143          53.364     947.666          -0.332      -0.070             143              -0
  153       -1446.926    -743.114           0.000       0.000             153              -0
  160         860.839     414.881          -1.684      -2.131             160               0
  234        1007.495    1967.655           0.000       0.000             234               0
  226         490.396     287.286          -0.679       4.588             226              -0
  174        1341.033     739.711           0.000       0.000             174              -0
  140         230.652    -906.993          -2.069      -0.726             140               0
   11        -957.333   -1262.301           0.000       0.000              11               0
  159        -253.405     123.004          -0.324      -0.085             159              -0
  183        2206.524    -346.797           0.000       0.000             183              -0
  210        1595.281    2256.894          -1.558      -2.183             210               0
  126         346.557     618.467           0.000       0.000             126               0
   13        -691.939     990.844          -0.892       4.495              13              -0
  156         538.016   -1396.660           0.000       0.000             156              -0
   97        -684.819     264.633          -2.046       0.113              97               0
  205        1931.796     897.007           0.000       0.000             205               0
  156       -2456.597    1665.737          -0.316      -0.100             156              -0
  208         977.584     622.538           0.000       0.000             208              -0
  167         171.340   -1580.298          -1.434      -2.234             167               0
  202        1930.225     167.588           0.000       0.000             202               0
  255       -2111.086    1907.860          -1.101       4.404             255              -0
   43        -932.638    -392.961           0.000       0.000              43              -0
  212       -1079.792     513.202          -1.948      -0.907             212               0
  255         102.384    -622.246           0.000       0.000             255               0
  113         319.900   -2481.845          -0.308      -0.114             113              -0
  151       -2664.934     133.984           0.000       0.000             151              -0
  197       -1468.796    1008.329          -1.313      -2.285             197               0
  195        1330.027     830.978           0.000       0.000             195               0
  207        -228.231     693.261          -1.307       4.314             207              -0
  218       -1008.314     646.515           0.000       0.000             218              -0
    4        -729.493    -773.267          -2.004      -0.386               4               0
  135        1410.028   -1205.477           0.000       0.000             135               0
   27        1401.408     372.364          -0.300      -0.128              27              -0
  175        1005.382   -1019.725           0.000       0.000             175              -0
  155       -1268.232    -715.629          -1.193      -2.334             155               0
  125        -819.822    -501.976           0.000       0.000             125               0
  192        -545.570     431.369          -1.510       4.226             192              -0
  253        -348.616    1022.495           0.000       0.000             253              -0
  239         477.242     799.484          -1.831      -1.082             239               0
   26        -980.762    -813.183           0.000       0.000              26               0
  111         546.485     623.134          -0.293      -0.142             111              -0
  169        -420.891   -1471.119           0.000       0.000             169              -0
  219       -2289.841   -1953.267          -1.074      -2.384             219               0
  247         451.081     282.331           0.000       0.000             247               0
   31       -1197.516    -692.941          -1.712       4.138              31              -0
  177        1255.055     925.184           0.000       0.000             177              -0
   18         835.953     895.165           0.000       0.000              18               0
  229        2338.000       0.299           0.000       0.000             229               0
  182         835.997    -894.950          -0.285      -0.156             182              -0
  127        1254.946    -924.565           0.000       0.000             127              -0
   53       -1198.104     692.751          -0.956      -2.433              53               0
   44         450.872    -281.950           0.000       0.000              44               0
   69       -2290.645    1952.635          -1.914       4.050              69              -0
  190        -421.208    1470.704           0.000       0.000             190              -0
  198         546.694    -623.195          -1.715      -1.255             198               0
   45        -981.032     812.643           0.000       0.000              45               0
   83         477.536    -799.581          -0.278      -0.170              83              -0
   66        -348.360   -1022.623           0.000       0.000              66              -0
  182        -545.461    -431.380          -0.837      -2.482             182               0
  127        -819.937     501.866           0.000       0.000             127               0
    9       -1268.153     715.256          -2.116       3.962               9              -0
  136        1005.413    1019.940           0.000       0.000             136              -0
  154        1401.606    -371.982          -1.888      -0.768             154               0
  239        1409.353    1205.858           0.000       0.000             239               0
   77        -730.085     772.669          -0.270      -0.185              77              -0
   71       -1008.166    -647.204           0.000       0.000              71              -0
  138        -227.921    -693.532          -0.717      -2.531             138               0
   90        1330.089    -830.609           0.000       0.000              90               0
   63       -1468.829   -1008.699          -2.319       3.873              63              -0
  112       -2664.755    -134.552           0.000       0.000             112              -0
   86         319.370    2481.970          -1.598      -1.430              86               0
  208         102.193     621.894           0.000       0.000             208               0
  241       -1079.602    -513.859          -0.262      -0.199             241              -0
  181        -932.626     392.330           0.000       0.000             181              -0
  141       -2109.939   -1908.724          -0.596      -2.581             141               0
   75        1930.750    -166.802           0.000       0.000              75               0
   30         170.940    1580.181          -2.526       3.783              30              -0
  129         977.751    -622.631           0.000       0.000             129              -0
   24       -2455.807   -1666.718          -1.929      -0.677              24               0
  229        1932.418    -896.268           0.000       0.000             229               0
  107        -684.620    -264.696          -0.254      -0.213             107              -0
  183         537.737    1396.727           0.000       0.000             183              -0
  125        -691.357    -991.344          -0.473      -2.632             125               0
   56         347.198    -618.506           0.000       0.000              56               0
  119        1596.347   -2256.224          -2.736       3.692             119              -0
  222        2206.306     347.841           0.000       0.000             222              -0
    2        -253.615    -122.879          -1.478      -1.610               2               0
   88        -957.684    1262.059           0.000       0.000              88               0
   37         230.629     906.826          -0.246      -0.228              37              -0
  173        1341.415    -739.527           0.000       0.000             173              -0
  240         490.504    -287.328          -0.348      -2.684             240               0
   29        1008.113   -1967.321           0.000       0.000              29               0
  218         860.731    -414.340          -2.951       3.598             218              -0
   99       -1447.249     742.686           0.000       0.000              99              -0
   58          53.917    -947.612          -1.767      -1.165              58               0
  186        1559.085    1025.723           0.000       0.000             186               0
  210         -15.333   -2086.280          -0.238      -0.243             210              -0
  126         422.791    -835.659           0.000       0.000             126              -0
   59       -1128.767     442.696          -0.219      -2.738              59               0
  222       -1050.827    1019.756           0.000       0.000             222               0
  129        2656.699    1065.001          -3.172       3.502             129              -0
  248         148.846       0.262           0.000       0.000             248              -0
  206        -656.151     503.725          -1.351      -1.799             206               0
  147         -67.935       3.122           0.000       0.000             147               0
  240        2368.598    -449.088          -0.230      -0.259             240              -0
  216       -2350.834    -719.220           0.000       0.000             216              -0
  231        -631.773    -409.668          -0.086      -2.793             231               0
  170        -196.509    -124.326           0.000       0.000             170               0
   71        -274.742   -1787.232          -3.400       3.403              71              -0
   75         830.147    1604.801           0.000       0.000              75              -0
  151        1228.276    -436.727          -1.936      -0.960             151               0
  161         958.035     776.273           0.000       0.000             161               0
  171         200.711      50.052          -0.221      -0.275             171              -0
   98        2820.203     459.913           0.000       0.000              98              -0
  132         567.262     445.525           0.052      -2.850             132               0
   35          76.460     454.089           0.000       0.000              35               0
  198       -1266.903    -303.960          -3.637       3.299             198              -0
  105         492.775    -491.476           0.000       0.000             105              -0
   33        -266.203    1107.741          -1.216      -2.001              33               0
   53       -2608.940    1990.654           0.000       0.000              53               0
  119          13.843   -1524.637          -0.212      -0.292             119              -0
  190        -208.545    1053.935           0.000       0.000             190              -0
   59         569.245     250.710           0.197      -2.910              59               0
  114         941.583     649.368           0.000       0.000             114               0
  134        2111.916    -510.894          -3.885       3.191             134              -0
   81        1748.008    1019.505           0.000       0.000              81              -0
  205        1967.584    1208.023          -1.632      -1.612             205               0
   90        -351.166   -1669.446           0.000       0.000              90               0
  162        -194.077     731.374          -0.202      -0.310             162              -0
  156         551.307     780.869           0.000       0.000             156              -0
   29        1219.523     -70.980           0.348      -2.973              29               0
   27        -804.730    -482.188           0.000       0.000              27               0
  176         432.468   -1171.115          -4.146       3.078             176              -0
   69          70.176   -1893.316           0.000       0.000              69              -0
   81       -2501.579    -676.484          -1.068      -2.223              81               0
   14         841.675     695.856           0.000       0.000              14               0
  170         142.300     497.469          -0.192      -0.329             170              -0
   18        2373.214    -465.642           0.000       0.000              18              -0
   38        1830.283    -712.285           0.508      -3.039              38               0
   83        -744.894     764.122           0.000       0.000              83               0
    7        -500.688     778.231          -4.422       2.957               7              -0
   93        1911.436    1096.330           0.000       0.000              93              -0
   22           2.176    -112.231          -1.791      -1.604              22               0
   92         366.285    2104.452           0.000       0.000              92               0
    3         720.822    1564.207          -0.181      -0.348               3              -0
  113        -449.527     102.579           0.000       0.000             113              -0
  192         426.100    -799.451           0.678      -3.109             192               0
   32          29.112    -350.269           0.000       0.000              32               0
   87         441.178    1266.217          -4.716       2.829              87              -0
  147        1182.062   -3371.850           0.000       0.000             147              -0
  164          18.201   -1550.634          -0.902      -2.472             164               0
  199        -723.698    1941.458           0.000       0.000             199               0
  172        -505.897     250.736          -0.170      -0.370             172              -0
  120       -2014.354      35.636           0.000       0.000             120              -0
  166       -1311.278   -1360.898           0.860      -3.185             166               0
   78         705.283   -1475.028           0.000       0.000              78               0
  173        -673.404    -443.573          -5.032       2.692             173              -0
  224         358.817     401.497           0.000       0.000             224              -0
   59       -2080.407   -1600.885          -1.465      -2.163              59               0
   62       -1383.601    -539.002           0.000       0.000              62               0
   67        -832.839     -77.939          -0.158      -0.392              67              -0
   22       -1994.183    -378.779           0.000       0.000              22              -0
   87        1194.199   -2676.498           1.057      -3.266              87               0
   87         -93.222     332.672           0.000       0.000              87               0
  138          20.733     604.840          -5.373       2.544             138              -0
  247         375.719    -602.115           0.000       0.000             247              -0
   92        -709.771   -1397.167          -0.709      -2.760              92               0
  107        -591.722    -658.344           0.000       0.000             107               0
  223        -733.802     -70.008          -0.144      -0.417             223              -0
  244         594.535     943.197           0.000       0.000             244              -0
  215         744.739    1690.247           1.270      -3.355             215               0
  235         216.958     571.575           0.000       0.000             235               0
  128        -589.352    1069.778          -5.744       2.382             128              -0
  131       -1867.771    -999.971           0.000       0.000             131              -0
  126         324.297    2096.058          -1.926      -2.048             126               0
  166         626.834    1395.118           0.000       0.000             166               0
   99         929.994     564.453          -0.129      -0.444              99              -0
  101         481.291    1218.908           0.000       0.000             101              -0
    2        -755.484     954.849           1.505      -3.452               2               0
  229         -71.939    -833.993           0.000       0.000             229               0
   29        1178.155    1105.922          -6.152       2.204              29              -0
   39         485.577    1371.081           0.000       0.000              39              -0
  248        1189.178    1299.658          -0.480      -3.104             248               0
    5        -446.260    -629.750           0.000       0.000               5               0
  147        -320.394     735.366          -0.113      -0.474             147              -0
  142         276.078   -1624.031           0.000       0.000             142              -0
  224        1043.516   -1377.792           1.764      -3.559             224               0
   31       -1010.212   -1055.154           0.000       0.000              31               0
  122        1145.780    -813.667          -6.606       2.007             122              -0
    7       -1916.618     766.854           0.000       0.000               7              -0
   94         774.518    1936.418          -1.233      -2.926              94               0
  121        2361.973    -913.170           0.000       0.000             121               0
  197        1374.402    -267.811          -0.095      -0.508             197              -0
  161         737.669     556.077           0.000       0.000             161              -0
   14       -2008.722    -702.539           2.055      -3.680              14               0
  240         628.091    -892.668           0.000       0.000             240               0
  124       -2155.545   -3789.781          -7.114       1.785             124              -0
  238        -548.348    1013.112           0.000       0.000             238              -0
  213        -266.355    -970.355          -0.195      -3.530             213               0
  171        1515.153    1271.306           0.000       0.000             171               0
  192       -1591.891     670.782          -0.075      -0.545             192              -0
  156        -793.440    1099.089           0.000       0.000             156              -0
  223         121.328    1627.534           2.384      -3.816             223               0
  108        -554.744    2778.417           0.000       0.000             108               0
   84       -2271.564     618.410          -7.693       1.533              84              -0
   64         485.209    3362.493           0.000       0.000              64              -0
  139         134.715   -2492.277          -1.551      -3.227             139               0
  146        1276.155    -389.608           0.000       0.000             146               0
   13        -871.228    1531.019          -0.051      -0.589              13              -0
   96        1399.026    -657.456           0.000       0.000              96              -0
   25       -1598.237    -328.758           2.761      -3.972              25               0
  202         931.025     852.221           0.000       0.000             202               0
  127        1814.899    -124.794          -8.359       1.243             127              -0
   21         295.350    1594.449           0.000       0.000              21              -0
   71         646.808   -2531.033           0.176      -4.084              71               0
   88       -1778.499    -676.037           0.000       0.000              88               0
  224       -1116.283    1290.437          -0.024      -0.639             224              -0
    1       -1038.482    -566.108           0.000       0.000               1              -0
  113       -1136.351   -1761.292           3.201      -4.154             113               0
  117        1979.985    -484.339           0.000       0.000             117               0
  168       -1518.994    -366.452          -9.138       0.904             168              -0
    1        1784.063    1928.648           0.000       0.000               1              -0
   92         232.956     -45.693          -0.856      -4.169              92               0
  255        -608.640    2043.745           0.000       0.000             255               0
  136        -961.343    1245.598           0.008      -0.698             136              -0
   42         537.854     502.089           0.000       0.000              42              -0
  187        -871.416     290.331           3.724      -4.371             187               0
  106       -1478.802    1141.033           0.000       0.000             106               0
   78        -504.476    -988.693         -10.069       0.499              78              -0
  128        -908.978     -35.588           0.000       0.000             128              -0
  131         639.726     624.215           0.690      -4.854             131               0
   70        -274.683     787.276           0.000       0.000              70               0
   32         249.500   -1166.044           0.046      -0.769              32              -0
  178         833.494    -988.066           0.000       0.000             178              -0
  125         566.686    -709.008           4.357      -4.633             125               0
  156         -26.486    -915.263           0.000       0.000             156               0
   54         615.264   -1481.944         -11.203       0.004              54              -0
  107        1132.508     236.067           0.000       0.000             107              -0
   52         556.932   -2560.430          -1.647      -4.885              52               0
  104       -1484.700     715.958           0.000       0.000             104               0
  241       -1154.287    1030.101           0.094      -0.857             241              -0
   93        -161.006    -517.111           0.000       0.000              93              -0
  144       -1408.877     -85.537           5.146      -4.960             144               0
   84       -1181.329    -892.993           0.000       0.000              84               0
  107       -1043.762    2257.897         -12.626      -0.615             107               0
   31        -322.175    -319.782           0.000       0.000              31              -0
   50        -995.415    1535.070           1.469      -6.020              50               0
   73       -1413.317    -799.269           0.000       0.000              73               0
   95       -2102.425    3028.887           0.155      -0.970              95              -0
  149         -28.352     645.764           0.000       0.000             149              -0
   60        -463.308     137.767           6.160      -5.380              60               0
   32        -803.400      61.253           0.000       0.000              32               0
   78         924.118      44.246         -14.474      -1.420              78               0
  235       -1459.905    -295.149           0.000       0.000             235              -0
  225         620.840    -291.643          -0.042      -6.852             225               0
  120        -157.661    -356.109           0.000       0.000             120               0
   29       -2486.699    -665.670           0.235      -1.119              29              -0
  180         994.514    1713.309           0.000       0.000             180              -0
  207        -734.474      -3.226           7.520      -5.943             207               0
  218        1163.773    1305.909           0.000       0.000             218               0
  167         802.068    -475.400         -16.983      -2.512             167               0
   29       -1153.156     513.116           0.000       0.000              29              -0
   11        -308.507    1234.248           2.824      -8.048              11               0
  233        -325.870    1159.908           0.000       0.000             233               0
    8         664.616     313.062           0.348      -1.327               8              -0
  183         120.326      30.447           0.000       0.000             183              -0
  211       -1433.901    1008.815           9.451      -6.743             211               0
   57       -1127.605   -1902.589           0.000       0.000              57               0
  140       -1425.271   -1750.639         -20.607      -4.091             140               0
  211        1507.857     852.640           0.000       0.000             211              -0
   71         840.848    -191.970          -0.551      -9.966              71               0
  244       -1182.475    -467.572           0.000       0.000             244               0
  143        1988.184   -1638.186           0.517      -1.640             143              -0
  182        -903.093     258.973           0.000       0.000             182              -0
   60        -145.463    1885.235          12.424      -7.975              60               0
   61       -1826.157    -926.498           0.000       0.000              61               0
    9        -484.258    1506.847         -26.337      -6.586               9               0
  100        1694.305     137.482           0.000       0.000             100              -0
  115        -749.264   -1161.132           5.864     -12.598             115               0
  194         -56.483   -1178.230           0.000       0.000             194               0
  181        1483.301    2388.225           0.803      -2.168             181              -0
  143        -719.980    1199.755           0.000       0.000             143              -0
   43         300.872   -1638.805          17.632     -10.132              43               0
   13        2044.301    -687.179           0.000       0.000              13               0
  220        -375.436    2165.440         -36.837     -11.159             220               0
  102        2040.967     -35.997           0.000       0.000             102              -0
   17        -693.645   -1326.279           3.685     -19.139              17               0
  150       -1044.678   -2000.116           0.000       0.000             150               0
  145        1860.764    -268.242           1.390      -3.254             145              -0
   89         629.337    -384.051           0.000       0.000              89              -0
   13         494.221    1018.889          29.202     -14.924              13               0
  174         236.488    -219.207           0.000       0.000             174               0
   28         437.461   -2009.433         -62.511     -22.340              28               0
  107       -1205.103    1752.182           0.000       0.000             107              -0
  100        -984.397    1766.547          19.573     -33.115             100               0
  188         103.676    -419.222           0.000       0.000             188               0
   85         361.736    3771.457           3.312      -6.810              85              -0
  113        -872.212   -1819.520           0.000       0.000             113              -0
  239        1328.418    -472.764          77.666     -34.999             239               0
  114         655.976      22.340           0.000       0.000             114               0
  225        -649.061    1088.948        -224.755     -92.995             225               0
   83        1344.149    -421.350           0.000       0.000              83              -0
   30       -1640.757    1067.816           0.000       0.000              30               0
