SINAL     NFT                         FFT                         NFT INVERSA     FFT INVERSA
-----     -----------------------     -----------------------     -----------     -----------
   46       63164.000       0.000           0.000       0.000              46               0
  236        2092.719    -336.167           0.000      -0.000             236               0
   58          81.922    -844.208           0.000       0.000              58               0
   98        -215.073     -43.964           0.000      -0.000              98               0
  237        1657.344    -153.593           0.000       0.000             237               0
   29          59.923   -1343.842           0.000      -0.000              29               0
  216       -1876.697    -369.485           0.000       0.000             216               0
  240         461.971    -670.830           0.000      -0.000             240               0
   93        3054.950    1513.538           0.000       0.000              93               0
  196       -2667.818    -439.927           0.000      -0.000             196               0
  197        -493.442    -215.745           0.000       0.000             197               0
   44        1040.183    2358.568           0.000      -0.000              44               0
   87        2298.580    -505.488           0.000       0.000              87               0
   63        1775.080     599.461           0.000      -0.000              63               0
  104         771.757    -701.693           0.000       0.000             104               0
  217        -680.909     632.133           0.000      -0.000             217               0
  107        -180.711   -1584.462           0.000       0.000             107               0
   76       -2285.632    2401.497           0.000      -0.000              76               0
   66        -928.035   -1237.024           0.000       0.000              66               0
  216        -565.549    -407.618           0.000      -0.000             216               0
   86         466.943     -98.935           0.000       0.000              86               0
  198        2103.441   -1289.160           0.000      -0.000             198               0
   48        1287.087      78.021           0.000       0.000              48               0
  248       -1106.404     -76.999           0.000      -0.000             248               0
   80        1518.797     122.953           0.000       0.000              80               0
  119        -775.903   -1490.077           0.000      -0.000             119               0
  224        1242.671    -915.328           0.000       0.000             224               0
  122        -869.433     730.957           0.000      -0.000             122               0
  198        2078.291    -746.649           0.000       0.000             198               0
    6        -798.563   -1737.623           0.000      -0.000               6               0
  123        1473.766    1847.218           0.000       0.000             123               0
  176       -1665.360     247.956           0.000      -0.000             176               0
   90        -191.075    -519.519           0.000       0.000              90               0
  119        -140.293     -78.144           0.000      -0.000             119               0
  185        -689.705     541.953           0.000       0.000             185               0
  239         376.528    2248.194           0.000      -0.000             239               0
   66         766.448   -1195.008           0.000       0.000              66               0
   84       -1094.658     701.312           0.000      -0.000              84               0
  163         168.559     606.408           0.000       0.000             163               0
  118        -697.972   -1851.548           0.000      -0.000             118               0
  250        -304.802    1243.514           0.000       0.000             250               0
  168       -1704.861    -202.997           0.000      -0.000             168               0
  184          96.065     366.379           0.000       0.000             184               0
   70         513.547     611.272           0.000      -0.000              70               0
  240        -765.189     -95.735           0.000       0.000             240               0
  248        1040.195    1687.730           0.000      -0.000             248               0
  187         -54.780   -1743.951           0.000       0.000             187               0
  206        -851.653   -1483.579           0.000      -0.000             206               0
   87         715.306    1182.287           0.000       0.000              87               0
   72        1416.191     443.762           0.000      -0.000              72               0
  104         958.438    -759.322           0.000       0.000             104               0
  235       -1677.679     776.439           0.000      -0.000             235               0
   63         348.294      47.505           0.000       0.000              63               0
   19        -562.471     269.723           0.000      -0.000              19               0
  251        -787.606    1811.316           0.000       0.000             251               0
   99        1018.620     -32.130           0.000      -0.000              99               0
  199       -1217.815    1392.628           0.000       0.000             199               0
   35         727.763   -1001.461           0.000      -0.000              35               0
  171        1804.788   -1852.580           0.000       0.000             171               0
   16        1285.624    -350.947           0.000      -0.000              16               0
   44         458.036    1167.765           0.000       0.000              44               0
  159        1498.772     406.142           0.000      -0.000             159               0
   12        -674.980     927.371           0.000       0.000              12               0
   44        1333.080     339.301           0.000      -0.000              44               0
  172        1517.007    -888.892           0.000       0.000             172               0
  105         317.858     172.830           0.000      -0.000             105               0
   21        1950.608     690.927           0.000       0.000              21               0
   54        2623.713    1189.518           0.000      -0.000              54               0
  231         418.371      79.742           0.000       0.000             231               0
   26        -776.084     471.572           0.000      -0.000              26               0
   90        -146.245    2557.370           0.000       0.000              90               0
  244       -1083.845    2832.708           0.000      -0.000             244               0
  239        2544.332     477.295           0.000       0.000             239               0
  204       -1382.638    -847.622           0.000      -0.000             204               0
   73         196.199     430.413           0.000       0.000              73               0
   76        -182.123    3143.093           0.000      -0.000              76               0
  120       -1895.624     357.703           0.000       0.000             120               0
  178         182.619     703.670           0.000      -0.000             178               0
  166        -187.775   -1405.042           0.000       0.000             166               0
  161          49.665    -732.994           0.000      -0.000             161               0
  103        1297.414     710.311           0.000       0.000             103               0
  161       -1611.628    -209.367           0.000      -0.000             161               0
  198       -2692.205   -1185.259           0.000       0.000             198               0
  117        -100.851    -478.145           0.000      -0.000             117               0
  153       -1837.791   -1014.185           0.000       0.000             153               0
  218         252.247    -410.902           0.000      -0.000             218               0
  100         715.849     121.571           0.000       0.000             100               0
   78       -2053.208    1631.491           0.000      -0.000              78               0
   69        1303.844     -20.225           0.000       0.000              69               0
  129       -1427.946    -645.434           0.000      -0.000             129               0
  121       -1834.345    1764.484           0.000       0.000             121               0
   64         252.755    -848.034           0.000      -0.000              64               0
  217        1861.359    -840.683           0.000       0.000             217               0
   76         454.837   -1379.292           0.000      -0.000              76               0
  200         769.575   -1202.667           0.000       0.000             200               0
   46         -75.297    1123.745           0.000      -0.000              46               0
   41         367.525     539.134           0.000       0.000              41               0
   96         -31.274    1701.291           0.000      -0.000              96               0
   51        -344.757    2066.211           0.000       0.000              51               0
  178        -133.702     974.647           0.000      -0.000             178               0
  129         556.694    1212.191           0.000       0.000             129               0
  166         211.571     338.072           0.000      -0.000             166               0
   84        -697.384    -168.798           0.000       0.000              84               0
   33        1375.791    -917.549           0.000      -0.000              33               0
   83         434.942     471.567           0.000       0.000              83               0
  115        -906.474    -996.479           0.000      -0.000             115               0
  175          78.785    1150.118           0.000       0.000             175               0
  179         226.057   -1357.732           0.000      -0.000             179               0
   63        -681.312   -1710.758           0.000       0.000              63               0
   84         322.754    2634.123           0.000      -0.000              84               0
   81        -366.081     102.424           0.000       0.000              81               0
   73       -1122.166     323.596           0.000      -0.000              73               0
  119         747.794    1459.450           0.000       0.000             119               0
  204        -777.765    -924.114           0.000      -0.000             204               0
  119         376.950   -1135.144           0.000       0.000             119               0
  240         989.160   -1021.467           0.000      -0.000             240               0
  163        -300.265      98.432           0.000       0.000             163               0
   87       -1567.311   -1193.144           0.000      -0.000              87               0
  138         -67.423     809.686           0.000       0.000             138               0
    3         689.808     152.552           0.000      -0.000               3               0
  169         467.736      58.234           0.000       0.000             169               0
  177        1261.926    1245.895           0.000      -0.000             177               0
  176       -2116.314     535.423           0.000       0.000             176               0
  211       -1646.550   -1304.462           0.000      -0.000             211               0
  220       -2111.253    -701.830           0.000       0.000             220               0
   16        -767.298    2087.333           0.000      -0.000              16               0
  247       -1413.012     -87.300           0.000       0.000             247               0
  169          -2.732    -802.092           0.000      -0.000             169               0
  202         303.873    1608.026           0.000       0.000             202               0
  220        -845.898     512.515           0.000      -0.000             220               0
  229       -1495.122     100.211           0.000       0.000             229               0
   64         782.634   -1707.116           0.000      -0.000              64               0
  130        1704.737    1158.028           0.000       0.000             130               0
  143         978.782     580.507           0.000      -0.000             143               0
  255         769.204     825.842           0.000       0.000             255               0
  187         394.701     601.398           0.000      -0.000             187               0
  164       -1509.072     -30.732           0.000       0.000             164               0
   84         782.203    -687.451           0.000      -0.000              84               0
   95          74.217    -486.894           0.000       0.000              95               0
  163       -1849.997     355.902           0.000      -0.000             163               0
   35        -786.124     -87.348           0.000       0.000              35               0
   72       -1208.087    -518.933           0.000      -0.000              72               0
  150        -784.917    -522.765           0.000       0.000             150               0
  113        1534.133   -1862.581           0.000      -0.000             113               0
  207        -690.022    -852.552           0.000       0.000             207               0
  247        1916.076    -523.184           0.000      -0.000             247               0
  232         516.806    -587.055           0.000       0.000             232               0
   73       -2079.265    1959.429           0.000      -0.000              73               0
  236         205.716     629.082           0.000       0.000             236               0
   15         994.914    2474.834           0.000      -0.000              15               0
  189         126.411     623.369           0.000       0.000             189               0
   45        1179.540    -459.645           0.000      -0.000              45               0
   97         868.688    -968.744           0.000       0.000              97               0
    5        -564.517    -674.092           0.000      -0.000               5               0
   43       -1372.063   -1167.349           0.000       0.000              43               0
  104         118.951    -715.009           0.000      -0.000             104               0
   37       -1442.679    1829.305           0.000       0.000              37               0
   38       -2172.788    -530.871           0.000      -0.000              38               0
  177        1801.886     450.268           0.000       0.000             177               0
  134         139.600     295.298           0.000      -0.000             134               0
   36         -16.761    -464.788           0.000       0.000              36               0
   99         -62.608    -474.421           0.000      -0.000              99               0
   22        1081.436    -474.450           0.000       0.000              22               0
   92         653.643   -1287.140           0.000      -0.000              92               0
  143        -943.364    -721.954           0.000       0.000             143               0
    1        -633.183    -258.205           0.000      -0.000               1               0
   44         283.158    -447.557           0.000       0.000              44               0
  195        -205.360   -3247.901           0.000      -0.000             195               0
  143        -304.405    1016.471           0.000       0.000             143               0
  245         600.653   -2328.482           0.000      -0.000             245               0
  130         175.663   -2167.309           0.000       0.000             130               0
    9         823.162   -1067.162           0.000      -0.000               9               0
  235        -262.364    1246.393           0.000       0.000             235               0
   41        -361.877   -1075.418           0.000      -0.000              41               0
   86        1649.980     -85.157           0.000       0.000              86               0
   36        -105.624   -1306.685           0.000      -0.000              36               0
  122        -438.936     -12.104           0.000       0.000             122               0
  178       -1419.545   -1086.627           0.000      -0.000             178               0
  110        1380.523    -194.054           0.000       0.000             110               0
  238       -1537.776   -2251.701           0.000      -0.000             238               0
   41         513.803    -405.132           0.000       0.000              41               0
   11        1484.703     -50.975           0.000      -0.000              11               0
   34        -225.902    1109.960           0.000       0.000              34               0
   97        -690.338   -1962.239           0.000      -0.000              97               0
   34        -915.471   -1219.273           0.000       0.000              34               0
  152         880.547    -423.214           0.000      -0.000             152               0
  208       -2027.663    1174.141           0.000       0.000             208               0
  206       -1135.016     -16.604           0.000      -0.000             206               0
  135        -710.494   -1124.688           0.000       0.000             135               0
    8       -2622.351   -1906.112           0.000      -0.000               8               0
  100         662.528    1842.599           0.000       0.000             100               0
  246        -192.455   -1447.870           0.000      -0.000             246               0
   81         165.109    -974.786           0.000       0.000              81               0
  146       -1661.650     154.700           0.000      -0.000             146               0
   17        2436.088    1126.207           0.000       0.000              17               0
    5        -225.230     706.250           0.000      -0.000               5               0
   92        -244.983     947.257           0.000       0.000              92               0
  163          99.998    -722.804           0.000      -0.000             163               0
  220        -945.469    2153.583           0.000       0.000             220               0
   78       -2159.768    1331.737           0.000      -0.000              78               0
  151        1911.440   -1275.078           0.000       0.000             151               0
  162         498.051    2136.281           0.000      -0.000             162               0
  136         630.490     226.456           0.000       0.000             136               0
  145       -1418.695     789.908           0.000      -0.000             145               0
  244        -847.574      20.937           0.000       0.000             244               0
  133       -1941.797    -103.168           0.000      -0.000             133               0
  106        -898.022     944.288           0.000       0.000             106               0
    8       -1500.632   -1017.063           0.000      -0.000               8               0
   96       -1343.735     367.251           0.000       0.000              96               0
   14         -43.962    -385.560           0.000      -0.000              14               0
   67       -2034.650     634.118           0.000       0.000              67               0
   67          -8.318     429.253           0.000      -0.000              67               0
   52        -234.045   -1373.154           0.000       0.000              52               0
  100        -762.669     325.617           0.000      -0.000             100               0
   44       -3339.797    -169.526           0.000       0.000              44               0
  222         536.116     228.821           0.000      -0.000             222               0
  244       -2135.386      90.091           0.000       0.000             244               0
   32        4412.945    2642.643           0.000      -0.000              32               0
   97        1328.217    1081.487           0.000       0.000              97               0
  181         187.388     -64.653           0.000      -0.000             181               0
   73        -138.492    -508.110           0.000       0.000              73               0
  156          75.184     166.238           0.000      -0.000             156               0
   10        -946.245   -1926.564           0.000       0.000              10               0
   39        -478.684   -1247.068           0.000      -0.000              39               0
  176        -371.534   -1651.189           0.000       0.000             176               0
   94       -1388.059     446.278           0.000      -0.000              94               0
  171         182.097     148.303           0.000       0.000             171               0
  138       -2272.402     213.139           0.000      -0.000             138               0
  153        1656.353    -368.494           0.000       0.000             153               0
  172         -14.655    1089.794           0.000      -0.000             172               0
   64       -1728.523    -454.410           0.000       0.000              64               0
   81       -1807.085     470.579           0.000      -0.000              81               0
   82        1526.031    -551.825           0.000       0.000              82               0
  226       -1954.245    1019.571           0.000      -0.000             226               0
  171        -805.613   -1519.521           0.000       0.000             171               0
  124        1135.954    2349.192           0.000      -0.000             124               0
  230        -224.194   -1010.185           0.000       0.000             230               0
   74        -529.004    1399.614           0.000      -0.000              74               0
  194        -858.853    2355.105           0.000       0.000             194               0
   69        1854.088    -113.462           0.000      -0.000              69               0
  142       -1219.641    1354.649           0.000       0.000             142               0
  103        -677.222   -2627.069           0.000      -0.000             103               0
   20         630.253      88.141           0.000       0.000              20               0
  222        -985.632     331.788           0.000      -0.000             222               0
   24        1835.301   -1811.468           0.000       0.000              24               0
  108        1406.220    1110.508           0.000      -0.000             108               0
   49         329.186     181.822           0.000       0.000              49               0
   62        -691.061    -411.873           0.000      -0.000              62               0
    0         404.538    -895.369           0.000       0.000              -0               0
   16        2367.970    -669.282           0.000      -0.000              16               0
  250       -1828.298     844.185           0.000       0.000             250               0
   39       -2129.300    -126.084           0.000      -0.000              39               0
  173        -424.511     473.939           0.000       0.000             173               0
  113        -867.325   -2158.240           0.000      -0.000             113               0
  146         372.230     195.655           0.000       0.000             146               0
  230        -644.628     864.579           0.000      -0.000             230               0
  234        2456.000       0.374           0.000       0.000             234               0
  114        -644.588    -864.719           0.000       0.000             114               0
  240         372.114    -195.227           0.000       0.000             240               0
  219        -868.241    2157.976           0.000       0.000             219               0
   27        -424.508    -474.256           0.000       0.000              27               0
  227       -2129.316     125.312           0.000       0.000             227               0
  127       -1827.468    -844.719           0.000       0.000             127               0
   68        2368.130     670.235           0.000       0.000              68               0
  200         404.170     895.477           0.000       0.000             200               0
   41        -691.117     411.484           0.000       0.000              41               0
   92         329.495    -181.869           0.000       0.000              92               0
  133        1406.702   -1109.923           0.000       0.000             133               0
   58        1834.413    1812.117           0.000       0.000              58               0
  143        -985.807    -332.275           0.000       0.000             143               0
  176         630.103     -87.862           0.000       0.000             176               0
  146        -678.333    2626.549           0.000       0.000             146               0
  206       -1219.106   -1355.532           0.000       0.000             206               0
   14        1853.980     113.733           0.000       0.000              14               0
  234        -858.347   -2355.598           0.000       0.000             234               0
    1        -528.608   -1399.568           0.000       0.000               1               0
  125        -224.525    1010.150           0.000       0.000             125               0
   90        1136.534   -2348.675           0.000       0.000              90               0
  125        -806.492    1519.441           0.000       0.000             125               0
  171       -1953.900   -1020.196           0.000       0.000             171               0
    8        1525.736     552.427           0.000       0.000               8               0
    2       -1807.216    -471.141           0.000       0.000               2               0
   22       -1728.543     453.837           0.000       0.000              22               0
   84         -14.024   -1089.730           0.000       0.000              84               0
    1        1656.062     369.204           0.000       0.000               1               0
  167       -2272.505    -213.808           0.000       0.000             167               0
   23         182.167    -148.090           0.000       0.000              23               0
   14       -1387.905    -446.421           0.000       0.000              14               0
  149        -371.961    1651.337           0.000       0.000             149               0
    8        -479.022    1246.934           0.000       0.000               8               0
  203        -946.703    1925.995           0.000       0.000             203               0
  137          75.478    -166.560           0.000       0.000             137               0
  180        -138.446     507.774           0.000       0.000             180               0
   34         187.659      64.301           0.000       0.000              34               0
  248        1328.857   -1081.442           0.000       0.000             248               0
  102        4413.340   -2641.148           0.000       0.000             102               0
  169       -2136.077     -90.548           0.000       0.000             169               0
   26         535.683    -228.489           0.000       0.000              26               0
  246       -3340.161     168.513           0.000       0.000             246               0
   88        -762.446    -325.728           0.000       0.000              88               0
  197        -234.506    1373.065           0.000       0.000             197               0
   23          -8.382    -429.424           0.000       0.000              23               0
  170       -2034.534    -634.778           0.000       0.000             170               0
    1         -44.113     385.571           0.000       0.000               1               0
  195       -1343.733    -367.680           0.000       0.000             195               0
  227       -1500.934    1016.462           0.000       0.000             227               0
   71        -897.639    -944.725           0.000       0.000              71               0
  224       -1941.646     102.488           0.000       0.000             224               0
  108        -847.245     -21.362           0.000       0.000             108               0
  116       -1417.973    -790.494           0.000       0.000             116               0
   59         631.035    -226.365           0.000       0.000              59               0
  116         499.040   -2136.000           0.000       0.000             116               0
   71        1910.874    1275.789           0.000       0.000              71               0
  130       -2159.485   -1332.620           0.000       0.000             130               0
  109        -944.488   -2153.647           0.000       0.000             109               0
  203         100.005     723.107           0.000       0.000             203               0
   39        -244.473    -947.232           0.000       0.000              39               0
  220        -224.689    -706.098           0.000       0.000             220               0
  214        2436.402   -1125.010           0.000       0.000             214               0
  250       -1661.785    -154.725           0.000       0.000             250               0
  220         164.835     975.268           0.000       0.000             220               0
  165        -192.972    1447.879           0.000       0.000             165               0
  139         662.881   -1842.108           0.000       0.000             139               0
   87       -2623.134    1905.640           0.000       0.000              87               0
   51        -710.728    1124.460           0.000       0.000              51               0
   60       -1134.918      16.161           0.000       0.000              60               0
  245       -2026.884   -1174.611           0.000       0.000             245               0
  117         880.761     423.931           0.000       0.000             117               0
  235        -915.698    1219.270           0.000       0.000             235               0
   70        -690.644    1961.949           0.000       0.000              70               0
   67        -225.072   -1110.075           0.000       0.000              67               0
   10        1484.948      51.751           0.000       0.000              10               0
    2         513.604     405.666           0.000       0.000               2               0
  249       -1538.380    2251.320           0.000       0.000             249               0
   76        1380.585     194.498           0.000       0.000              76               0
    3       -1419.861    1086.169           0.000       0.000               3               0
    4        -438.623      12.006           0.000       0.000               4               0
   96        -105.667    1306.682           0.000       0.000              96               0
  158        1650.119      85.701           0.000       0.000             158               0
   73        -362.229    1075.249           0.000       0.000              73               0
  106        -261.750   -1246.342           0.000       0.000             106               0
   48         822.957    1067.848           0.000       0.000              48               0
   12         174.994    2167.545           0.000       0.000              12               0
  164         599.865    2328.453           0.000       0.000             164               0
  178        -304.097   -1016.611           0.000       0.000             178               0
   48        -206.384    3247.776           0.000       0.000              48               0
   61         283.020     447.261           0.000       0.000              61               0
  162        -633.260     257.789           0.000       0.000             162               0
   44        -943.364     721.510           0.000       0.000              44               0
    1         653.509    1287.114           0.000       0.000               1               0
   40        1081.325     474.483           0.000       0.000              40               0
  252         -62.815     474.092           0.000       0.000             252               0
   35         -16.888     464.425           0.000       0.000              35               0
  184         139.771    -295.586           0.000       0.000             184               0
   82        1801.763    -449.852           0.000       0.000              82               0
   83       -2173.272     529.891           0.000       0.000              83               0
  237       -1441.901   -1829.845           0.000       0.000             237               0
  213         118.868     715.218           0.000       0.000             213               0
    3       -1372.264    1166.821           0.000       0.000               3               0
  183        -564.304     673.694           0.000       0.000             183               0
  193         868.752     968.705           0.000       0.000             193               0
   46        1179.510     459.534           0.000       0.000              46               0
  118         126.666    -623.887           0.000       0.000             118               0
   70         995.715   -2474.725           0.000       0.000              70               0
  234         205.705    -628.989           0.000       0.000             234               0
   35       -2078.515   -1959.891           0.000       0.000              35               0
   95         516.992     587.600           0.000       0.000              95               0
   94        1915.897     524.033           0.000       0.000              94               0
  230        -690.396     852.477           0.000       0.000             230               0
   59        1533.350    1863.011           0.000       0.000              59               0
  177        -785.431     522.237           0.000       0.000             177               0
  166       -1208.376     518.266           0.000       0.000             166               0
  183        -786.162      86.814           0.000       0.000             183               0
  165       -1849.658    -356.679           0.000       0.000             165               0
  226          74.427     486.801           0.000       0.000             226               0
  167         782.073     687.445           0.000       0.000             167               0
  101       -1508.900      29.859           0.000       0.000             101               0
  173         395.288    -601.584           0.000       0.000             173               0
   15         769.734    -825.771           0.000       0.000              15               0
  177         979.115    -580.276           0.000       0.000             177               0
  251        1705.007   -1157.339           0.000       0.000             251               0
   18         781.633    1707.366           0.000       0.000              18               0
  192       -1495.393    -101.026           0.000       0.000             192               0
   98        -845.714    -513.064           0.000       0.000              98               0
  207         304.382   -1607.922           0.000       0.000             207               0
  128          -3.233     802.132           0.000       0.000             128               0
   48       -1413.223      86.587           0.000       0.000              48               0
  193        -766.704   -2087.556           0.000       0.000             193               0
  150       -2111.473     701.357           0.000       0.000             150               0
  237       -1646.725    1303.768           0.000       0.000             237               0
  125       -2115.535    -536.424           0.000       0.000             125               0
  109        1262.922   -1245.518           0.000       0.000             109               0
  145         468.004     -58.003           0.000       0.000             145               0
  214         689.952    -152.308           0.000       0.000             214               0
   19         -67.200    -809.546           0.000       0.000              19               0
  182       -1567.553    1192.739           0.000       0.000             182               0
  174        -299.823     -98.513           0.000       0.000             174               0
   87         989.074    1021.821           0.000       0.000              87               0
   42         376.595    1135.081           0.000       0.000              42               0
  101        -777.959     923.409           0.000       0.000             101               0
   12         748.359   -1459.541           0.000       0.000              12               0
  155       -1121.995    -324.080           0.000       0.000             155               0
   33        -365.791    -102.760           0.000       0.000              33               0
   93         323.811   -2633.857           0.000       0.000              93               0
  107        -681.697    1710.827           0.000       0.000             107               0
   98         225.838    1357.582           0.000       0.000              98               0
   28          79.303   -1150.255           0.000       0.000              28               0
  187        -906.546     996.085           0.000       0.000             187               0
  155         435.475    -471.575           0.000       0.000             155               0
  211        1375.587     917.827           0.000       0.000             211               0
   93        -697.386     168.190           0.000       0.000              93               0
   36         211.888    -338.420           0.000       0.000              36               0
   25         557.196   -1212.338           0.000       0.000              25               0
  139        -133.329    -974.941           0.000       0.000             139               0
   28        -343.926   -2066.415           0.000       0.000              28               0
  246         -30.493   -1701.091           0.000       0.000             246               0
  140         367.881    -538.722           0.000       0.000             140               0
   97         -74.727   -1123.351           0.000       0.000              97               0
  193         769.351    1203.335           0.000       0.000             193               0
   91         454.502    1379.523           0.000       0.000              91               0
  108        1860.965     841.182           0.000       0.000             108               0
   54         252.046     847.793           0.000       0.000              54               0
  134       -1833.971   -1765.240           0.000       0.000             134               0
  199       -1427.947     644.975           0.000       0.000             199               0
   83        1303.882      20.461           0.000       0.000              83               0
   20       -2052.614   -1632.180           0.000       0.000              20               0
  119         716.083    -121.097           0.000       0.000             119               0
  238         251.971     411.172           0.000       0.000             238               0
  162       -1838.154    1013.609           0.000       0.000             162               0
   41        -100.979     478.053           0.000       0.000              41               0
  113       -2692.433    1184.172           0.000       0.000             113               0
   68       -1611.042     208.501           0.000       0.000              68               0
  101        1298.175    -710.036           0.000       0.000             101               0
   35          49.635     732.922           0.000       0.000              35               0
  249        -188.025    1404.559           0.000       0.000             249               0
  222         182.971    -704.158           0.000       0.000             222               0
  219       -1895.226    -358.875           0.000       0.000             219               0
   84        -180.562   -3143.364           0.000       0.000              84               0
  163         196.718    -430.199           0.000       0.000             163               0
  121       -1382.340     846.987           0.000       0.000             121               0
  147        2544.894    -476.942           0.000       0.000             147               0
  245       -1082.724   -2833.360           0.000       0.000             245               0
  204        -144.972   -2557.206           0.000       0.000             204               0
  177        -775.340    -471.494           0.000       0.000             177               0
   83         419.199     -79.478           0.000       0.000              83               0
   34        2624.677   -1188.521           0.000       0.000              34               0
  166        1950.985    -690.015           0.000       0.000             166               0
   49         318.072    -172.439           0.000       0.000              49               0
  123        1516.903     889.488           0.000       0.000             123               0
   87        1333.163    -338.935           0.000       0.000              87               0
   26        -674.544    -927.555           0.000       0.000              26               0
  192        1499.129    -405.522           0.000       0.000             192               0
  131         458.556   -1167.340           0.000       0.000             131               0
  145        1285.648     351.785           0.000       0.000             145               0
    8        1804.067    1853.289           0.000       0.000               8               0
   55         727.104    1001.396           0.000       0.000              55               0
  110       -1217.444   -1393.254           0.000       0.000             110               0
    3        1018.583      32.368           0.000       0.000               3               0
  242        -787.096   -1811.562           0.000       0.000             242               0
  173        -562.265    -269.696           0.000       0.000             173               0
  171         348.377     -47.275           0.000       0.000             171               0
   56       -1677.157    -776.820           0.000       0.000              56               0
  188         958.620     759.769           0.000       0.000             188               0
   68        1416.466    -443.284           0.000       0.000              68               0
  246         715.587   -1181.764           0.000       0.000             246               0
   84        -852.158    1483.579           0.000       0.000              84               0
  121         -55.166    1743.704           0.000       0.000             121               0
  133        1040.795   -1687.576           0.000       0.000             133               0
  122        -765.204      95.517           0.000       0.000             122               0
  235         513.826    -611.086           0.000       0.000             235               0
  254          96.078    -366.239           0.000       0.000             254               0
    4       -1704.867     202.471           0.000       0.000               4               0
   91        -304.130   -1243.414           0.000       0.000              91               0
  219        -698.311    1851.401           0.000       0.000             219               0
  185         169.018    -606.505           0.000       0.000             185               0
   41       -1094.075    -701.598           0.000       0.000              41               0
   90         766.431    1195.153           0.000       0.000              90               0
  127         377.440   -2248.131           0.000       0.000             127               0
  115        -689.322    -541.889           0.000       0.000             115               0
   86        -140.024      78.355           0.000       0.000              86               0
  140        -190.999     519.564           0.000       0.000             140               0
  232       -1664.755    -248.513           0.000       0.000             232               0
   13        1474.912   -1846.377           0.000       0.000              13               0
   68        -798.667    1737.746           0.000       0.000              68               0
   50        2078.415     747.357           0.000       0.000              50               0
   66        -868.899    -731.104           0.000       0.000              66               0
   81        1242.712     916.001           0.000       0.000              81               0
   15        -776.028    1489.797           0.000       0.000              15               0
  182        1519.189    -122.552           0.000       0.000             182               0
  186       -1106.027      76.640           0.000       0.000             186               0
  119        1287.695     -77.479           0.000       0.000             119               0
  216        2103.214    1289.879           0.000       0.000             216               0
   18         466.861      98.991           0.000       0.000              18               0
   46        -565.654     407.382           0.000       0.000              46               0
  203        -928.277    1236.417           0.000       0.000             203               0
  210       -2284.282   -2402.324           0.000       0.000             210               0
  254        -180.438    1584.479           0.000       0.000             254               0
  157        -679.806    -632.460           0.000       0.000             157               0
  126         772.528     701.863           0.000       0.000             126               0
    1        1776.128    -598.993           0.000       0.000               1               0
   10        2298.927     506.057           0.000       0.000              10               0
  187        1041.235   -2358.228           0.000       0.000             187               0
  139        -493.181     215.834           0.000       0.000             139               0
  198       -2666.944     439.044           0.000       0.000             198               0
  211        3056.558   -1512.361           0.000       0.000             211               0
   44         462.396     671.285           0.000       0.000              44               0
  160       -1875.688     369.044           0.000       0.000             160               0
   79          61.192    1343.889           0.000       0.000              79               0
   45        1659.112     154.047           0.000       0.000              45               0
  168        -212.818      43.889           0.000       0.000             168               0
  252          85.263     844.178           0.000       0.000             252               0
  241        2099.421     336.686           0.000       0.000             241               0
