SINAL     NFT                         FFT                         NFT INVERSA     FFT INVERSA
-----     -----------------------     -----------------------     -----------     -----------
  135       65429.000       0.000           0.000       0.000             135               0
   42        -177.276     575.823           0.000      -0.000              42               0
  162         957.198    -331.411           0.000       0.000             162               0
  253         673.732     744.335           0.000      -0.000             253               0
  236        1392.125   -2019.592           0.000       0.000             236               0
   94         305.654   -1085.824           0.000      -0.000              94               0
  107         326.458    -476.541           0.000       0.000             107               0
  226        -868.866     168.249           0.000      -0.000             226               0
   13         115.898     180.314           0.000       0.000              13               0
  240           7.528     142.708           0.000      -0.000             240               0
  228         -19.541     508.649           0.000       0.000             228               0
   38        -350.975    -385.795           0.000      -0.000              38               0
  140        1038.938     708.447           0.000       0.000             140               0
   12        -530.459    1536.375           0.000      -0.000              12               0
  255       -1895.277   -1136.898           0.000       0.000             255               0
  240        -757.193   -1084.790           0.000      -0.000             240               0
  163        1255.749     818.629           0.000       0.000             163               0
   96       -1730.597     428.934           0.000      -0.000              96               0
   90         130.380    -297.787           0.000       0.000              90               0
  107        1315.101     473.746           0.000      -0.000             107               0
  177       -1605.795   -1267.237           0.000       0.000             177               0
   32         443.070   -1928.301           0.000      -0.000              32               0
  213        -474.573     284.284           0.000       0.000             213               0
  116        1916.895    -648.782           0.000      -0.000             116               0
  107       -1574.185    -686.059           0.000       0.000             107               0
  248        -488.523    -912.438           0.000      -0.000             248               0
  235        -777.693     585.217           0.000       0.000             235               0
  235       -1491.170    -250.557           0.000      -0.000             235               0
    4        1494.903     903.618           0.000       0.000               4               0
   22       -1052.012   -1310.689           0.000      -0.000              22               0
  248        -228.108    1158.914           0.000       0.000             248               0
  202        -482.345    -183.018           0.000      -0.000             202               0
  109        2130.707   -2286.137           0.000       0.000             109               0
   70        -943.578    -695.701           0.000      -0.000              70               0
  248        -430.499    -396.917           0.000       0.000             248               0
  145        1439.040    1719.121           0.000      -0.000             145               0
  236       -2310.432   -1031.858           0.000       0.000             236               0
  163         836.242     257.715           0.000      -0.000             163               0
    3        -692.851    -772.647           0.000       0.000               3               0
   65         833.459     503.332           0.000      -0.000              65               0
  212        -493.012    -749.311           0.000       0.000             212               0
   73       -1523.115    -599.489           0.000      -0.000              73               0
   58         792.032   -1234.061           0.000       0.000              58               0
   61         904.459    1872.405           0.000      -0.000              61               0
   86        1540.202   -2760.970           0.000       0.000              86               0
  222         265.714     900.871           0.000      -0.000             222               0
  226       -1300.822     222.542           0.000       0.000             226               0
  255        1162.910   -2614.053           0.000      -0.000             255               0
   24         639.907   -1954.414           0.000       0.000              24               0
   34        -395.252     583.795           0.000      -0.000              34               0
  208       -1866.328      49.401           0.000       0.000             208               0
   92        3133.304     554.225           0.000      -0.000              92               0
  186       -2743.667    1668.850           0.000       0.000             186               0
  179       -1188.114    -286.263           0.000      -0.000             179               0
  170        -289.236    1293.212           0.000       0.000             170               0
  101       -2386.447    1895.063           0.000      -0.000             101               0
  227         191.532    2319.256           0.000       0.000             227               0
   16         873.122   -1388.521           0.000      -0.000              16               0
    2       -1794.029     221.686           0.000       0.000               2               0
  183        -501.145     748.569           0.000      -0.000             183               0
   87         697.656   -1617.484           0.000       0.000              87               0
   64       -1134.069    -256.211           0.000      -0.000              64               0
  154         473.743   -1336.239           0.000       0.000             154               0
  157       -1347.924     764.323           0.000      -0.000             157               0
    4        -329.016      39.402           0.000       0.000               4               0
   31         189.519     -18.934           0.000      -0.000              31               0
   42        -570.334    -561.310           0.000       0.000              42               0
  251         234.086    -420.998           0.000      -0.000             251               0
  217        2211.260   -1902.902           0.000       0.000             217               0
   12         309.698     383.920           0.000      -0.000              12               0
  130        -185.550    -587.977           0.000       0.000             130               0
   59       -2226.305   -1340.581           0.000      -0.000              59               0
  172         904.032     909.274           0.000       0.000             172               0
   65       -1429.757   -1021.137           0.000      -0.000              65               0
  128       -2417.893    2251.711           0.000       0.000             128               0
    7        1298.210     988.494           0.000      -0.000               7               0
  103         262.027    -242.237           0.000       0.000             103               0
  113       -2492.616    -265.899           0.000      -0.000             113               0
   53        -603.972    -217.009           0.000       0.000              53               0
  167       -2021.770   -1610.649           0.000      -0.000             167               0
  100        -564.607   -1694.145           0.000       0.000             100               0
  140       -1974.974   -1613.005           0.000      -0.000             140               0
  176         669.076     -84.603           0.000       0.000             176               0
   58        -840.653   -1249.322           0.000      -0.000              58               0
  219        -528.040   -1682.148           0.000       0.000             219               0
   71        -833.342     241.552           0.000      -0.000              71               0
   50         223.351    1680.046           0.000       0.000              50               0
  167        -409.672   -2015.511           0.000      -0.000             167               0
   66       -2349.358   -1808.095           0.000       0.000              66               0
  109       -1229.195     528.687           0.000      -0.000             109               0
  237        1771.738     304.114           0.000       0.000             237               0
  102       -1135.280     685.602           0.000      -0.000             102               0
   44         483.298   -2519.559           0.000       0.000              44               0
   53        -663.012   -1094.432           0.000      -0.000              53               0
  229       -1741.444    -419.367           0.000       0.000             229               0
  101         350.458    1164.741           0.000      -0.000             101               0
   29         528.972    1321.368           0.000       0.000              29               0
  179         411.080     580.688           0.000      -0.000             179               0
   53        2639.379    2401.281           0.000       0.000              53               0
   85        1248.503    2208.915           0.000      -0.000              85               0
  152        1394.641     419.165           0.000       0.000             152               0
  128        3252.484    -733.876           0.000      -0.000             128               0
  149         -53.786     304.731           0.000       0.000             149               0
  108        1188.206     431.110           0.000      -0.000             108               0
   11        -281.302    -590.625           0.000       0.000              11               0
   33        -552.396     -51.326           0.000      -0.000              33               0
  121         693.402   -1989.743           0.000       0.000             121               0
  224       -1359.470     741.320           0.000      -0.000             224               0
  193        1278.268     102.949           0.000       0.000             193               0
   87       -1441.739      79.787           0.000      -0.000              87               0
  140       -1044.527    1797.707           0.000       0.000             140               0
  251          18.937    -629.136           0.000      -0.000             251               0
   98         524.950    1512.973           0.000       0.000              98               0
  220         453.240    1441.646           0.000      -0.000             220               0
   50         539.989     800.982           0.000       0.000              50               0
  127         670.047    -583.212           0.000      -0.000             127               0
   58        -108.231    -180.732           0.000       0.000              58               0
  252       -2019.139    -730.285           0.000      -0.000             252               0
  106        -955.633   -1157.009           0.000       0.000             106               0
  237        -729.319    -116.433           0.000      -0.000             237               0
  157         829.502     781.919           0.000       0.000             157               0
   37        1499.737   -3484.160           0.000      -0.000              37               0
   10        -383.778    -406.269           0.000       0.000              10               0
  162         230.978   -1004.414           0.000      -0.000             162               0
  111        1453.423    1304.528           0.000       0.000             111               0
   31        -717.075     116.479           0.000      -0.000              31               0
   32       -2187.998    -300.829           0.000       0.000              32               0
  147       -1162.592    1949.023           0.000      -0.000             147               0
  251        -800.947     593.924           0.000       0.000             251               0
  235         253.424     597.209           0.000      -0.000             235               0
  230         343.778    -809.383           0.000       0.000             230               0
  178        2625.062     622.662           0.000      -0.000             178               0
  164         525.530    2135.964           0.000       0.000             164               0
   91       -1045.518     574.371           0.000      -0.000              91               0
   80        -934.240     712.337           0.000       0.000              80               0
  180        1071.258    1247.063           0.000      -0.000             180               0
  180         -39.047     224.145           0.000       0.000             180               0
  111        1374.629     711.256           0.000      -0.000             111               0
   66         664.007   -1734.899           0.000       0.000              66               0
   21        2024.048     229.263           0.000      -0.000              21               0
   17         588.440    1852.930           0.000       0.000              17               0
  221        -214.921    1396.092           0.000      -0.000             221               0
  115       -2229.425    -816.138           0.000       0.000             115               0
  206        -137.529    -439.347           0.000      -0.000             206               0
  227        -359.088    -952.368           0.000       0.000             227               0
  101        -499.204     870.866           0.000      -0.000             101               0
   16         476.856    -987.036           0.000       0.000              16               0
   89         552.842     734.463           0.000      -0.000              89               0
  229       -1685.873    -794.752           0.000       0.000             229               0
   71        1481.873   -1244.855           0.000      -0.000              71               0
  140         -20.503    -708.208           0.000       0.000             140               0
  103         246.769    2878.417           0.000      -0.000             103               0
   56         112.754     812.590           0.000       0.000              56               0
  205        2777.415    1068.704           0.000      -0.000             205               0
  130        1754.276   -1258.571           0.000       0.000             130               0
  176         542.444   -1585.677           0.000      -0.000             176               0
   94        2020.405    -495.240           0.000       0.000              94               0
  229        2951.918    1245.418           0.000      -0.000             229               0
   16        -236.833    1190.399           0.000       0.000              16               0
   30        -349.575      26.734           0.000      -0.000              30               0
  229        -722.669    -218.761           0.000       0.000             229               0
  160       -1025.589     711.819           0.000      -0.000             160               0
  208       -1291.374    2081.921           0.000       0.000             208               0
  237         194.442     678.408           0.000      -0.000             237               0
  173        2849.534    -803.994           0.000       0.000             173               0
  148        -978.362     548.271           0.000      -0.000             148               0
  221         973.768     869.438           0.000       0.000             221               0
    4         174.755   -2114.611           0.000      -0.000               4               0
   46         -55.926   -2500.659           0.000       0.000              46               0
   51         728.590     114.491           0.000      -0.000              51               0
   96        1976.051    -200.091           0.000       0.000              96               0
  123         346.930    -201.523           0.000      -0.000             123               0
  164       -1120.508     457.234           0.000       0.000             164               0
   76         462.468    1206.653           0.000      -0.000              76               0
   26       -1292.892    -355.166           0.000       0.000              26               0
  228        -115.284   -1987.400           0.000      -0.000             228               0
   25        2291.947   -1768.217           0.000       0.000              25               0
  201        -144.068   -1019.935           0.000      -0.000             201               0
  121       -1256.377     646.275           0.000       0.000             121               0
  185        1738.168     422.808           0.000      -0.000             185               0
   75       -1424.919    1523.931           0.000       0.000              75               0
  109        3047.154     144.951           0.000      -0.000             109               0
  220         237.924    1473.990           0.000       0.000             220               0
  156         290.566    -913.518           0.000      -0.000             156               0
  198        1434.143     395.252           0.000       0.000             198               0
   33       -1545.314     784.739           0.000      -0.000              33               0
   46       -1801.789   -1077.807           0.000       0.000              46               0
   39       -2220.432   -1522.221           0.000      -0.000              39               0
   49          13.031     128.279           0.000       0.000              49               0
  241         671.797    -840.725           0.000      -0.000             241               0
  237       -1019.426    -379.522           0.000       0.000             237               0
  135        -605.900   -1232.980           0.000      -0.000             135               0
  113         313.072    -350.356           0.000       0.000             113               0
  146         -21.047    1699.336           0.000      -0.000             146               0
   47        -986.224    1467.707           0.000       0.000              47               0
   93        -470.440    -793.098           0.000      -0.000              93               0
   74        -133.938      -1.784           0.000       0.000              74               0
  146       -1848.693     123.930           0.000      -0.000             146               0
  222       -1833.176    -602.403           0.000       0.000             222               0
  193         394.796     548.209           0.000      -0.000             193               0
  242         278.730    1205.181           0.000       0.000             242               0
   37         664.577     259.508           0.000      -0.000              37               0
   44       -1284.697    1276.823           0.000       0.000              44               0
   55       -1678.570     428.611           0.000      -0.000              55               0
  254         278.325    1880.467           0.000       0.000             254               0
   31         609.076    1366.042           0.000      -0.000              31               0
  148        1202.017     561.989           0.000       0.000             148               0
   98         553.853    -397.956           0.000      -0.000              98               0
   40        2766.977     786.724           0.000       0.000              40               0
  235       -1303.091   -1020.746           0.000      -0.000             235               0
    2         304.626     956.274           0.000       0.000               2               0
   66         474.783     888.210           0.000      -0.000              66               0
  102          21.735   -1045.988           0.000       0.000             102               0
  215         530.573     775.788           0.000      -0.000             215               0
   14         571.381    -281.342           0.000       0.000              14               0
   18        -948.888   -1091.346           0.000      -0.000              18               0
   24        -257.033    -438.820           0.000       0.000              24               0
  152        -797.527     150.382           0.000      -0.000             152               0
  252        2354.049   -1920.978           0.000       0.000             252               0
  150        1656.523     276.148           0.000      -0.000             150               0
  178         831.897     508.448           0.000       0.000             178               0
   85         565.954     192.498           0.000      -0.000              85               0
  203        1037.977    1016.794           0.000       0.000             203               0
  110        -979.237     249.660           0.000      -0.000             110               0
  237       -1241.091     653.620           0.000       0.000             237               0
   23         110.556     819.433           0.000      -0.000              23               0
  165        1341.644     369.034           0.000       0.000             165               0
   18        -662.957    -747.736           0.000      -0.000              18               0
  110        3702.227     239.886           0.000       0.000             110               0
  104         969.999   -3502.719           0.000      -0.000             104               0
   25       -1988.837    2139.314           0.000       0.000              25               0
  135          56.295   -1248.936           0.000      -0.000             135               0
   74        -655.905   -1790.825           0.000       0.000              74               0
  251         528.701     693.852           0.000      -0.000             251               0
  110       -1779.295    -677.747           0.000       0.000             110               0
  210        1034.937     401.777           0.000      -0.000             210               0
   12        -174.570    -700.237           0.000       0.000              12               0
  180        -211.812   -1125.555           0.000      -0.000             180               0
   62        1716.942    -499.547           0.000       0.000              62               0
  102       -2610.485     715.050           0.000      -0.000             102               0
   70        1868.309     504.984           0.000       0.000              70               0
  137        -970.464   -1066.257           0.000      -0.000             137               0
  139         516.039     -58.863           0.000       0.000             139               0
  189         147.024      42.743           0.000      -0.000             189               0
   95         873.155    2430.635           0.000       0.000              95               0
   28       -2079.945    -778.350           0.000      -0.000              28               0
  163          82.651    -389.490           0.000       0.000             163               0
  255       -1399.141   -1316.970           0.000      -0.000             255               0
   85         991.342    1911.586           0.000       0.000              85               0
  194        -794.739      98.780           0.000      -0.000             194               0
  243        1183.051   -1374.663           0.000       0.000             243               0
  194         118.081     264.450           0.000      -0.000             194               0
   36        -539.936    -351.142           0.000       0.000              36               0
   59         630.564    2396.147           0.000      -0.000              59               0
  152         -53.143    -120.171           0.000       0.000             152               0
   96        2034.083    -646.509           0.000      -0.000              96               0
  183        -147.000      -0.038           0.000       0.000             183               0
  102        2033.783     647.044           0.000       0.000             102               0
  239         -53.419     119.805           0.000       0.000             239               0
    1         631.172   -2395.984           0.000       0.000               1               0
  198        -540.194     351.154           0.000       0.000             198               0
  220         118.180    -264.284           0.000       0.000             220               0
  156        1182.421    1375.022           0.000       0.000             156               0
  159        -794.882     -99.322           0.000       0.000             159               0
  160         991.772   -1911.180           0.000       0.000             160               0
   53       -1399.784    1316.668           0.000       0.000              53               0
   70          82.421     389.409           0.000       0.000              70               0
   56       -2080.093     777.337           0.000       0.000              56               0
  192         874.216   -2430.445           0.000       0.000             192               0
  196         147.084     -42.461           0.000       0.000             196               0
  100         515.971      59.207           0.000       0.000             100               0
  227        -970.746    1065.924           0.000       0.000             227               0
  189        1868.374    -504.454           0.000       0.000             189               0
  254       -2610.224    -715.783           0.000       0.000             254               0
  155        1716.967     500.347           0.000       0.000             155               0
  248        -212.271    1125.536           0.000       0.000             248               0
    1        -174.758     700.046           0.000       0.000               1               0
   73        1034.943    -401.488           0.000       0.000              73               0
   69       -1779.556     677.126           0.000       0.000              69               0
   11         529.055    -693.584           0.000       0.000              11               0
  100        -656.446    1790.677           0.000       0.000             100               0
  239          55.952    1248.624           0.000       0.000             239               0
    9       -1987.757   -2139.943           0.000       0.000               9               0
  185         969.488    3503.020           0.000       0.000             185               0
   69        3702.348    -239.075           0.000       0.000              69               0
  145        -663.407     747.157           0.000       0.000             145               0
   45        1341.680    -369.001           0.000       0.000              45               0
  132         110.555    -819.670           0.000       0.000             132               0
  123       -1240.951    -654.175           0.000       0.000             123               0
  248        -978.867    -250.121           0.000       0.000             248               0
  229        1038.622   -1016.496           0.000       0.000             229               0
  254         566.183    -192.269           0.000       0.000             254               0
  212         832.242    -508.097           0.000       0.000             212               0
  238        1656.674    -275.364           0.000       0.000             238               0
  134        2353.049    1921.783           0.000       0.000             134               0
  151        -797.907    -150.813           0.000       0.000             151               0
   73        -257.361     438.680           0.000       0.000              73               0
  115        -949.238    1090.828           0.000       0.000             115               0
   33         571.388     281.180           0.000       0.000              33               0
   50         530.793    -775.812           0.000       0.000              50               0
   74          21.346    1045.738           0.000       0.000              74               0
  182         475.048    -888.397           0.000       0.000             182               0
   88         304.835    -956.241           0.000       0.000              88               0
  224       -1303.238    1020.147           0.000       0.000             224               0
   13        2767.357    -786.059           0.000       0.000              13               0
  216         553.491     397.877           0.000       0.000             216               0
  198        1201.936    -561.987           0.000       0.000             198               0
  100         609.117   -1366.145           0.000       0.000             100               0
  159         278.427   -1880.417           0.000       0.000             159               0
  225       -1678.797    -429.135           0.000       0.000             225               0
   91       -1284.251   -1277.200           0.000       0.000              91               0
   43         664.677    -259.209           0.000       0.000              43               0
  117         278.932   -1204.976           0.000       0.000             117               0
  140         394.577    -547.805           0.000       0.000             140               0
  225       -1833.722     601.954           0.000       0.000             225               0
   60       -1848.604    -124.504           0.000       0.000              60               0
   71        -133.814       1.807           0.000       0.000              71               0
  163        -470.699     792.814           0.000       0.000             163               0
  242        -985.630   -1468.169           0.000       0.000             242               0
  147         -20.324   -1699.052           0.000       0.000             147               0
  255         312.950     350.909           0.000       0.000             255               0
   79        -606.375    1232.985           0.000       0.000              79               0
  157       -1019.433     379.249           0.000       0.000             157               0
  139         671.584     840.958           0.000       0.000             139               0
  116          12.851    -128.222           0.000       0.000             116               0
  119       -2221.020    1521.473           0.000       0.000             119               0
   29       -1801.844    1076.883           0.000       0.000              29               0
   17       -1544.411    -785.543           0.000       0.000              17               0
   33        1434.835    -394.829           0.000       0.000              33               0
  248         290.564     913.404           0.000       0.000             248               0
   99         238.836   -1474.108           0.000       0.000              99               0
  222        3047.231    -143.990           0.000       0.000             222               0
  129       -1424.463   -1524.359           0.000       0.000             129               0
   34        1738.334    -421.987           0.000       0.000              34               0
  236       -1256.182    -646.332           0.000       0.000             236               0
   53        -144.074    1020.284           0.000       0.000              53               0
   10        2291.407    1769.128           0.000       0.000              10               0
   86        -116.200    1987.133           0.000       0.000              86               0
   57       -1292.968     354.289           0.000       0.000              57               0
  179         463.009   -1206.725           0.000       0.000             179               0
  250       -1120.133    -457.564           0.000       0.000             250               0
  176         347.305     201.714           0.000       0.000             176               0
  231        1976.173     200.802           0.000       0.000             231               0
  122         728.544    -114.047           0.000       0.000             122               0
  205         -56.782    2500.684           0.000       0.000             205               0
   47         174.148    2114.156           0.000       0.000              47               0
  108         974.060    -869.661           0.000       0.000             108               0
   93        -978.007    -548.832           0.000       0.000              93               0
  217        2849.288     804.619           0.000       0.000             217               0
  182         194.263    -678.825           0.000       0.000             182               0
  160       -1290.866   -2082.537           0.000       0.000             160               0
  252       -1025.245    -712.067           0.000       0.000             252               0
  222        -722.461     218.528           0.000       0.000             222               0
  128        -349.155     -27.011           0.000       0.000             128               0
   73        -235.798   -1190.571           0.000       0.000              73               0
  207        2952.794   -1244.223           0.000       0.000             207               0
   62        2020.228     496.219           0.000       0.000              62               0
   20         541.921    1585.878           0.000       0.000              20               0
   31        1753.926    1258.777           0.000       0.000              31               0
    0        2777.461   -1068.184           0.000       0.000              -0               0
   77         112.559    -812.802           0.000       0.000              77               0
  114         247.444   -2878.154           0.000       0.000             114               0
  204         -20.911     708.640           0.000       0.000             204               0
   66        1481.110    1245.447           0.000       0.000              66               0
   67       -1686.399     794.019           0.000       0.000              67               0
  112         553.062    -734.363           0.000       0.000             112               0
   28         476.306     987.104           0.000       0.000              28               0
   18        -499.135    -871.111           0.000       0.000              18               0
   95        -359.532     952.221           0.000       0.000              95               0
  199        -137.856     439.094           0.000       0.000             199               0
   63       -2229.615     814.984           0.000       0.000              63               0
  230        -214.037   -1396.575           0.000       0.000             230               0
  115         589.451   -1852.741           0.000       0.000             115               0
  113        2024.250    -228.362           0.000       0.000             113               0
   66         663.353    1735.007           0.000       0.000              66               0
  218        1374.693    -711.123           0.000       0.000             218               0
  223         -39.177    -224.414           0.000       0.000             223               0
    0        1071.409   -1246.896           0.000       0.000              -0               0
  168        -934.270    -712.725           0.000       0.000             168               0
  245       -1045.234    -574.859           0.000       0.000             245               0
   88         526.511   -2135.732           0.000       0.000              88               0
  160        2625.152    -621.472           0.000       0.000             160               0
  135         343.067     809.596           0.000       0.000             135               0
   67         253.186    -597.196           0.000       0.000              67               0
  254        -801.158    -594.229           0.000       0.000             254               0
   81       -1162.207   -1949.203           0.000       0.000              81               0
  106       -2188.037     300.423           0.000       0.000             106               0
  243        -716.641    -116.570           0.000       0.000             243               0
   65        1454.060   -1303.685           0.000       0.000              65               0
   10         230.583    1004.931           0.000       0.000              10               0
  158        -383.835     406.522           0.000       0.000             158               0
  200        1498.567    3484.616           0.000       0.000             200               0
  221         829.428    -781.928           0.000       0.000             221               0
   67        -729.710     116.229           0.000       0.000              67               0
  135        -956.222    1156.644           0.000       0.000             135               0
   72       -2019.266     729.382           0.000       0.000              72               0
  104        -107.946     180.438           0.000       0.000             104               0
  111         670.054     583.079           0.000       0.000             111               0
  208         540.310    -801.206           0.000       0.000             208               0
   28         453.701   -1441.696           0.000       0.000              28               0
  116         525.335   -1512.704           0.000       0.000             116               0
    5          18.509     629.155           0.000       0.000               5               0
  195       -1044.051   -1798.027           0.000       0.000             195               0
  109       -1441.500     -80.047           0.000       0.000             109               0
  150        1278.432    -102.390           0.000       0.000             150               0
   82       -1359.129    -741.491           0.000       0.000              82               0
  221         692.931    1990.101           0.000       0.000             221               0
  157        -552.265      51.009           0.000       0.000             157               0
   75        -281.141     590.375           0.000       0.000              75               0
  153        1188.664    -430.889           0.000       0.000             153               0
   83         -53.297    -304.809           0.000       0.000              83               0
   91        3252.455     734.764           0.000       0.000              91               0
   39        1394.626    -419.116           0.000       0.000              39               0
  172        1249.126   -2208.745           0.000       0.000             172               0
  109        2639.804   -2400.216           0.000       0.000             109               0
  112         410.702    -580.241           0.000       0.000             112               0
  215         528.910   -1320.876           0.000       0.000             215               0
  239         350.237   -1164.070           0.000       0.000             239               0
  107       -1742.011     419.408           0.000       0.000             107               0
  167        -663.488    1094.691           0.000       0.000             167               0
  224         482.243    2519.762           0.000       0.000             224               0
  205       -1135.195    -686.096           0.000       0.000             205               0
  182        1771.521    -303.369           0.000       0.000             182               0
  124       -1229.594    -528.721           0.000       0.000             124               0
   88       -2350.118    1807.637           0.000       0.000              88               0
  110        -410.270    2015.201           0.000       0.000             110               0
   94         223.801   -1680.051           0.000       0.000              94               0
  169        -833.434    -241.442           0.000       0.000             169               0
  157        -528.716    1682.263           0.000       0.000             157               0
   13        -841.120    1249.059           0.000       0.000              13               0
  244         668.820      84.919           0.000       0.000             244               0
  193       -1975.757    1612.469           0.000       0.000             193               0
    0        -565.281    1693.859           0.000       0.000               0               0
   98       -2022.330    1609.642           0.000       0.000              98               0
  148        -603.990     216.418           0.000       0.000             148               0
   21       -2492.452     264.749           0.000       0.000              21               0
   85         262.363     241.946           0.000       0.000              85               0
  229        1298.462    -988.403           0.000       0.000             229               0
  162       -2417.230   -2252.419           0.000       0.000             162               0
   45       -1429.731    1020.850           0.000       0.000              45               0
  194         904.520    -908.821           0.000       0.000             194               0
   35       -2226.542    1340.004           0.000       0.000              35               0
  184        -185.232     587.852           0.000       0.000             184               0
  117         310.306    -383.729           0.000       0.000             117               0
   67        2210.767    1903.649           0.000       0.000              67               0
  196         233.771     420.865           0.000       0.000             196               0
  141        -570.571     560.910           0.000       0.000             141               0
   25         189.497      18.784           0.000       0.000              25               0
   58        -329.099     -39.678           0.000       0.000              58               0
  254       -1347.580    -764.747           0.000       0.000             254               0
  180         473.396    1336.408           0.000       0.000             180               0
  115       -1134.052     255.705           0.000       0.000             115               0
   94         697.199    1617.405           0.000       0.000              94               0
  244        -500.993    -749.126           0.000       0.000             244               0
  129       -1793.776    -222.460           0.000       0.000             129               0
   23         872.862    1388.346           0.000       0.000              23               0
  144         192.144   -2319.689           0.000       0.000             144               0
   99       -2385.784   -1895.906           0.000       0.000              99               0
  155        -288.575   -1293.117           0.000       0.000             155               0
    6       -1188.056     285.953           0.000       0.000               6               0
  101       -2742.458   -1669.659           0.000       0.000             101               0
  253        3133.912    -552.838           0.000       0.000             253               0
   43       -1866.209     -49.700           0.000       0.000              43               0
  237        -394.564    -583.451           0.000       0.000             237               0
  108         639.689    1955.065           0.000       0.000             108               0
   90        1162.180    2614.337           0.000       0.000              90               0
  141       -1300.529    -223.261           0.000       0.000             141               0
  133         266.499    -900.654           0.000       0.000             133               0
   38        1539.564    2761.391           0.000       0.000              38               0
  222         905.121   -1872.232           0.000       0.000             222               0
  237         791.466    1234.456           0.000       0.000             237               0
   54       -1523.336     598.905           0.000       0.000              54               0
  120        -492.967     748.976           0.000       0.000             120               0
    9         833.800    -503.152           0.000       0.000               9               0
   90        -692.975     772.350           0.000       0.000              90               0
  238         836.381    -257.515           0.000       0.000             238               0
   54       -2310.525    1030.905           0.000       0.000              54               0
   29        1439.972   -1718.685           0.000       0.000              29               0
   81        -430.513     397.008           0.000       0.000              81               0
  126        -943.404     695.559           0.000       0.000             126               0
  142        2130.172    2286.711           0.000       0.000             142               0
  114        -482.432     182.452           0.000       0.000             114               0
  228        -227.620   -1159.095           0.000       0.000             228               0
  107       -1052.164    1310.238           0.000       0.000             107               0
   76        1495.343    -903.273           0.000       0.000              76               0
   31       -1491.223     250.039           0.000       0.000              31               0
  122        -777.196    -585.411           0.000       0.000             122               0
    0        -488.501     912.377           0.000       0.000               0               0
  158       -1573.826     685.491           0.000       0.000             158               0
  252        1917.164     649.309           0.000       0.000             252               0
  117        -474.236    -284.425           0.000       0.000             117               0
  213         442.677    1928.406           0.000       0.000             213               0
  219       -1605.782    1266.299           0.000       0.000             219               0
   30        1315.740    -473.674           0.000       0.000              30               0
    5         130.460     297.561           0.000       0.000               5               0
  173       -1730.000    -429.773           0.000       0.000             173               0
  228        1256.495    -818.242           0.000       0.000             228               0
  152        -757.296    1084.498           0.000       0.000             152               0
  118       -1895.055    1135.858           0.000       0.000             118               0
   89        -529.028   -1536.902           0.000       0.000              89               0
  194        1039.954    -708.119           0.000       0.000             194               0
  228        -350.411     385.614           0.000       0.000             228               0
  226         -18.546    -508.758           0.000       0.000             226               0
  143           8.465    -142.732           0.000       0.000             143               0
   33         116.897    -180.278           0.000       0.000              33               0
   59        -867.629    -168.465           0.000       0.000              59               0
  132         327.757     476.762           0.000       0.000             132               0
  136         306.962    1085.948           0.000       0.000             136               0
  202        1393.343    2019.727           0.000       0.000             202               0
  125         676.301    -744.508           0.000       0.000             125               0
   40         960.470     331.474           0.000       0.000              40               0
   48        -170.227    -576.104           0.000       0.000              48               0
