SINAL     NFT                         FFT                         NFT INVERSA     FFT INVERSA
-----     -----------------------     -----------------------     -----------     -----------
  182       69252.000       0.000           0.000       0.000             182               1
  209       -2023.421    -796.449         -25.491      46.464             209               0
   75        -127.007    1061.511           0.000       0.000              75              -0
   92         -35.780     902.035        -132.137      51.904              92               0
  136          88.317    -297.059           0.000       0.000             136               0
  219         -25.024     933.390         131.966      62.353             219              -0
   12       -1128.957    1897.245           0.000       0.000              12              -0
  111        1415.982    2040.132         -29.212      39.897             111               0
  104          21.712   -1695.174           0.000       0.000             104               0
  122        -131.320      70.483          -3.084       5.020             122               0
  235        -834.113     664.773           0.000       0.000             235              -0
   47       -1562.745    -704.105         -36.714      12.379              47               0
   29        1131.469    1103.779           0.000       0.000              29               0
   58       -2004.798    1004.461          49.563      26.467              58              -0
   96        -309.326    -466.189           0.000       0.000              96              -0
   39        -981.899    1590.311          -8.324      20.451              39               0
  121        2490.831     334.240           0.000       0.000             121               0
   45        -880.921    1258.059          -1.763       2.578              45               0
   66         413.979    1151.125           0.000       0.000              66              -0
   93        -525.862   -1106.231         -21.614       6.124              93               0
  231        -739.333    -800.153           0.000       0.000             231               0
  105        3791.162    -483.746          29.892      17.901             105              -0
  224       -1519.064     366.612           0.000       0.000             224              -0
  245         182.151   -1979.403         -10.068      11.246             245               0
   24        1617.203    -765.654           0.000       0.000              24               0
   94          76.603    1027.144          -1.286       1.695              94               0
  222         111.920    -685.165           0.000       0.000             222              -0
  232         367.898   -1095.031         -15.439       3.567             232               0
  210        -622.578     612.531           0.000       0.000             210               0
   97        -793.752   -1846.475          21.037      14.045              97              -0
   74       -2459.252   -1543.166           0.000       0.000              74              -0
   51       -1018.198    -152.205          -3.515      10.018              51               0
  126        -214.128     457.940           0.000       0.000             126               0
  111        -346.229   -1450.443          -1.039       1.239             111               0
   98         146.969   -1193.373           0.000       0.000              98              -0
   67        -207.788    -106.010         -12.068       2.170              67               0
  137         404.600    1603.598           0.000       0.000             137               0
   51         472.910   -1148.428          15.981      11.843              51              -0
   93         757.274     275.994           0.000       0.000              93              -0
   25        -412.969   -1803.511          -6.600       6.056              25               0
  244         675.479    1107.570           0.000       0.000             244               0
   44        1436.123     706.095          -0.888       0.958              44               0
  197         389.958   -1278.703           0.000       0.000             197              -0
   43          74.144    -284.653          -9.937       1.288              43               0
   26         472.806    2498.672           0.000       0.000              26               0
  233        -711.769    2466.214          12.699      10.413             233              -0
  138       -1244.965    -712.397           0.000       0.000             138              -0
   72        1764.811      75.179          -3.928       5.957              72               0
   71         -38.551   -1962.049           0.000       0.000              71               0
  126        -461.029    -987.304          -0.785       0.768             126               0
  117        -356.168    1926.609           0.000       0.000             117              -0
   63          79.481   -1488.048          -8.461       0.676              63               0
   48         185.191      20.179           0.000       0.000              48               0
  182         253.496    -518.868          10.387       9.406             182              -0
  182         302.844    -487.547           0.000       0.000             182              -0
  209        2137.938    -893.271          -5.127       3.851             209               0
  248         641.161   -1517.314           0.000       0.000             248               0
   33        1703.103    2249.286          -0.710       0.630              33               0
  202         363.796    -859.232           0.000       0.000             202              -0
   34        -210.660     563.320          -7.375       0.226              34               0
  182         647.483    -693.665           0.000       0.000             182               0
  251           1.099    -462.061           8.662       8.656             251              -0
  167        -329.730    -173.782           0.000       0.000             167              -0
   32         357.451     337.087          -2.358       4.757              32               0
  212       -1282.234     -29.154           0.000       0.000             212               0
  122         266.281     775.168          -0.653       0.524             122               0
  190        1101.162    -183.831           0.000       0.000             190              -0
   74        -960.430    1253.610          -6.538      -0.120              74               0
  194         633.395    -669.601           0.000       0.000             194               0
  116        -576.386    -567.112           7.321       8.072             116              -0
  244       -1784.416   -1730.522           0.000       0.000             244              -0
   71         253.975    1061.715          -4.299       2.613              71               0
   64          30.917    1825.179           0.000       0.000              64               0
  121         882.555     794.203          -0.608       0.441             121               0
  115       -1505.948    -275.048           0.000       0.000             115              -0
  168        1198.543   -1816.923          -5.870      -0.397             168               0
  254        1171.516    -556.391           0.000       0.000             254               0
  202          12.670   -3370.207           6.244       7.603             202              -0
  188        1575.810    -768.861           0.000       0.000             188              -0
   56         645.070    -671.176          -3.061       3.098              56               0
  131         655.799     143.325           0.000       0.000             131               0
  174         501.391     656.981          -0.571       0.373             174               0
   45        -261.068     697.380           0.000       0.000              45              -0
  142       -3293.469    1085.120          -5.323      -0.623             142               0
  110        -462.154    -720.594           0.000       0.000             110               0
  137         805.116    -296.069           5.356       7.216             137              -0
   52       -2220.586    -392.899           0.000       0.000              52              -0
  200        -961.073     999.589          -3.761       1.807             200               0
  165        1298.742     174.732           0.000       0.000             165               0
    2        1347.609     -35.991          -0.541       0.316               2               0
  202        -240.398     -66.918           0.000       0.000             202              -0
  191        -488.985      99.403          -4.865      -0.813             191               0
   20        2962.252    2548.619           0.000       0.000              20               0
  160        2181.921    2131.806           4.607       6.890             160              -0
  141        -804.540    -310.341           0.000       0.000             141              -0
   89         232.161     458.976          -2.432       2.717              89               0
  110        -111.563    -397.525           0.000       0.000             110               0
  159        1334.049    -635.994          -0.514       0.268             159               0
  199        -917.909     884.043           0.000       0.000             199              -0
  138          41.766    1251.755          -4.473      -0.976             138               0
  156         609.403     409.310           0.000       0.000             156               0
   99        -960.943    -368.852           3.965       6.610              99              -0
   49        1488.999   -1084.338           0.000       0.000              49              -0
   14        2015.772     422.124          -3.376       1.232              14               0
  129         795.408    -823.246           0.000       0.000             129               0
  103       -3148.441    -288.135          -0.492       0.226             103               0
   43        -246.799     624.589           0.000       0.000              43              -0
    7         365.202    -249.764          -4.133      -1.116               7               0
  216        -454.030    -995.952           0.000       0.000             216               0
   50         664.437      13.383           3.406       6.367              50              -0
  201        1517.347    1395.444           0.000       0.000             201              -0
  235        1807.034     -54.844          -2.669       1.807             235               0
  102        1207.105    -264.976           0.000       0.000             102               0
   96        -222.579     759.318          -0.472       0.190              96               0
  116        1847.697    -675.330           0.000       0.000             116              -0
  180        -202.281   -1816.229          -3.834      -1.240             180               0
   96         388.349    -364.327           0.000       0.000              96               0
   10        1201.583   -1153.674           2.912       6.152              10              -0
   40        -176.453    -401.002           0.000       0.000              40              -0
  154        1133.319    -263.180          -3.083       0.792             154               0
   85       -1845.292   -1972.339           0.000       0.000              85               0
  244        2127.299     329.396          -0.455       0.157             244               0
  241        -561.579    -378.268           0.000       0.000             241              -0
  168        -433.020    1309.079          -3.567      -1.351             168               0
   53        1600.524    1155.690           0.000       0.000              53               0
  223       -1239.496   -1246.455           2.471       5.959             223              -0
  228         375.190      36.084           0.000       0.000             228              -0
  146         843.205    -463.478          -2.074       1.950             146               0
  169         851.262   -3466.856           0.000       0.000             169               0
  252        1315.105    1157.345          -0.439       0.128             252               0
   84        -125.448    1853.480           0.000       0.000              84              -0
   17         973.657    1182.363          -3.327      -1.450              17               0
  151       -1894.468     257.865           0.000       0.000             151               0
  201        -231.720    1414.880           2.073       5.786             201              -0
  248         924.129     900.212           0.000       0.000             248              -0
  121         433.718   -2678.998          -2.848       0.440             121               0
    8         852.205   -1278.970           0.000       0.000               8               0
  178        -271.486    1312.122          -0.425       0.101             178               0
  192         835.709    -161.179           0.000       0.000             192              -0
  204        -171.360    -944.569          -3.108      -1.541             204               0
  251       -1115.848     667.738           0.000       0.000             251               0
  159        -545.031     892.327           1.710       5.628             159              -0
  142        2453.921   -1127.394           0.000       0.000             142              -0
  155        -757.615    1328.101          -2.432       1.025             155               0
  224       -1695.729    -390.706           0.000       0.000             224               0
  219       -1568.646    -562.583          -0.411       0.077             219               0
    5        -138.479    1730.382           0.000       0.000               5              -0
   25        1230.220   -1259.601          -2.908      -1.624              25               0
  249         678.910    -638.598           0.000       0.000             249               0
  248       -1670.440     190.192           1.375       5.482             248              -0
  221       -2474.979     155.223           0.000       0.000             221              -0
   10         926.538    1475.335          -2.651       0.147              10               0
  207         591.643     120.055           0.000       0.000             207               0
  194        -752.262    -334.047          -0.399       0.055             194               0
   84         223.069   -1448.921           0.000       0.000              84              -0
   37         830.350     369.563          -2.723      -1.701              37               0
  235       -1154.848     132.471           0.000       0.000             235               0
   68        1661.138    -165.823           1.066       5.347              68              -0
  249        1223.775   -1168.449           0.000       0.000             249              -0
   57        1437.538     132.073          -2.185       1.050              57               0
  224        1561.764   -1935.440           0.000       0.000             224               0
  198        -565.858   -1209.172          -0.388       0.034             198               0
  167        -385.833     894.049           0.000       0.000             167              -0
  187         -13.946    -763.227          -2.550      -1.772             187               0
  243        -937.531     626.833           0.000       0.000             243               0
   79        -308.030    -613.435           0.777       5.221              79              -0
   68         367.004     881.197           0.000       0.000              68              -0
  127       -2160.347    1025.988          -2.482      -0.107             127               0
   16        -536.610    -920.268           0.000       0.000              16               0
  252        -546.259     -40.353          -0.377       0.014             252               0
  115       -1499.219    -973.244           0.000       0.000             115              -0
  224        -717.710     496.575          -2.387      -1.840             224               0
   90        -243.609   -2464.214           0.000       0.000              90               0
  198       -3580.531     477.793           0.505       5.103             198              -0
  132         -64.002     256.840           0.000       0.000             132              -0
   91         421.358    -148.870          -2.262       0.464              91               0
  137         757.270     701.190           0.000       0.000             137               0
  196       -1331.254    -818.287          -0.368      -0.004             196               0
   21       -1013.884   -2526.201           0.000       0.000              21              -0
  109         842.560     658.510          -2.234      -1.903             109               0
  122         101.012    -326.377           0.000       0.000             122               0
   49        1290.289      36.750           0.247       4.991              49              -0
  206        2930.003     589.136           0.000       0.000             206              -0
   45        -532.613    1240.459          -2.332      -0.331              45               0
   43        -600.173     240.638           0.000       0.000              43               0
  139          79.799   -2137.547          -0.358      -0.022             139               0
  177        1582.184    -753.400           0.000       0.000             177              -0
   25        -560.346     639.975          -2.088      -1.964              25               0
  201         588.158     -63.956           0.000       0.000             201               0
  180       -2015.487    1061.518           0.002       4.884             180              -0
   65        -100.406     797.187           0.000       0.000              65              -0
   55        2294.207    1479.823          -2.058       0.694              55               0
  131        -621.867     -91.169           0.000       0.000             131               0
  198        -338.672    3016.999          -0.349      -0.038             198              -0
  253         631.204    -664.106           0.000       0.000             253              -0
  237         -27.340    -326.691          -1.948      -2.021             237               0
  201        -905.740    -715.853           0.000       0.000             201               0
  225        -771.786    2152.099          -0.233       4.782             225              -0
  195        1018.121    -833.832           0.000       0.000             195              -0
  188       -2042.313    1169.960          -2.196      -0.536             188               0
   85         189.807    -202.363           0.000       0.000              85               0
   72       -1694.131    1107.150          -0.340      -0.054              72              -0
  239         266.670    -433.383           0.000       0.000             239              -0
  234        1836.713     -78.772          -1.814      -2.077             234               0
   50        2768.918    -577.051           0.000       0.000              50               0
  137         925.743     348.409          -0.459       4.683             137              -0
  190       -1489.375   -1916.296           0.000       0.000             190              -0
  117         216.828   -1013.934          -2.125       0.013             117               0
    7         365.623     414.325           0.000       0.000               7               0
   61        1272.658     541.228          -0.332      -0.070              61              -0
  115        -861.868   -1184.087           0.000       0.000             115              -0
  189        2048.137    -804.538          -1.684      -2.131             189               0
  226        -164.942     981.738           0.000       0.000             226               0
   82        -207.138     804.057          -0.679       4.588              82              -0
  207       -1988.447     128.523           0.000       0.000             207              -0
  254         354.012     851.408          -2.069      -0.726             254               0
  142       -1642.655    -939.389           0.000       0.000             142               0
  175        1657.026     441.383          -0.324      -0.085             175              -0
  136        -371.990   -1402.693           0.000       0.000             136              -0
   72        1122.080    -610.966          -1.558      -2.183              72               0
  233        1045.074    -795.873           0.000       0.000             233               0
  169         905.776     853.101          -0.892       4.495             169              -0
  161         468.398    -299.290           0.000       0.000             161              -0
  222        -503.402    1106.878          -2.046       0.113             222               0
  228        -392.098    -292.260           0.000       0.000             228               0
  143       -1457.313     825.329          -0.316      -0.100             143              -0
  181        -823.669    -550.450           0.000       0.000             181              -0
  186         286.714     748.782          -1.434      -2.234             186               0
  203         618.508    -483.634           0.000       0.000             203               0
   43          82.521     339.364          -1.101       4.404              43              -0
   95       -1210.350     566.155           0.000       0.000              95              -0
  170        -808.514   -3386.076          -1.948      -0.907             170               0
   74        1426.187    -773.638           0.000       0.000              74               0
  187         181.421    -627.980          -0.308      -0.114             187              -0
   94         -10.734   -1264.487           0.000       0.000              94              -0
   29       -2605.298    -152.020          -1.313      -2.285              29               0
  169       -1063.846     882.543           0.000       0.000             169               0
   12         -87.787   -2710.287          -1.307       4.314              12              -0
  200         -54.998     702.210           0.000       0.000             200              -0
    0       -1030.301    2821.485          -2.004      -0.386              -0               0
  124         241.487    -269.082           0.000       0.000             124               0
  220       -1657.374    -509.047          -0.300      -0.128             220              -0
  137         760.480   -1275.517           0.000       0.000             137              -0
  133         -85.370   -2305.326          -1.193      -2.334             133               0
   38       -2666.435   -1223.625           0.000       0.000              38               0
  151         346.610    -386.107          -1.510       4.226             151              -0
   63        2679.946    -387.626           0.000       0.000              63              -0
  111         814.147     889.697          -1.831      -1.082             111               0
  141       -1163.323     505.421           0.000       0.000             141               0
  143         898.730      59.752          -0.293      -0.142             143              -0
  217        -811.835    -165.942           0.000       0.000             217              -0
  180       -1535.311    -655.733          -1.074      -2.384             180               0
  200        -278.669     765.823           0.000       0.000             200               0
  131        -721.837    -156.936          -1.712       4.138             131              -0
  235        1841.259     569.809           0.000       0.000             235              -0
   12         592.824     811.553           0.000       0.000              12               0
  162        3486.000       0.490           0.000       0.000             162               0
  207         592.783    -811.431          -0.285      -0.156             207              -0
   58        1841.021    -569.101           0.000       0.000              58              -0
  204        -722.382     156.770          -0.956      -2.433             204               0
  131        -278.744    -765.776           0.000       0.000             131               0
   83       -1535.679     655.374          -1.914       4.050              83              -0
  247        -811.743     165.685           0.000       0.000             247              -0
   12         898.782     -59.454          -1.715      -1.255              12               0
  202       -1163.080    -505.759           0.000       0.000             202               0
  147         814.702    -889.169          -0.278      -0.170             147              -0
  158        2679.610     388.875           0.000       0.000             158              -0
  251         345.827     386.553          -0.837      -2.482             251               0
  134       -2667.114    1223.039           0.000       0.000             134               0
  181         -86.047    2305.315          -2.116       3.962             181              -0
  139         759.864    1275.492           0.000       0.000             139              -0
  135       -1657.687     508.144          -1.888      -0.768             135               0
   96         241.362     268.717           0.000       0.000              96               0
   73       -1029.416   -2821.913          -0.270      -0.185              73              -0
  204         -54.765    -701.740           0.000       0.000             204              -0
  142         -88.845    2710.389          -0.717      -2.531             142               0
   58       -1063.740    -882.983           0.000       0.000              58               0
   92       -2605.158     151.361          -2.319       3.873              92              -0
   80         -10.732    1264.607           0.000       0.000              80              -0
   36         181.506     628.066          -1.598      -1.430              36               0
  208        1425.929     774.230           0.000       0.000             208               0
  171        -809.795    3385.502          -0.262      -0.199             171              -0
  192       -1210.024    -567.115           0.000       0.000             192              -0
   95          82.886    -339.573          -0.596      -2.581              95               0
  206         618.438     483.598           0.000       0.000             206               0
   37         286.868    -748.874          -2.526       3.783              37              -0
  235        -823.952     550.002           0.000       0.000             235              -0
  130       -1456.890    -825.978          -1.929      -0.677             130               0
  170        -391.894     292.002           0.000       0.000             170               0
  186        -502.670   -1107.102          -0.254      -0.213             186              -0
  144         468.686     299.467           0.000       0.000             144              -0
   77         906.326    -852.709          -0.473      -2.632              77               0
  220        1044.923     796.372           0.000       0.000             220               0
  249        1121.796     611.362          -2.736       3.692             249              -0
  253        -372.496    1402.385           0.000       0.000             253              -0
  223        1656.987    -441.045          -1.478      -1.610             223               0
  246       -1643.156     938.605           0.000       0.000             246               0
  232         354.246    -851.546          -0.246      -0.228             232              -0
   10       -1988.326    -129.327           0.000       0.000              10              -0
   14        -206.519    -804.214          -0.348      -2.684              14               0
  234        -164.216    -981.636           0.000       0.000             234               0
  191        2048.004     805.415          -2.951       3.598             191              -0
  228        -862.204    1183.693           0.000       0.000             228              -0
   58        1272.977    -540.946          -1.767      -1.165              58               0
  117         365.717    -414.093           0.000       0.000             117               0
  178         216.413    1014.141          -0.238      -0.243             178              -0
  121       -1489.809    1915.585           0.000       0.000             121              -0
   64         926.325    -348.405          -0.219      -2.738              64               0
  118        2768.813     577.762           0.000       0.000             118               0
  111        1836.291      79.119          -3.172       3.502             111              -0
   31         265.959     433.127           0.000       0.000              31              -0
  121       -1694.046   -1107.980          -1.351      -1.799             121               0
   82         189.587     202.229           0.000       0.000              82               0
  137       -2041.893   -1170.773          -0.230      -0.259             137              -0
  153        1017.928     833.971           0.000       0.000             153              -0
   71        -771.152   -2152.451          -0.086      -2.793              71               0
  166        -905.856     715.630           0.000       0.000             166               0
  188         -27.232     326.514          -3.400       3.403             188              -0
  200         631.061     663.869           0.000       0.000             200              -0
   23        -337.637   -3017.328          -1.936      -0.960              23               0
  114        -621.639      90.996           0.000       0.000             114               0
  163        2294.736   -1479.077          -0.221      -0.275             163              -0
  148        -100.468    -797.095           0.000       0.000             148              -0
  151       -2015.089   -1061.961           0.052      -2.850             151               0
  180         588.360      64.403           0.000       0.000             180               0
  162        -559.916    -639.872          -3.637       3.299             162              -0
   87        1582.047     754.272           0.000       0.000              87              -0
   80          78.978    2137.519          -1.216      -2.001              80               0
   69        -600.040    -241.151           0.000       0.000              69               0
  170        -531.824   -1240.702          -0.212      -0.292             170              -0
   30        2930.362    -587.989           0.000       0.000              30              -0
   76        1289.980     -36.108           0.197      -2.910              76               0
   64         100.590     326.558           0.000       0.000              64               0
  243         842.399    -657.919          -3.885       3.191             243              -0
   84       -1015.113    2526.016           0.000       0.000              84              -0
  223       -1331.569     817.573          -1.632      -1.612             223               0
  145         757.480    -701.082           0.000       0.000             145               0
  176         421.007     149.006          -0.202      -0.310             176              -0
  151         -64.451    -256.840           0.000       0.000             151              -0
  213       -3580.537    -478.746           0.348      -2.973             213               0
  189        -244.263    2464.153           0.000       0.000             189               0
   39        -717.561    -496.974          -4.146       3.078              39              -0
  229       -1499.454     972.665           0.000       0.000             229              -0
  246        -546.100      40.029          -1.068      -2.223             246               0
  125        -536.855     919.847           0.000       0.000             125               0
   69       -2159.716   -1026.947          -0.192      -0.329              69              -0
  251         367.686    -881.009           0.000       0.000             251              -0
  172        -308.043     613.385           0.508      -3.039             172               0
  131        -937.029    -627.093           0.000       0.000             131               0
  238         -13.851     763.274          -4.422       2.957             238              -0
   98        -385.194    -894.036           0.000       0.000              98              -0
   46        -565.729    1209.235          -1.791      -1.604              46               0
    8        1561.611    1935.859           0.000       0.000               8               0
    2        1437.793    -131.769          -0.181      -0.348               2              -0
  134        1223.444    1168.700           0.000       0.000             134              -0
   61        1660.874     166.112           0.678      -3.109              61               0
   74       -1154.932    -133.043           0.000       0.000              74               0
  232         830.500    -369.300          -4.716       2.829             232              -0
   64         222.446    1448.884           0.000       0.000              64              -0
   32        -752.387     333.453          -0.902      -2.472              32               0
  200         591.714    -120.222           0.000       0.000             200               0
  170         926.722   -1475.177          -0.170      -0.370             170              -0
  203       -2475.118    -156.008           0.000       0.000             203              -0
  160       -1670.020    -190.695           0.860      -3.185             160               0
  147         679.092     638.847           0.000       0.000             147               0
    0        1229.826    1259.730          -5.032       2.692              -0              -0
  219        -138.105   -1730.605           0.000       0.000             219              -0
  105       -1568.886     562.083          -1.465      -2.163             105               0
  154       -1695.559     389.938           0.000       0.000             154               0
  185        -756.571   -1328.397          -0.158      -0.392             185              -0
    1        2453.805    1128.167           0.000       0.000               1              -0
   14        -544.807    -892.662           1.057      -3.266              14               0
  146       -1115.415    -668.004           0.000       0.000             146               0
  145        -171.281     944.555          -5.373       2.544             145              -0
  115         835.929     161.303           0.000       0.000             115              -0
   24        -270.802   -1312.116          -0.709      -2.760              24               0
   60         852.028    1279.482           0.000       0.000              60               0
  156         432.969    2678.801          -0.144      -0.417             156              -0
   55         924.448    -900.479           0.000       0.000              55              -0
  180        -231.336   -1415.173           1.270      -3.355             180               0
  125       -1894.109    -258.615           0.000       0.000             125               0
  189         974.467   -1182.148          -5.744       2.382             189              -0
  132        -124.500   -1853.333           0.000       0.000             132              -0
  248        1315.784   -1156.272          -1.926      -2.048             248               0
  204         850.213    3467.432           0.000       0.000             204               0
  190         843.067     463.535          -0.129      -0.444             190              -0
  225         375.122     -36.044           0.000       0.000             225              -0
   90       -1239.742    1245.815           1.505      -3.452              90               0
   57        1601.080   -1155.417           0.000       0.000              57               0
  240        -432.574   -1309.107          -6.152       2.204             240              -0
   25        -561.412     378.294           0.000       0.000              25              -0
  243        2127.475    -328.427          -0.480      -3.104             243               0
   87       -1845.858    1971.840           0.000       0.000              87               0
  168        1133.537     263.472          -0.113      -0.474             168              -0
  190        -176.355     400.965           0.000       0.000             190              -0
   78        1201.412    1154.029           1.764      -3.559              78               0
  211         388.318     364.390           0.000       0.000             211               0
  180        -202.624    1815.963          -6.606       2.007             180              -0
   96        1847.642     675.495           0.000       0.000              96              -0
    4        -222.204    -759.711          -1.233      -2.926               4               0
   70        1207.268     265.180           0.000       0.000              70               0
   31        1807.064      55.146          -0.095      -0.508              31              -0
  150        1517.617   -1395.055           0.000       0.000             150              -0
   86         664.118     -13.059           2.055      -3.680              86               0
  222        -454.573     995.741           0.000       0.000             222               0
   77         364.965     249.654          -7.114       1.785              77              -0
  162        -246.862    -624.791           0.000       0.000             162              -0
  161       -3148.316     287.067          -0.195      -3.530             161               0
  157         795.746     823.349           0.000       0.000             157               0
   69        2016.142    -421.595          -0.075      -0.545              69              -0
  147        1488.453    1084.663           0.000       0.000             147              -0
  241        -961.167     368.145           2.384      -3.816             241               0
  135         609.594    -409.510           0.000       0.000             135               0
  247          42.145   -1251.970          -7.693       1.533             247              -0
   22        -917.438    -884.330           0.000       0.000              22              -0
  139        1334.000     636.420          -1.551      -3.227             139               0
  173        -111.667     397.241           0.000       0.000             173               0
  160         232.416    -459.172          -0.051      -0.589             160              -0
  229        -804.298     309.676           0.000       0.000             229              -0
  191        2183.009   -2131.434           2.761      -3.972             191               0
   46        2962.879   -2547.482           0.000       0.000              46               0
  143        -489.321     -99.248          -8.359       1.243             143              -0
  200        -240.442      66.983           0.000       0.000             200              -0
   12        1347.534      36.487           0.176      -4.084              12               0
  192        1298.382    -174.311           0.000       0.000             192               0
   34        -961.224    -999.788          -0.024      -0.639              34              -0
  106       -2220.744     392.340           0.000       0.000             106              -0
  136         805.061     296.403           3.201      -4.154             136               0
  203        -462.658     720.325           0.000       0.000             203               0
  225       -3292.941   -1086.323          -9.138       0.904             225              -0
   24        -260.255    -697.353           0.000       0.000              24              -0
    4         502.050    -656.569          -0.856      -4.169               4               0
  154         656.160    -142.743           0.000       0.000             154               0
  232         645.111     671.754           0.008      -0.698             232              -0
   23        1575.634     769.767           0.000       0.000              23              -0
   84          11.567    3370.223           3.724      -4.371              84               0
   74        1171.368     556.506           0.000       0.000              74               0
  195        1197.688    1816.972         -10.069       0.499             195              -0
  102       -1506.132     273.990           0.000       0.000             102              -0
  199         882.882    -794.366           0.690      -4.854             199               0
  154          31.432   -1825.299           0.000       0.000             154               0
  222         254.148   -1061.357           0.046      -0.769             222              -0
  108       -1785.014    1730.068           0.000       0.000             108              -0
    0        -576.291     566.751           4.357      -4.633               0               0
  132         633.337     669.509           0.000       0.000             132               0
   57        -959.803   -1254.128         -11.203       0.004              57              -0
   92        1101.307     184.133           0.000       0.000              92              -0
  241         266.498    -775.125          -1.647      -4.885             241               0
  154       -1282.111      28.752           0.000       0.000             154               0
  225         357.820    -336.925           0.094      -0.857             225              -0
   96        -329.567     173.756           0.000       0.000              96              -0
   58           1.256     462.088           5.146      -4.960              58               0
  222         647.500     693.765           0.000       0.000             222               0
  133        -210.206    -563.470         -12.626      -0.615             133               0
  144         363.915     859.208           0.000       0.000             144              -0
   41        1704.118   -2248.621           1.469      -6.020              41               0
  221         640.812    1517.809           0.000       0.000             221               0
   23        2137.624     893.946           0.155      -0.970              23              -0
   64         302.492     487.546           0.000       0.000              64              -0
    3         253.229     518.819           6.160      -5.380               3               0
  211         185.128     -20.197           0.000       0.000             211               0
  200          78.916    1487.812         -14.474      -1.420             200               0
   72        -355.537   -1926.846           0.000       0.000              72              -0
   14        -461.239     987.313          -0.042      -6.852              14               0
  168         -38.961    1961.795           0.000       0.000             168               0
  104        1764.814     -75.014           0.235      -1.119             104              -0
  249       -1245.304     711.438           0.000       0.000             249              -0
  153        -710.698   -2466.887           7.520      -5.943             153               0
  234         473.910   -2498.326           0.000       0.000             234               0
   13          74.272     285.055         -16.983      -2.512              13               0
  118         389.809    1278.846           0.000       0.000             118              -0
   95        1436.491    -705.725           2.824      -8.048              95               0
  225         675.778   -1107.114           0.000       0.000             225               0
  222        -413.535    1803.504           0.348      -1.327             222              -0
  148         757.462    -275.791           0.000       0.000             148              -0
  181         472.512    1148.454           9.451      -6.743             181               0
   21         405.061   -1603.497           0.000       0.000              21               0
  166        -207.884     106.227         -20.607      -4.091             166               0
   68         146.519    1193.594           0.000       0.000              68              -0
  129        -346.783    1450.210          -0.551      -9.966             129               0
  142        -214.063    -458.123           0.000       0.000             142               0
   22       -1018.352     151.999           0.517      -1.640              22              -0
   55       -2459.548    1542.409           0.000       0.000              55              -0
  154        -793.868    1845.926          12.424      -7.975             154               0
  225        -621.827    -612.992           0.000       0.000             225               0
  197         368.044    1095.015         -26.337      -6.586             197               0
  217         112.126     684.867           0.000       0.000             217              -0
  231          77.451   -1027.268           5.864     -12.598             231               0
   70        1617.285     766.243           0.000       0.000              70               0
  144         181.622    1979.186           0.803      -2.168             144              -0
  165       -1518.386    -367.495           0.000       0.000             165              -0
    1        3791.315     484.789          17.632     -10.132               1               0
  144        -739.685     799.586           0.000       0.000             144               0
  214        -525.964    1105.479         -36.837     -11.159             214               0
   77         414.662   -1151.585           0.000       0.000              77              -0
  236        -880.042   -1258.661           3.685     -19.139             236               0
  190        2491.201    -333.660           0.000       0.000             190               0
   35        -981.330   -1590.758           1.390      -3.254              35              -0
  191        -309.255     465.978           0.000       0.000             191              -0
  143       -2003.936   -1005.334          29.202     -14.924             143               0
  252        1132.391   -1103.365           0.000       0.000             252               0
  151       -1562.481     703.557         -62.511     -22.340             151               0
  154        -833.048    -665.167           0.000       0.000             154              -0
  118        -130.337     -70.526          19.573     -33.115             118               0
  232          22.195    1694.818           0.000       0.000             232               0
   57        1417.589   -2040.122           3.312      -6.810              57              -0
  125       -1127.281   -1897.640           0.000       0.000             125              -0
  121         -23.251    -933.200          77.666     -34.999             121               0
  109          89.968     297.173           0.000       0.000             109               0
   40         -33.187    -902.030        -224.755     -92.995              40               0
   75        -123.244   -1061.302           0.000       0.000              75              -0
  123       -2016.406     795.993           0.000       0.000             123               0
