SINAL     NFT                         FFT                         NFT INVERSA     FFT INVERSA
-----     -----------------------     -----------------------     -----------     -----------
  170       62610.000       0.000           0.000       0.000             170               0
   11         741.796    -259.544           0.000      -0.000              11               0
  232         247.534     522.183           0.000       0.000             232               0
  190         144.450    -175.365           0.000      -0.000             190               0
  204       -2093.525    -719.721           0.000       0.000             204               0
  166        2298.847     185.678           0.000      -0.000             166               0
   27       -1048.373    -565.607           0.000       0.000              27               0
   41       -1688.124    -739.880           0.000      -0.000              41               0
   11       -1240.501     460.430           0.000       0.000              11               0
  255       -1051.822     130.502           0.000      -0.000             255               0
  181        1953.351    1618.944           0.000       0.000             181               0
   17         723.966   -1258.146           0.000      -0.000              17               0
  101         270.006   -1059.393           0.000       0.000             101               0
  161        1882.825      10.130           0.000      -0.000             161               0
  156         274.424     543.250           0.000       0.000             156               0
  131        -326.466     684.975           0.000      -0.000             131               0
    0        2259.175   -1363.680           0.000       0.000               0               0
   25        1315.422     905.471           0.000      -0.000              25               0
  199        -955.523     151.827           0.000       0.000             199               0
   67          -5.942     658.450           0.000      -0.000              67               0
   34        1846.242    1838.976           0.000       0.000              34               0
  214        -411.081    -101.037           0.000      -0.000             214               0
   71          -8.578    -520.737           0.000       0.000              71               0
  213        -419.215     947.792           0.000      -0.000             213               0
  217        -649.943    -421.958           0.000       0.000             217               0
  220         997.208     396.582           0.000      -0.000             220               0
   10         173.844    -332.563           0.000       0.000              10               0
  179        -561.759    -832.921           0.000      -0.000             179               0
   61        -981.398    1054.459           0.000       0.000              61               0
  186       -2149.842    -598.040           0.000      -0.000             186               0
   20        -171.234      88.862           0.000       0.000              20               0
   14        2065.405   -1478.039           0.000      -0.000              14               0
  186       -1861.667   -1334.453           0.000       0.000             186               0
  232         403.254     456.068           0.000      -0.000             232               0
  171        1675.715     194.044           0.000       0.000             171               0
  234        -498.806   -1233.495           0.000      -0.000             234               0
  211        -677.316      42.510           0.000       0.000             211               0
  201        -716.563    -414.064           0.000      -0.000             201               0
   28        -803.627     954.232           0.000       0.000              28               0
   60        -207.553     -76.982           0.000      -0.000              60               0
   89       -1449.178   -1490.211           0.000       0.000              89               0
   75        1702.279    1555.458           0.000      -0.000              75               0
  190        1117.398     485.583           0.000       0.000             190               0
  194        1779.721     376.384           0.000      -0.000             194               0
  207         715.639     157.584           0.000       0.000             207               0
  183         853.786   -1068.068           0.000      -0.000             183               0
  161          63.804   -1953.184           0.000       0.000             161               0
   30        2072.601   -1010.159           0.000      -0.000              30               0
  233         152.900   -1644.984           0.000       0.000             233               0
  222         705.078   -1346.984           0.000      -0.000             222               0
  151         368.208    1291.583           0.000       0.000             151               0
   72        -328.657   -1725.073           0.000      -0.000              72               0
   35       -1627.976     422.056           0.000       0.000              35               0
  167        -692.756   -1653.806           0.000      -0.000             167               0
  137         105.541    1310.904           0.000       0.000             137               0
   81        -471.921     404.537           0.000      -0.000              81               0
  100       -1004.148    1512.379           0.000       0.000             100               0
   11       -1965.569      19.665           0.000      -0.000              11               0
  205         213.166   -1328.988           0.000       0.000             205               0
  106        1139.580   -1155.099           0.000      -0.000             106               0
  235         209.566     386.620           0.000       0.000             235               0
   14        1249.677   -1134.108           0.000      -0.000              14               0
  149         276.505     225.266           0.000       0.000             149               0
  171         505.647    -570.941           0.000      -0.000             171               0
   17         201.791   -1294.329           0.000       0.000              17               0
   32       -2309.152    -477.562           0.000      -0.000              32               0
  160       -2009.599     897.589           0.000       0.000             160               0
  148       -1284.136    1056.240           0.000      -0.000             148               0
   75        1607.988   -2545.417           0.000       0.000              75               0
  119        -795.474     357.363           0.000      -0.000             119               0
   61         264.980    -734.922           0.000       0.000              61               0
  106        1075.571    -689.837           0.000      -0.000             106               0
   34        -438.181    2287.112           0.000       0.000              34               0
  225         149.227   -1271.869           0.000      -0.000             225               0
   84         444.679    -866.809           0.000       0.000              84               0
   41        1771.492     557.397           0.000      -0.000              41               0
  194        -493.833    -180.767           0.000       0.000             194               0
   54        -979.780    1247.817           0.000      -0.000              54               0
   99       -1731.741    -280.468           0.000       0.000              99               0
   32         272.830    -343.360           0.000      -0.000              32               0
  127       -1553.159    -202.212           0.000       0.000             127               0
  244       -1408.290     415.873           0.000      -0.000             244               0
   38       -1085.888      48.994           0.000       0.000              38               0
  140        -123.003    1000.992           0.000      -0.000             140               0
  118        1608.191    -484.708           0.000       0.000             118               0
  170         960.302    -791.282           0.000      -0.000             170               0
  164         434.216    -322.772           0.000       0.000             164               0
   10         594.939     -91.226           0.000      -0.000              10               0
   94       -1195.161     950.863           0.000       0.000              94               0
   70        -102.327     782.576           0.000      -0.000              70               0
  224         740.625     420.332           0.000       0.000             224               0
  210        -518.243     933.917           0.000      -0.000             210               0
   64         989.861     -18.508           0.000       0.000              64               0
  237       -2238.687    2693.536           0.000      -0.000             237               0
    2          83.753     877.205           0.000       0.000               2               0
   85         363.258    1269.726           0.000      -0.000              85               0
  208         179.551     609.909           0.000       0.000             208               0
  254       -2464.659    -530.190           0.000      -0.000             254               0
  185       -1306.819     551.144           0.000       0.000             185               0
  228        -864.540     967.016           0.000      -0.000             228               0
   77        -907.155     275.023           0.000       0.000              77               0
  201       -2309.731    1423.165           0.000      -0.000             201               0
  187         109.187   -1484.918           0.000       0.000             187               0
  174        1698.906    2414.896           0.000      -0.000             174               0
  161         622.772      -9.173           0.000       0.000             161               0
  210        -837.281    2712.354           0.000      -0.000             210               0
  204        1746.951   -1175.014           0.000       0.000             204               0
    5        1727.862    1262.101           0.000      -0.000               5               0
  234        2014.502    -981.477           0.000       0.000             234               0
   46       -1205.985     309.821           0.000      -0.000              46               0
   94        2342.784    1296.857           0.000       0.000              94               0
   15        -142.135    -239.783           0.000      -0.000              15               0
   14        -240.959    2604.639           0.000       0.000              14               0
  238         634.153    -166.578           0.000      -0.000             238               0
   21        3025.178     222.323           0.000       0.000              21               0
   34       -1245.552    -468.128           0.000      -0.000              34               0
  185        1355.626   -1989.300           0.000       0.000             185               0
   51        -227.470    -957.654           0.000      -0.000              51               0
  113         811.269     688.702           0.000       0.000             113               0
  132       -1658.476     983.054           0.000      -0.000             132               0
  173        -412.724    1639.643           0.000       0.000             173               0
  252       -2203.549    -169.671           0.000      -0.000             252               0
   26         702.375    -668.621           0.000       0.000              26               0
  188        -297.925    -892.662           0.000      -0.000             188               0
  184         867.106      74.408           0.000       0.000             184               0
   15        -705.415   -1169.362           0.000      -0.000              15               0
    1        3106.787    1788.829           0.000       0.000               1               0
   46        -563.752   -1261.387           0.000      -0.000              46               0
  159         491.020   -1340.912           0.000       0.000             159               0
    6        -236.513    1663.562           0.000      -0.000               6               0
  229       -1711.971   -1007.644           0.000       0.000             229               0
  155       -1423.720     722.419           0.000      -0.000             155               0
   55         157.826    1051.361           0.000       0.000              55               0
   45         -31.843   -1228.616           0.000      -0.000              45               0
  177       -2910.316    -306.956           0.000       0.000             177               0
  220       -1162.596    -269.792           0.000      -0.000             220               0
   90       -1761.804    1757.464           0.000       0.000              90               0
    9        2219.856     607.635           0.000      -0.000               9               0
  171       -1686.488   -1051.663           0.000       0.000             171               0
   95        -191.027    2085.092           0.000      -0.000              95               0
   43         543.277    2620.063           0.000       0.000              43               0
   70          68.019   -1195.379           0.000      -0.000              70               0
   10       -1035.259    -326.208           0.000       0.000              10               0
  181       -1838.867     -31.494           0.000      -0.000             181               0
   30        1064.964    1905.415           0.000       0.000              30               0
  164        -294.797     323.542           0.000      -0.000             164               0
  119        -434.466    -109.412           0.000       0.000             119               0
  114         156.593   -2173.703           0.000      -0.000             114               0
   25        1927.183     -52.234           0.000       0.000              25               0
  253        -930.497     285.035           0.000      -0.000             253               0
  114        -345.956   -1994.971           0.000       0.000             114               0
  236       -1392.559    -135.436           0.000      -0.000             236               0
   56         627.016    1319.756           0.000       0.000              56               0
  201       -1877.181    1299.577           0.000      -0.000             201               0
  250        2490.487   -1247.363           0.000       0.000             250               0
   13         749.587     747.198           0.000      -0.000              13               0
   24        -182.351    1516.194           0.000       0.000              24               0
  196        -859.474    -121.769           0.000      -0.000             196               0
   14       -1809.792   -1361.718           0.000       0.000              14               0
  193        1061.985     353.034           0.000      -0.000             193               0
  100         112.119    1645.413           0.000       0.000             100               0
  127        -641.225    -414.365           0.000      -0.000             127               0
  168        -944.785    -634.520           0.000       0.000             168               0
  124         131.732    -276.195           0.000      -0.000             124               0
   77        1862.455      49.853           0.000       0.000              77               0
  104         939.569    2217.438           0.000      -0.000             104               0
   46        -919.453    1419.568           0.000       0.000              46               0
  245        -112.207     268.271           0.000      -0.000             245               0
   44       -1033.848    -153.663           0.000       0.000              44               0
  143        1999.369    2088.159           0.000      -0.000             143               0
  139         937.710    -305.272           0.000       0.000             139               0
   84        -395.632    1580.239           0.000      -0.000              84               0
  142         -35.745   -2170.254           0.000       0.000             142               0
   37        -368.346   -1470.047           0.000      -0.000              37               0
   71         574.791    -216.233           0.000       0.000              71               0
  152       -1153.241    -520.175           0.000      -0.000             152               0
   90         857.429    -677.512           0.000       0.000              90               0
  155        1253.663   -1307.761           0.000      -0.000             155               0
   47        -545.533    -585.007           0.000       0.000              47               0
  141       -1213.069    1078.308           0.000      -0.000             141               0
   38       -1767.147   -1162.951           0.000       0.000              38               0
  151        1089.141   -1740.988           0.000      -0.000             151               0
  255         328.706    -841.552           0.000       0.000             255               0
  230          82.978   -1592.861           0.000      -0.000             230               0
  126        -826.782     756.671           0.000       0.000             126               0
  228        -795.533     849.612           0.000      -0.000             228               0
  149         153.357    2411.660           0.000       0.000             149               0
   86       -1443.847   -2432.725           0.000      -0.000              86               0
   68        -671.876    1857.095           0.000       0.000              68               0
   37       -1204.665     715.999           0.000      -0.000              37               0
  246        1818.577    -501.765           0.000       0.000             246               0
   95         656.756     557.616           0.000      -0.000              95               0
   33       -1889.939    1363.306           0.000       0.000              33               0
  114        -754.643    -328.369           0.000      -0.000             114               0
  192        1227.950   -2661.412           0.000       0.000             192               0
  249         577.694     190.967           0.000      -0.000             249               0
  173        1899.037     -15.051           0.000       0.000             173               0
  226        1812.139   -1531.885           0.000      -0.000             226               0
  217        -876.923    1109.252           0.000       0.000             217               0
  152         827.626     770.856           0.000      -0.000             152               0
  204         580.066       6.406           0.000       0.000             204               0
   74       -2495.120     827.716           0.000      -0.000              74               0
  234         386.736    2481.886           0.000       0.000             234               0
  172        2917.715     988.152           0.000      -0.000             172               0
  101         450.124    -835.310           0.000       0.000             101               0
  154         271.687   -1154.160           0.000      -0.000             154               0
  163       -1986.228    -554.131           0.000       0.000             163               0
   61       -1787.720    1074.530           0.000      -0.000              61               0
   31        3315.088    -133.921           0.000       0.000              31               0
  242         773.720     149.563           0.000      -0.000             242               0
   28        1904.478   -1389.879           0.000       0.000              28               0
   70        -268.407    2092.417           0.000      -0.000              70               0
  247         638.536     113.825           0.000       0.000             247               0
  175        -559.114    -135.599           0.000      -0.000             175               0
  162          84.230    -851.668           0.000       0.000             162               0
    6         -62.596     388.341           0.000      -0.000               6               0
   33        2099.393    -425.375           0.000       0.000              33               0
  133       -1448.013     581.030           0.000      -0.000             133               0
  184        1621.288     132.307           0.000       0.000             184               0
  117       -1999.087     941.157           0.000      -0.000             117               0
  125        1734.975    2945.838           0.000       0.000             125               0
   10        -380.061     -84.409           0.000      -0.000              10               0
   60        1739.487     914.897           0.000       0.000              60               0
  174         837.483    -312.247           0.000      -0.000             174               0
  139        -105.979   -2271.056           0.000       0.000             139               0
   80         203.398    -384.779           0.000      -0.000              80               0
  128         598.255     388.725           0.000       0.000             128               0
  157        -148.787     599.996           0.000      -0.000             157               0
  169         134.455   -1109.405           0.000       0.000             169               0
   31        1718.833     606.027           0.000      -0.000              31               0
  105       -1045.164    -532.529           0.000       0.000             105               0
    2          21.141   -1197.697           0.000      -0.000               2               0
  204        2092.857   -1452.893           0.000       0.000             204               0
  194        1495.457    -600.761           0.000      -0.000             194               0
  101        -798.158   -2219.856           0.000       0.000             101               0
  208         484.857    1117.575           0.000      -0.000             208               0
   80          89.378    1725.539           0.000       0.000              80               0
  153         720.564    1539.728           0.000      -0.000             153               0
   55        -534.873   -1249.915           0.000       0.000              55               0
  250       -1101.109     -73.177           0.000      -0.000             250               0
    8        -215.499    1058.884           0.000       0.000               8               0
   22        -958.991   -1711.762           0.000      -0.000              22               0
  220        1291.240     303.320           0.000       0.000             220               0
   60        -655.591    1086.899           0.000      -0.000              60               0
   95        1264.013      -6.153           0.000       0.000              95               0
   21         362.887     365.483           0.000      -0.000              21               0
  129         317.317    -528.426           0.000       0.000             129               0
  238        1824.250     410.541           0.000      -0.000             238               0
   70        1126.037   -1430.337           0.000       0.000              70               0
    6         923.579   -3149.570           0.000      -0.000               6               0
   41        -177.604      94.341           0.000       0.000              41               0
  242         980.865     370.635           0.000      -0.000             242               0
  248        -491.921   -1591.988           0.000       0.000             248               0
   75        -406.597    -261.957           0.000      -0.000              75               0
   46        1880.647     862.370           0.000       0.000              46               0
   24         -19.722     195.665           0.000      -0.000              24               0
  245       -2192.000      -0.368           0.000       0.000             245               0
   69         -19.281    -195.665           0.000       0.000              69               0
   16        1881.007    -861.569           0.000       0.000              16               0
   67        -406.788     262.142           0.000       0.000              67               0
   79        -492.297    1591.907           0.000       0.000              79               0
  221         981.134    -370.298           0.000       0.000             221               0
   62        -177.439     -94.074           0.000       0.000              62               0
  230         922.731    3149.954           0.000       0.000             230               0
  102        1125.669    1430.281           0.000       0.000             102               0
   90        1824.274    -410.287           0.000       0.000              90               0
  195         316.921     528.269           0.000       0.000             195               0
   10         362.910    -365.627           0.000       0.000              10               0
   40        1263.785       6.346           0.000       0.000              40               0
   93        -655.415   -1087.223           0.000       0.000              93               0
   89        1291.122    -302.761           0.000       0.000              89               0
   11        -959.837    1711.314           0.000       0.000              11               0
  213        -215.265   -1059.173           0.000       0.000             213               0
  255       -1101.134      72.809           0.000       0.000             255               0
   60        -535.072    1249.462           0.000       0.000              60               0
    7         721.248   -1539.811           0.000       0.000               7               0
   15          90.034   -1725.422           0.000       0.000              15               0
  198         485.278   -1116.933           0.000       0.000             198               0
   31        -798.686    2219.914           0.000       0.000              31               0
    8        1495.544     601.291           0.000       0.000               8               0
  147        2092.251    1453.556           0.000       0.000             147               0
  164          20.451    1197.458           0.000       0.000             164               0
   48       -1045.284     531.827           0.000       0.000              48               0
  212        1719.092    -605.650           0.000       0.000             212               0
  165         133.929    1109.235           0.000       0.000             165               0
   84        -148.602    -600.320           0.000       0.000              84               0
  172         598.392    -388.577           0.000       0.000             172               0
   83         203.233     384.894           0.000       0.000              83               0
  200        -106.661    2270.749           0.000       0.000             200               0
   42         837.508     311.919           0.000       0.000              42               0
   57        1739.663    -914.789           0.000       0.000              57               0
  148        -380.236      83.780           0.000       0.000             148               0
  136        1735.708   -2945.530           0.000       0.000             136               0
  125       -1998.889    -941.693           0.000       0.000             125               0
  172        1621.331    -131.694           0.000       0.000             172               0
   78       -1447.783    -581.446           0.000       0.000              78               0
  255        2099.299     426.107           0.000       0.000             255               0
  179         -62.672    -388.352           0.000       0.000             179               0
   54          83.836     851.648           0.000       0.000              54               0
   26        -559.127     135.198           0.000       0.000              26               0
  242         638.659    -113.885           0.000       0.000             242               0
  114        -267.544   -2092.463           0.000       0.000             114               0
  219        1904.117    1390.621           0.000       0.000             219               0
  173         773.726    -149.450           0.000       0.000             173               0
  115        3314.554     134.878           0.000       0.000             115               0
  219       -1788.015   -1075.142           0.000       0.000             219               0
  106       -1986.408     553.565           0.000       0.000             106               0
  127         271.546    1154.110           0.000       0.000             127               0
   74         450.069     835.013           0.000       0.000              74               0
  160        2917.893    -987.695           0.000       0.000             160               0
  164         386.976   -2481.892           0.000       0.000             164               0
  185       -2494.991    -828.376           0.000       0.000             185               0
  177         580.258      -6.129           0.000       0.000             177               0
  245         827.832    -770.529           0.000       0.000             245               0
    7        -876.455   -1109.242           0.000       0.000               7               0
   68        1811.784    1532.704           0.000       0.000              68               0
   42        1898.803      15.678           0.000       0.000              42               0
  184         577.394    -190.586           0.000       0.000             184               0
   94        1226.569    2661.741           0.000       0.000              94               0
  122        -755.299     327.621           0.000       0.000             122               0
  125       -1889.597   -1364.219           0.000       0.000             125               0
   28         657.023    -557.406           0.000       0.000              28               0
  129        1818.047     502.264           0.000       0.000             129               0
  163       -1204.907    -716.603           0.000       0.000             163               0
  210        -671.520   -1857.144           0.000       0.000             210               0
  238       -1444.741    2432.189           0.000       0.000             238               0
  104         154.127   -2411.804           0.000       0.000             104               0
  138        -795.345    -849.626           0.000       0.000             138               0
  199        -826.465    -756.507           0.000       0.000             199               0
  164          82.553    1593.249           0.000       0.000             164               0
  105         328.444     841.806           0.000       0.000             105               0
   48        1088.295    1741.333           0.000       0.000              48               0
  234       -1767.783    1162.056           0.000       0.000             234               0
  101       -1212.583   -1078.851           0.000       0.000             101               0
   32        -545.418     584.931           0.000       0.000              32               0
  110        1253.404    1308.120           0.000       0.000             110               0
   43         857.043     677.603           0.000       0.000              43               0
  110       -1153.475     519.589           0.000       0.000             110               0
  102         574.759     216.306           0.000       0.000             102               0
   15        -368.858    1469.755           0.000       0.000              15               0
  162         -36.422    2169.617           0.000       0.000             162               0
   42        -394.948   -1580.993           0.000       0.000              42               0
   36         937.786     305.128           0.000       0.000              36               0
   11        1999.852   -2087.803           0.000       0.000              11               0
   66       -1034.185     153.173           0.000       0.000              66               0
  157        -112.183    -268.653           0.000       0.000             157               0
  233        -918.873   -1420.176           0.000       0.000             233               0
   96         940.498   -2217.055           0.000       0.000              96               0
  131        1862.297     -48.984           0.000       0.000             131               0
  193         131.225     276.339           0.000       0.000             193               0
   74        -945.250     634.142           0.000       0.000              74               0
  119        -641.396     413.874           0.000       0.000             119               0
    6         112.685   -1645.504           0.000       0.000               6               0
  244        1061.848    -352.512           0.000       0.000             244               0
  129       -1810.466    1361.063           0.000       0.000             129               0
   87        -859.381     121.137           0.000       0.000              87               0
  163        -181.614   -1516.430           0.000       0.000             163               0
  170         750.033    -746.823           0.000       0.000             170               0
   77        2489.781    1248.111           0.000       0.000              77               0
  134       -1877.072   -1300.400           0.000       0.000             134               0
  195         627.319   -1319.378           0.000       0.000             195               0
   65       -1392.740     135.309           0.000       0.000              65               0
  247        -346.573    1994.873           0.000       0.000             247               0
   94        -930.187    -285.508           0.000       0.000              94               0
  166        1927.228      52.933           0.000       0.000             166               0
    1         155.605    2173.560           0.000       0.000               1               0
    5        -434.678     108.779           0.000       0.000               5               0
  136        -294.746    -324.093           0.000       0.000             136               0
   62        1065.330   -1905.232           0.000       0.000              62               0
  103       -1839.144      30.912           0.000       0.000             103               0
   60       -1035.278     325.762           0.000       0.000              60               0
   30          67.737    1194.937           0.000       0.000              30               0
    1         544.084   -2620.294           0.000       0.000               1               0
  247        -190.547   -2084.973           0.000       0.000             247               0
   17       -1686.784    1051.213           0.000       0.000              17               0
    7        2219.904    -607.058           0.000       0.000               7               0
  114       -1761.635   -1757.942           0.000       0.000             114               0
  235       -1162.873     269.657           0.000       0.000             235               0
   74       -2910.260     306.105           0.000       0.000              74               0
   62         -31.894    1228.472           0.000       0.000              62               0
   92         158.238   -1051.489           0.000       0.000              92               0
  124       -1423.437    -722.792           0.000       0.000             124               0
  107       -1711.956    1007.043           0.000       0.000             107               0
  238        -235.451   -1663.567           0.000       0.000             238               0
   88         490.939    1341.264           0.000       0.000              88               0
   30        -563.708    1260.953           0.000       0.000              30               0
   49        3107.543   -1787.869           0.000       0.000              49               0
  202        -705.913    1169.197           0.000       0.000             202               0
  169         867.127     -74.186           0.000       0.000             169               0
  141        -298.290     892.467           0.000       0.000             141               0
  155         701.964     668.573           0.000       0.000             155               0
  245       -2203.666     168.507           0.000       0.000             245               0
    0        -411.979   -1640.049           0.000       0.000              -0               0
  181       -1657.772    -983.577           0.000       0.000             181               0
  172         811.934    -688.216           0.000       0.000             172               0
   24        -227.444     957.788           0.000       0.000              24               0
  133        1355.187    1989.589           0.000       0.000             133               0
  229       -1245.332     467.268           0.000       0.000             229               0
   60        3025.544    -221.720           0.000       0.000              60               0
  210         633.960     166.293           0.000       0.000             210               0
  171        -240.080   -2604.964           0.000       0.000             171               0
   46        -141.956     239.680           0.000       0.000              46               0
  152        2343.253   -1296.167           0.000       0.000             152               0
  195       -1205.813    -310.158           0.000       0.000             195               0
   57        2014.402     981.979           0.000       0.000              57               0
   84        1728.176   -1261.716           0.000       0.000              84               0
   63        1746.155    1175.275           0.000       0.000              63               0
  116        -836.701   -2712.903           0.000       0.000             116               0
  138         622.665       9.313           0.000       0.000             138               0
  251        1699.320   -2414.237           0.000       0.000             251               0
   68         107.993    1484.997           0.000       0.000              68               0
   72       -2309.689   -1424.100           0.000       0.000              72               0
  209        -907.192    -275.359           0.000       0.000             209               0
   80        -864.364    -967.332           0.000       0.000              80               0
   20       -1306.750    -551.505           0.000       0.000              20               0
  216       -2464.611     529.287           0.000       0.000             216               0
  227         180.136    -610.094           0.000       0.000             227               0
  204         363.812   -1269.753           0.000       0.000             204               0
  149          83.972    -877.295           0.000       0.000             149               0
  137       -2237.593   -2694.134           0.000       0.000             137               0
    7         990.156      19.127           0.000       0.000               7               0
   72        -517.773    -933.926           0.000       0.000              72               0
  136         740.889    -419.898           0.000       0.000             136               0
  128        -102.090    -782.427           0.000       0.000             128               0
  102       -1194.658    -950.942           0.000       0.000             102               0
  168         595.196      91.792           0.000       0.000             168               0
  170         434.283     323.195           0.000       0.000             170               0
  117         960.131     791.735           0.000       0.000             117               0
  194        1607.819     485.180           0.000       0.000             194               0
  185        -123.081   -1001.020           0.000       0.000             185               0
   68       -1086.161     -49.218           0.000       0.000              68               0
  177       -1408.238    -416.187           0.000       0.000             177               0
   16       -1553.059     201.869           0.000       0.000              16               0
  133         272.833     343.534           0.000       0.000             133               0
  222       -1731.715     279.841           0.000       0.000             222               0
    9        -978.970   -1248.065           0.000       0.000               9               0
  201        -493.350     180.805           0.000       0.000             201               0
  211        1772.019    -556.565           0.000       0.000             211               0
  137         444.434     867.194           0.000       0.000             137               0
  188         148.837    1271.793           0.000       0.000             188               0
   29        -437.261   -2287.187           0.000       0.000              29               0
   20        1075.443     690.566           0.000       0.000              20               0
  152         264.637     735.149           0.000       0.000             152               0
   19        -795.305    -357.403           0.000       0.000              19               0
   87        1607.011    2545.930           0.000       0.000              87               0
   88       -1284.110   -1056.884           0.000       0.000              88               0
  199       -2009.305    -898.074           0.000       0.000             199               0
  148       -2308.871     477.096           0.000       0.000             148               0
  104         201.950    1294.510           0.000       0.000             104               0
   94         505.849     571.052           0.000       0.000              94               0
  116         276.914    -225.128           0.000       0.000             116               0
  246        1249.486    1134.538           0.000       0.000             246               0
  105         209.776    -386.528           0.000       0.000             105               0
  222        1139.159    1155.548           0.000       0.000             222               0
   33         212.446    1328.841           0.000       0.000              33               0
  185       -1965.642     -20.695           0.000       0.000             185               0
   97       -1003.398   -1512.849           0.000       0.000              97               0
   59        -471.485    -404.616           0.000       0.000              59               0
   34         106.186   -1310.564           0.000       0.000              34               0
  125        -693.168    1653.824           0.000       0.000             125               0
  153       -1627.453    -422.464           0.000       0.000             153               0
   55        -328.638    1725.004           0.000       0.000              55               0
  164         369.196   -1291.349           0.000       0.000             164               0
  210         705.071    1347.542           0.000       0.000             210               0
  141         152.827    1645.095           0.000       0.000             141               0
  125        2072.571    1010.811           0.000       0.000             125               0
   28          63.326    1953.004           0.000       0.000              28               0
   72         853.702    1067.903           0.000       0.000              72               0
  253         715.958    -157.782           0.000       0.000             253               0
   92        1779.985    -376.094           0.000       0.000              92               0
  160        1117.513    -485.436           0.000       0.000             160               0
  225        1702.483   -1554.811           0.000       0.000             225               0
  140       -1449.944    1489.794           0.000       0.000             140               0
   97        -207.589      76.698           0.000       0.000              97               0
    7        -803.274    -954.531           0.000       0.000               7               0
  158        -716.539     413.896           0.000       0.000             158               0
  121        -677.025     -42.674           0.000       0.000             121               0
  155        -498.774    1233.276           0.000       0.000             155               0
  243        1676.052    -193.633           0.000       0.000             243               0
  193         403.340    -455.849           0.000       0.000             193               0
   54       -1861.863    1333.912           0.000       0.000              54               0
  210        2065.133    1478.497           0.000       0.000             210               0
   89        -171.390     -89.213           0.000       0.000              89               0
  252       -2149.942     597.033           0.000       0.000             252               0
  221        -980.605   -1054.949           0.000       0.000             221               0
   55        -561.505     832.654           0.000       0.000              55               0
   72         174.276     332.360           0.000       0.000              72               0
   61         997.674    -396.460           0.000       0.000              61               0
  202        -649.807     421.507           0.000       0.000             202               0
  168        -418.439    -948.106           0.000       0.000             168               0
  124          -8.242     520.595           0.000       0.000             124               0
   14        -410.468     100.543           0.000       0.000              14               0
  105        1847.364   -1838.552           0.000       0.000             105               0
   80          -5.425    -658.383           0.000       0.000              80               0
   72        -954.850    -152.115           0.000       0.000              72               0
   49        1316.485    -904.890           0.000       0.000              49               0
   62        2259.090    1364.454           0.000       0.000              62               0
   29        -325.930    -685.220           0.000       0.000              29               0
  104         275.202    -543.094           0.000       0.000             104               0
  184        1883.292      -9.339           0.000       0.000             184               0
  131         270.015    1059.534           0.000       0.000             131               0
   82         724.037    1258.090           0.000       0.000              82               0
  179        1954.125   -1618.507           0.000       0.000             179               0
  100       -1051.598    -130.809           0.000       0.000             100               0
  167       -1239.791    -460.744           0.000       0.000             167               0
  135       -1687.416     739.397           0.000       0.000             135               0
  155       -1047.119     565.168           0.000       0.000             155               0
  157        2300.239    -184.974           0.000       0.000             157               0
   70       -2092.191     718.936           0.000       0.000              70               0
   29         146.848     175.212           0.000       0.000              29               0
  209         251.193    -522.212           0.000       0.000             209               0
  113         748.415     259.729           0.000       0.000             113               0
