SINAL     NFT                         FFT                         NFT INVERSA     FFT INVERSA
-----     -----------------------     -----------------------     -----------     -----------
  150       65976.000       0.000           0.000       0.000             150               0
   74        -794.787    2148.174           0.000      -0.000              74               0
   36        -228.229    1975.856           0.000       0.000              36               0
  142         200.811    2195.602           0.000      -0.000             142               0
  119       -2349.903      89.789           0.000       0.000             119               0
   44           4.603     316.346           0.000      -0.000              44               0
  132        -496.153    1021.378           0.000       0.000             132               0
   70        1241.969     265.948           0.000      -0.000              70               0
  220        -497.623   -2989.463           0.000       0.000             220               0
   13        -451.671     449.438           0.000      -0.000              13               0
   58       -2410.479    1085.885           0.000       0.000              58               0
  152         -84.363     679.064           0.000      -0.000             152               0
   20         251.660     740.968           0.000       0.000              20               0
  240        1067.695    -156.526           0.000      -0.000             240               0
  131         877.616   -1227.364           0.000       0.000             131               0
   93         -91.243    -831.655           0.000      -0.000              93               0
  103        -744.882    -192.850           0.000       0.000             103               0
    8        -833.226    2416.097           0.000      -0.000               8               0
  231        -114.820     181.463           0.000       0.000             231               0
  154        -229.058     658.762           0.000      -0.000             154               0
  128        -301.045    -259.026           0.000       0.000             128               0
  153        -726.722     261.296           0.000      -0.000             153               0
   42         734.149    -745.489           0.000       0.000              42               0
  181        -648.410     767.170           0.000      -0.000             181               0
    7         779.992     251.646           0.000       0.000               7               0
  183         482.286     962.328           0.000      -0.000             183               0
   27        -955.301    -352.331           0.000       0.000              27               0
   78        -316.201    1908.028           0.000      -0.000              78               0
  219         177.181    -511.902           0.000       0.000             219               0
   67        -206.942     -17.445           0.000      -0.000              67               0
   17        -846.634     452.832           0.000       0.000              17               0
   95        -467.507    -395.163           0.000      -0.000              95               0
  245        1227.709   -1995.547           0.000       0.000             245               0
   96        1258.693     489.542           0.000      -0.000              96               0
   43         332.940     360.514           0.000       0.000              43               0
  200       -1857.333    1135.863           0.000      -0.000             200               0
   42         417.093    -529.374           0.000       0.000              42               0
  124       -1847.018   -2169.647           0.000      -0.000             124               0
  244         105.087    -438.969           0.000       0.000             244               0
   86        -916.901     565.958           0.000      -0.000              86               0
  129        -624.046     -49.748           0.000       0.000             129               0
   44        -497.226     706.545           0.000      -0.000              44               0
   57        1915.414    -730.472           0.000       0.000              57               0
   13        1069.411     -41.423           0.000      -0.000              13               0
  198          99.027   -1118.234           0.000       0.000             198               0
   45        1133.523    -276.746           0.000      -0.000              45               0
  217       -1828.710    -877.513           0.000       0.000             217               0
  221         662.047    2009.805           0.000      -0.000             221               0
  124        -731.948     367.402           0.000       0.000             124               0
   22        2095.070    -962.152           0.000      -0.000              22               0
   74         120.097    -880.859           0.000       0.000              74               0
  142        -286.813    2306.086           0.000      -0.000             142               0
   72        -491.181     142.999           0.000       0.000              72               0
  106         194.421    1402.307           0.000      -0.000             106               0
  108       -1138.562   -1472.511           0.000       0.000             108               0
   49         -52.344     993.048           0.000      -0.000              49               0
  150         624.839     -56.798           0.000       0.000             150               0
   14         238.114    -690.659           0.000      -0.000              14               0
   39         869.423     335.442           0.000       0.000              39               0
   83       -2787.820   -1599.246           0.000      -0.000              83               0
    3         541.123   -1381.420           0.000       0.000               3               0
  237        1757.115   -1403.632           0.000      -0.000             237               0
  207       -1315.053    1201.063           0.000       0.000             207               0
    9        -684.180     927.965           0.000      -0.000               9               0
  153        -170.505    1657.475           0.000       0.000             153               0
   75        -928.005    1450.507           0.000      -0.000              75               0
    3        1044.459     821.047           0.000       0.000               3               0
   26        1683.339   -2142.506           0.000      -0.000              26               0
   46       -1140.134    -331.772           0.000       0.000              46               0
  209         356.803   -1146.545           0.000      -0.000             209               0
  171         389.127    1030.293           0.000       0.000             171               0
  249        -630.179    -680.058           0.000      -0.000             249               0
   18        -350.959     463.846           0.000       0.000              18               0
  125         275.122    2107.761           0.000      -0.000             125               0
  222        -852.237     600.039           0.000       0.000             222               0
  242          39.066    -232.392           0.000      -0.000             242               0
  166        2410.062     193.919           0.000       0.000             166               0
  123        -758.181    -394.943           0.000      -0.000             123               0
  175         372.277    -956.261           0.000       0.000             175               0
   44         692.169     556.212           0.000      -0.000              44               0
  208        -555.870   -1113.045           0.000       0.000             208               0
  188        1999.033     239.458           0.000      -0.000             188               0
  131        2588.897   -1746.428           0.000       0.000             131               0
  239         781.586   -1602.163           0.000      -0.000             239               0
  130       -1203.915   -1013.765           0.000       0.000             130               0
  234         523.517    1077.643           0.000      -0.000             234               0
  237         156.275    -532.924           0.000       0.000             237               0
   52        1165.018     -93.776           0.000      -0.000              52               0
  185         636.682    1218.855           0.000       0.000             185               0
  154         875.387    1042.748           0.000      -0.000             154               0
    6        -744.270    -412.718           0.000       0.000               6               0
   74         491.444    1026.261           0.000      -0.000              74               0
   41        -307.512     -88.960           0.000       0.000              41               0
  139        -669.826     413.193           0.000      -0.000             139               0
  134        -147.822     478.333           0.000       0.000             134               0
  112        -617.069    1112.787           0.000      -0.000             112               0
  163       -1445.877    -524.076           0.000       0.000             163               0
   22        2048.814     200.796           0.000      -0.000              22               0
   53       -1854.024    -784.700           0.000       0.000              53               0
   21       -1883.304     836.865           0.000      -0.000              21               0
  207        -305.798      62.723           0.000       0.000             207               0
   29         667.543     661.775           0.000      -0.000              29               0
   90       -1553.077     513.208           0.000       0.000              90               0
   63        -597.120     -40.503           0.000      -0.000              63               0
   38         444.399   -2086.299           0.000       0.000              38               0
    9        -625.802    2510.448           0.000      -0.000               9               0
  165        -659.589     775.878           0.000       0.000             165               0
  107        -714.045    1222.265           0.000      -0.000             107               0
  230       -2213.607     127.745           0.000       0.000             230               0
   70        3617.562   -1096.917           0.000      -0.000              70               0
   16        2367.551     728.255           0.000       0.000              16               0
  190          84.727    -930.717           0.000      -0.000             190               0
   39          48.779    -611.803           0.000       0.000              39               0
  169         832.204    -352.710           0.000      -0.000             169               0
   33       -1259.892     895.214           0.000       0.000              33               0
   96         645.662     468.522           0.000      -0.000              96               0
  225        -392.531    -416.287           0.000       0.000             225               0
  163         295.343   -1311.862           0.000      -0.000             163               0
   95         143.078    1452.320           0.000       0.000              95               0
   68        2260.962    -277.855           0.000      -0.000              68               0
  141         -88.633     -86.631           0.000       0.000             141               0
   16       -3246.417    1668.327           0.000      -0.000              16               0
   83         275.407    -899.485           0.000       0.000              83               0
    9        -951.635     250.095           0.000      -0.000               9               0
  206         -32.205    -344.613           0.000       0.000             206               0
   98         360.440    -706.890           0.000      -0.000              98               0
  242         241.382     180.652           0.000       0.000             242               0
  119           4.114    -835.729           0.000      -0.000             119               0
  120        1768.100    -113.826           0.000       0.000             120               0
  175        2510.709    -563.237           0.000      -0.000             175               0
   62        -204.648     485.819           0.000       0.000              62               0
  119         869.393    2252.204           0.000      -0.000             119               0
  201        1187.915    -986.387           0.000       0.000             201               0
   49         921.824      21.929           0.000      -0.000              49               0
   95        1373.625   -1763.968           0.000       0.000              95               0
  102        -150.438    -130.730           0.000      -0.000             102               0
  120         534.631    1889.391           0.000       0.000             120               0
  158         -62.769     411.095           0.000      -0.000             158               0
  189        -660.840    1434.590           0.000       0.000             189               0
  215        1431.057    1116.028           0.000      -0.000             215               0
    0         452.289    -453.478           0.000       0.000              -0               0
  161          29.266    3269.489           0.000      -0.000             161               0
  131        -663.248     344.420           0.000       0.000             131               0
  158        -755.221   -1020.965           0.000      -0.000             158               0
  203        2435.032    -731.843           0.000       0.000             203               0
  229        2644.347   -1112.247           0.000      -0.000             229               0
  120         288.038     421.901           0.000       0.000             120               0
  246         954.936    -590.347           0.000      -0.000             246               0
  181        1798.571    2599.748           0.000       0.000             181               0
   87        -659.848    1526.309           0.000      -0.000              87               0
  194        -197.398    -267.953           0.000       0.000             194               0
  108         654.353    -255.932           0.000      -0.000             108               0
   87        -666.964     -98.920           0.000       0.000              87               0
   75        -315.667      -9.861           0.000      -0.000              75               0
  144       -3049.302    -371.380           0.000       0.000             144               0
  194         445.243   -1201.040           0.000      -0.000             194               0
  150        -564.020     883.915           0.000       0.000             150               0
    8       -1218.140     871.569           0.000      -0.000               8               0
  117       -1044.201     945.748           0.000       0.000             117               0
  201         947.030    -342.394           0.000      -0.000             201               0
   73         504.435    -295.114           0.000       0.000              73               0
  193        1049.744   -1387.174           0.000      -0.000             193               0
   47        1028.509    1359.910           0.000       0.000              47               0
  242        1650.914     966.312           0.000      -0.000             242               0
  130        -514.205   -1036.370           0.000       0.000             130               0
   20        1045.647    1114.287           0.000      -0.000              20               0
   18        -924.282     -90.706           0.000       0.000              18               0
  174        1849.637   -1812.828           0.000      -0.000             174               0
  246       -1899.662   -1896.848           0.000       0.000             246               0
  245        1274.674    1093.953           0.000      -0.000             245               0
  164       -2966.038    1574.897           0.000       0.000             164               0
    4       -1958.413    1250.809           0.000      -0.000               4               0
  117        -454.682    -813.482           0.000       0.000             117               0
  192       -1221.145    1591.599           0.000      -0.000             192               0
   59        2128.075    -257.454           0.000       0.000              59               0
  121        1542.006    -291.660           0.000      -0.000             121               0
   63        -483.428      98.030           0.000       0.000              63               0
  155        -931.478     196.500           0.000      -0.000             155               0
    4        -465.818    -117.892           0.000       0.000               4               0
  213         414.436   -1777.762           0.000      -0.000             213               0
   13        1822.777    1268.427           0.000       0.000              13               0
  231       -1202.243     966.553           0.000      -0.000             231               0
    6        -529.881   -1544.372           0.000       0.000               6               0
  201        -675.906    1050.451           0.000      -0.000             201               0
  226        1109.752    1524.309           0.000       0.000             226               0
  163        1950.777   -2656.960           0.000      -0.000             163               0
  156        1351.035    2360.765           0.000       0.000             156               0
   52       -1076.249     -75.222           0.000      -0.000              52               0
  245          41.450    1520.749           0.000       0.000             245               0
   36       -1227.373    1785.882           0.000      -0.000              36               0
   75         424.682    1572.391           0.000       0.000              75               0
  130         147.172    -557.552           0.000      -0.000             130               0
   91         952.663   -1920.511           0.000       0.000              91               0
   65         -89.066     397.033           0.000      -0.000              65               0
  212         864.400   -1101.840           0.000       0.000             212               0
  196          77.952     142.702           0.000      -0.000             196               0
  133        -800.094    -968.991           0.000       0.000             133               0
   23          84.929    2981.239           0.000      -0.000              23               0
  208        -623.393    -204.431           0.000       0.000             208               0
   76        1944.391    -975.149           0.000      -0.000              76               0
  185        -919.940    -772.261           0.000       0.000             185               0
  104         -55.535   -1246.144           0.000      -0.000             104               0
  227        2686.008    -244.840           0.000       0.000             227               0
  248         537.873    -173.937           0.000      -0.000             248               0
   25        1382.222   -1516.710           0.000       0.000              25               0
   62       -1743.424   -2497.928           0.000      -0.000              62               0
  218         221.213     969.201           0.000       0.000             218               0
  111        -463.129    -569.453           0.000      -0.000             111               0
  133         -97.399    -489.119           0.000       0.000             133               0
  128        1946.729     129.871           0.000      -0.000             128               0
  232       -1128.495     374.402           0.000       0.000             232               0
  151       -2441.449   -2305.060           0.000      -0.000             151               0
  166       -2130.049     272.114           0.000       0.000             166               0
   39       -2384.735     -76.479           0.000      -0.000              39               0
  250       -2746.425    1370.240           0.000       0.000             250               0
   80       -1428.529   -1236.783           0.000      -0.000              80               0
   95        -613.682    -409.188           0.000       0.000              95               0
  136         856.653    2281.372           0.000      -0.000             136               0
  201         391.887    -122.768           0.000       0.000             201               0
  119       -1729.942    1839.949           0.000      -0.000             119               0
   72        -410.712    -177.118           0.000       0.000              72               0
  194         -55.393     211.787           0.000      -0.000             194               0
   51         484.149    1930.930           0.000       0.000              51               0
  197          32.680    -943.606           0.000      -0.000             197               0
   67       -1181.902   -1378.976           0.000       0.000              67               0
   73       -1195.369     616.248           0.000      -0.000              73               0
   96        1018.179   -2051.504           0.000       0.000              96               0
  225        -992.994   -1317.577           0.000      -0.000             225               0
  180          24.984    -841.040           0.000       0.000             180               0
  160        1359.797    2903.742           0.000      -0.000             160               0
  170       -1017.783    -655.192           0.000       0.000             170               0
  239        1068.580    1016.326           0.000      -0.000             239               0
   63         475.089    -394.110           0.000       0.000              63               0
  132       -1831.635   -2495.013           0.000      -0.000             132               0
   12       -1846.609    2324.641           0.000       0.000              12               0
    2         124.516   -1855.727           0.000      -0.000               2               0
  245         501.779    -571.410           0.000       0.000             245               0
   26         194.256   -1681.259           0.000      -0.000              26               0
  254        -286.484    -630.437           0.000       0.000             254               0
  201         799.449    2121.498           0.000      -0.000             201               0
  117          97.986    -332.789           0.000       0.000             117               0
  146        1235.520     221.554           0.000      -0.000             146               0
  185       -1710.823     601.642           0.000       0.000             185               0
    0        1864.014    1098.844           0.000      -0.000              -0               0
   54         358.830    -913.557           0.000       0.000              54               0
  144         877.916    1275.659           0.000      -0.000             144               0
   91        1231.958   -1014.659           0.000       0.000              91               0
   65          56.762   -1043.180           0.000      -0.000              65               0
  198         -48.271     925.449           0.000       0.000             198               0
   23       -1384.015   -2941.977           0.000      -0.000              23               0
    2        -427.156     362.142           0.000       0.000               2               0
   73        1033.754     420.125           0.000      -0.000              73               0
   71          65.273   -1591.166           0.000       0.000              71               0
   96        -275.834   -1563.384           0.000      -0.000              96               0
  108        2359.171     987.819           0.000       0.000             108               0
   48        -272.205     123.334           0.000      -0.000              48               0
   38        2300.000       0.422           0.000       0.000              38               0
  158        -272.228    -123.346           0.000       0.000             158               0
  255        2359.346    -986.722           0.000       0.000             255               0
  179        -276.682    1563.616           0.000       0.000             179               0
  108          64.629    1591.112           0.000       0.000             108               0
  184        1033.669    -419.887           0.000       0.000             184               0
  118        -427.356    -362.060           0.000       0.000             118               0
  150       -1385.036    2941.447           0.000       0.000             150               0
  200         -47.797    -925.695           0.000       0.000             200               0
   11          56.606    1043.145           0.000       0.000              11               0
    3        1231.721    1014.737           0.000       0.000               3               0
   76         878.261   -1275.582           0.000       0.000              76               0
  196         358.457     913.510           0.000       0.000             196               0
  131        1864.079   -1098.438           0.000       0.000             131               0
  253       -1710.824    -602.217           0.000       0.000             253               0
   38        1235.577    -221.097           0.000       0.000              38               0
  237          97.706     332.733           0.000       0.000             237               0
  114         799.938   -2121.077           0.000       0.000             114               0
   31        -286.936     630.773           0.000       0.000              31               0
  110         193.524    1681.452           0.000       0.000             110               0
  116         501.314     571.541           0.000       0.000             116               0
  150         123.450    1855.473           0.000       0.000             150               0
  186       -1846.139   -2325.319           0.000       0.000             186               0
   37       -1832.327    2494.445           0.000       0.000              37               0
  178         475.203     393.871           0.000       0.000             178               0
  159        1068.840   -1016.181           0.000       0.000             159               0
  241       -1018.045     654.617           0.000       0.000             241               0
  192        1360.712   -2903.224           0.000       0.000             192               0
  205          24.399     841.468           0.000       0.000             205               0
  120        -993.559    1317.398           0.000       0.000             120               0
  227        1017.293    2051.626           0.000       0.000             227               0
   13       -1195.456    -616.888           0.000       0.000              13               0
  202       -1182.367    1378.396           0.000       0.000             202               0
   68          32.438     943.081           0.000       0.000              68               0
  153         484.701   -1931.140           0.000       0.000             153               0
  236         -55.551    -211.895           0.000       0.000             236               0
   52        -411.039     176.718           0.000       0.000              52               0
   95       -1729.368   -1840.662           0.000       0.000              95               0
  195         391.914     122.846           0.000       0.000             195               0
  134         857.144   -2280.966           0.000       0.000             134               0
  147        -614.295     409.328           0.000       0.000             147               0
  246       -1429.385    1236.281           0.000       0.000             246               0
   72       -2746.174   -1371.171           0.000       0.000              72               0
  185       -2384.661      75.885           0.000       0.000             185               0
   35       -2129.686    -272.539           0.000       0.000              35               0
  247       -2441.678    2304.289           0.000       0.000             247               0
   73       -1127.535    -374.947           0.000       0.000              73               0
   61        1947.301    -129.173           0.000       0.000              61               0
  232         -97.400     489.155           0.000       0.000             232               0
   14        -463.059     569.267           0.000       0.000              14               0
  238         221.759    -968.918           0.000       0.000             238               0
  163       -1743.807    2497.526           0.000       0.000             163               0
  168        1382.273    1516.918           0.000       0.000             168               0
    5         538.208     173.849           0.000       0.000               5               0
  162        2686.004     245.629           0.000       0.000             162               0
  142         -56.143    1245.962           0.000       0.000             142               0
   87        -920.044     771.650           0.000       0.000              87               0
   35        1944.122     975.367           0.000       0.000              35               0
   40        -623.575     203.602           0.000       0.000              40               0
  220          85.939   -2981.392           0.000       0.000             220               0
  235        -800.304     968.815           0.000       0.000             235               0
   86          78.255    -142.747           0.000       0.000              86               0
  107         864.163    1101.969           0.000       0.000             107               0
  217         -88.836    -397.222           0.000       0.000             217               0
   87         952.076    1920.540           0.000       0.000              87               0
  210         146.939     556.913           0.000       0.000             210               0
  158         425.098   -1572.851           0.000       0.000             158               0
   25       -1226.767   -1786.564           0.000       0.000              25               0
  247          42.116   -1520.733           0.000       0.000             247               0
  207       -1075.946      74.818           0.000       0.000             207               0
  109        1352.228   -2360.119           0.000       0.000             109               0
  205        1949.919    2657.643           0.000       0.000             205               0
  211        1109.971   -1524.212           0.000       0.000             211               0
  148        -675.808   -1050.529           0.000       0.000             148               0
  193        -530.457    1544.167           0.000       0.000             193               0
   21       -1201.693    -967.160           0.000       0.000              21               0
  115        1823.351   -1267.640           0.000       0.000             115               0
   84         413.649    1777.981           0.000       0.000              84               0
  158        -466.011     117.516           0.000       0.000             158               0
  234        -931.365    -196.967           0.000       0.000             234               0
  229        -483.107     -98.291           0.000       0.000             229               0
  115        1542.108     292.035           0.000       0.000             115               0
  236        2127.657     257.874           0.000       0.000             236               0
   47       -1221.051   -1592.135           0.000       0.000              47               0
   92        -455.226     813.212           0.000       0.000              92               0
  133       -1958.165   -1251.694           0.000       0.000             133               0
  182       -2965.124   -1575.813           0.000       0.000             182               0
  167        1275.433   -1093.102           0.000       0.000             167               0
  249       -1899.930    1896.532           0.000       0.000             249               0
  138        1849.381    1813.259           0.000       0.000             138               0
   28        -924.104      90.013           0.000       0.000              28               0
    3        1046.287   -1114.074           0.000       0.000               3               0
  197        -514.266    1036.043           0.000       0.000             197               0
  187        1651.516    -966.015           0.000       0.000             187               0
  218        1029.001   -1359.457           0.000       0.000             218               0
   31        1049.201    1387.601           0.000       0.000              31               0
  144         504.188     295.088           0.000       0.000             144               0
  188         946.612     342.425           0.000       0.000             188               0
  104       -1044.200    -946.348           0.000       0.000             104               0
  197       -1217.890    -872.033           0.000       0.000             197               0
   13        -563.625    -883.947           0.000       0.000              13               0
  175         444.727    1201.267           0.000       0.000             175               0
  140       -3049.324     370.197           0.000       0.000             140               0
   49        -315.215       9.584           0.000       0.000              49               0
  193        -666.550      98.533           0.000       0.000             193               0
   77         654.657     255.923           0.000       0.000              77               0
   15        -197.191     267.489           0.000       0.000              15               0
  187        -658.807   -1526.905           0.000       0.000             187               0
   24        1799.926   -2599.030           0.000       0.000              24               0
   46         954.968     590.919           0.000       0.000              46               0
  151         288.535    -421.668           0.000       0.000             151               0
  123        2644.210    1113.200           0.000       0.000             123               0
   49        2434.481     732.500           0.000       0.000              49               0
  159        -755.908    1020.320           0.000       0.000             159               0
  233        -663.114    -345.247           0.000       0.000             233               0
  115          30.533   -3269.646           0.000       0.000             115               0
   37         452.327     453.674           0.000       0.000              37               0
  117        1431.409   -1115.697           0.000       0.000             117               0
   16        -660.406   -1434.764           0.000       0.000              16               0
  177         -62.455    -411.035           0.000       0.000             177               0
  103         535.430   -1888.958           0.000       0.000             103               0
  242        -150.237     131.147           0.000       0.000             242               0
  101        1373.274    1764.559           0.000       0.000             101               0
   79         921.930     -21.708           0.000       0.000              79               0
  176        1187.613     986.541           0.000       0.000             176               0
  146         870.083   -2252.021           0.000       0.000             146               0
   38        -204.359    -485.610           0.000       0.000              38               0
    7        2510.582     564.265           0.000       0.000               7               0
  201        1767.699     114.522           0.000       0.000             201               0
  179           3.447     835.740           0.000       0.000             179               0
   86         241.187    -180.590           0.000       0.000              86               0
  240         359.923     706.989           0.000       0.000             240               0
   73         -32.650     344.458           0.000       0.000              73               0
  165        -951.757    -250.512           0.000       0.000             165               0
  188         274.846     899.352           0.000       0.000             188               0
  226       -3245.795   -1669.556           0.000       0.000             226               0
   71         -88.105      86.676           0.000       0.000              71               0
   52        2261.043     278.521           0.000       0.000              52               0
  160         143.440   -1452.184           0.000       0.000             160               0
  166         294.819    1312.080           0.000       0.000             166               0
   77        -392.683     415.978           0.000       0.000              77               0
   63         645.768    -468.470           0.000       0.000              63               0
   63       -1259.524    -895.591           0.000       0.000              63               0
  125         832.267     353.117           0.000       0.000             125               0
  182          48.669     611.830           0.000       0.000             182               0
  211          84.687     930.558           0.000       0.000             211               0
   72        2367.955    -727.606           0.000       0.000              72               0
  175        3616.584    1097.957           0.000       0.000             175               0
  231       -2214.252    -128.872           0.000       0.000             231               0
  167        -713.828   -1222.763           0.000       0.000             167               0
  204        -659.445    -776.236           0.000       0.000             204               0
   38        -624.976   -2510.402           0.000       0.000              38               0
   86         443.605    2086.673           0.000       0.000              86               0
  166        -597.342      40.103           0.000       0.000             166               0
  130       -1552.866    -513.864           0.000       0.000             130               0
   63         667.808    -661.569           0.000       0.000              63               0
  109        -305.986     -62.828           0.000       0.000             109               0
  247       -1883.072    -837.415           0.000       0.000             247               0
   71       -1853.877     784.128           0.000       0.000              71               0
   82        2049.073    -200.181           0.000       0.000              82               0
   21       -1446.097     523.432           0.000       0.000              21               0
  195        -616.478   -1113.138           0.000       0.000             195               0
  247        -147.460    -478.366           0.000       0.000             247               0
  102        -669.457    -413.376           0.000       0.000             102               0
  255        -307.205      88.832           0.000       0.000             255               0
  239         492.046   -1026.063           0.000       0.000             239               0
   43        -744.084     412.485           0.000       0.000              43               0
   74         876.119   -1042.488           0.000       0.000              74               0
  229         637.346   -1218.415           0.000       0.000             229               0
   13        1165.107      94.484           0.000       0.000              13               0
   30         156.152     533.123           0.000       0.000              30               0
  119         523.920   -1077.194           0.000       0.000             119               0
   79       -1203.997    1013.772           0.000       0.000              79               0
  225         781.571    1602.592           0.000       0.000             225               0
  198        2588.536    1747.141           0.000       0.000             198               0
  125        1998.869    -238.958           0.000       0.000             125               0
  151        -556.445    1112.703           0.000       0.000             151               0
  182         692.321    -556.115           0.000       0.000             182               0
   87         371.841     956.295           0.000       0.000              87               0
  128        -758.205     394.433           0.000       0.000             128               0
  171        2410.095    -193.350           0.000       0.000             171               0
   80          38.636     232.137           0.000       0.000              80               0
  249        -852.163    -600.658           0.000       0.000             249               0
  225         275.787   -2107.708           0.000       0.000             225               0
   34        -350.878    -463.720           0.000       0.000              34               0
  140        -630.333     679.922           0.000       0.000             140               0
  110         389.577   -1030.040           0.000       0.000             110               0
  223         356.384    1146.819           0.000       0.000             223               0
   94       -1140.088     331.408           0.000       0.000              94               0
  181        1682.778    2142.778           0.000       0.000             181               0
  221        1044.487    -821.215           0.000       0.000             221               0
  161        -927.728   -1451.070           0.000       0.000             161               0
  243        -170.009   -1657.501           0.000       0.000             243               0
  228        -683.900    -927.978           0.000       0.000             228               0
   29       -1314.391   -1201.057           0.000       0.000              29               0
  226        1756.812    1404.655           0.000       0.000             226               0
  250         540.373    1381.722           0.000       0.000             250               0
  156       -2788.282    1598.138           0.000       0.000             156               0
  140         869.878    -335.355           0.000       0.000             140               0
   66         238.002     690.590           0.000       0.000              66               0
  217         624.834      56.753           0.000       0.000             217               0
   36         -52.105    -993.125           0.000       0.000              36               0
   23       -1138.979    1471.950           0.000       0.000              23               0
   86         195.056   -1402.508           0.000       0.000              86               0
  253        -490.987    -143.298           0.000       0.000             253               0
   80        -285.779   -2306.052           0.000       0.000              80               0
  177         120.154     881.197           0.000       0.000             177               0
  212        2094.805     962.782           0.000       0.000             212               0
  109        -731.897    -367.860           0.000       0.000             109               0
  198         662.695   -2009.436           0.000       0.000             198               0
   50       -1828.832     877.198           0.000       0.000              50               0
  251        1133.749     277.256           0.000       0.000             251               0
  142          98.836    1118.270           0.000       0.000             142               0
  154        1069.574      41.701           0.000       0.000             154               0
  244        1914.993     730.978           0.000       0.000             244               0
  127        -497.310    -706.821           0.000       0.000             127               0
  146        -624.200      49.544           0.000       0.000             146               0
   81        -916.691    -566.165           0.000       0.000              81               0
  181         104.932     439.232           0.000       0.000             181               0
   67       -1847.612    2168.955           0.000       0.000              67               0
  200         417.116     529.103           0.000       0.000             200               0
  223       -1856.652   -1136.724           0.000       0.000             223               0
  174         333.594    -360.409           0.000       0.000             174               0
   43        1259.166    -488.963           0.000       0.000              43               0
  237        1227.025    1995.939           0.000       0.000             237               0
  210        -467.729     394.667           0.000       0.000             210               0
  135        -846.362    -453.363           0.000       0.000             135               0
   33        -206.708      17.214           0.000       0.000              33               0
  235         177.191     511.633           0.000       0.000             235               0
   59        -315.422   -1908.313           0.000       0.000              59               0
   69        -955.102     351.967           0.000       0.000              69               0
  193         482.995    -962.260           0.000       0.000             193               0
  190         780.249    -251.391           0.000       0.000             190               0
  216        -647.960    -767.313           0.000       0.000             216               0
  192         734.085     745.755           0.000       0.000             192               0
    4        -726.487    -261.634           0.000       0.000               4               0
  135        -300.852     258.793           0.000       0.000             135               0
  152        -228.538    -658.986           0.000       0.000             152               0
  169        -114.483    -181.667           0.000       0.000             169               0
   91        -832.074   -2416.267           0.000       0.000              91               0
   60        -744.413     192.984           0.000       0.000              60               0
  112         -90.866     831.814           0.000       0.000             112               0
   85         877.794    1227.576           0.000       0.000              85               0
  140        1068.017     156.618           0.000       0.000             140               0
  222         252.163    -741.071           0.000       0.000             222               0
  179         -83.926    -679.149           0.000       0.000             179               0
   85       -2409.576   -1086.574           0.000       0.000              85               0
   41        -450.610    -449.215           0.000       0.000              41               0
  249        -497.596    2989.281           0.000       0.000             249               0
  123        1243.015    -265.966           0.000       0.000             123               0
  166        -494.868   -1021.750           0.000       0.000             166               0
   41           5.847    -316.441           0.000       0.000              41               0
  204       -2348.160     -90.824           0.000       0.000             204               0
   48         204.030   -2195.685           0.000       0.000              48               0
   56        -224.097   -1975.729           0.000       0.000              56               0
  159        -787.034   -2147.851           0.000       0.000             159               0
