SINAL     NFT                         FFT                         NFT INVERSA     FFT INVERSA
-----     -----------------------     -----------------------     -----------     -----------
  107       65499.000       0.000           0.000       0.000             107               1
  249       -2230.948    -135.600         -25.491      46.464             249               0
  215         -58.346    -705.798           0.000       0.000             215              -0
  237        -130.593    1444.664        -132.137      51.904             237               0
  139         103.544     -34.221           0.000       0.000             139               0
  151        1493.689     380.787         131.966      62.353             151              -0
    1        1174.389    -540.765           0.000       0.000               1              -0
  172         829.271    2319.951         -29.212      39.897             172               0
  164       -2489.755   -1676.195           0.000       0.000             164               0
  108       -1096.116   -1116.558          -3.084       5.020             108               0
    0         858.563     439.090           0.000       0.000               0              -0
  136       -1213.165    -945.682         -36.714      12.379             136               0
    8        3203.032     903.809           0.000       0.000               8               0
  192         -53.742    1512.607          49.563      26.467             192              -0
    1         799.901     417.378           0.000       0.000               1              -0
  205        3139.622    2363.836          -8.324      20.451             205               0
   86        -297.174     539.679           0.000       0.000              86               0
  104         -93.545   -1614.756          -1.763       2.578             104               0
   64        1688.608    1047.394           0.000       0.000              64              -0
  111         -70.180     682.148         -21.614       6.124             111               0
   25        -361.352   -1607.052           0.000       0.000              25               0
  193         937.313   -1859.857          29.892      17.901             193              -0
   62       -1694.835   -1882.411           0.000       0.000              62              -0
    9          93.563      22.162         -10.068      11.246               9               0
  141        -706.276   -1329.862           0.000       0.000             141               0
  208        -101.390    4031.874          -1.286       1.695             208               0
  249         923.053   -1643.280           0.000       0.000             249              -0
   59        2736.731   -1607.134         -15.439       3.567              59               0
  164         243.282     777.974           0.000       0.000             164               0
    6       -1222.386     343.456          21.037      14.045               6              -0
  199        -180.950     658.902           0.000       0.000             199              -0
  124         241.290   -2688.767          -3.515      10.018             124               0
  235        1304.086    -482.152           0.000       0.000             235               0
  140        1197.400    1173.346          -1.039       1.239             140               0
  180         223.259     672.993           0.000       0.000             180              -0
  162       -1737.413    -899.890         -12.068       2.170             162               0
  133        1497.345     -75.807           0.000       0.000             133               0
  150       -1189.630    -116.117          15.981      11.843             150              -0
  103         390.055    1411.742           0.000       0.000             103              -0
  120       -1593.998   -1094.108          -6.600       6.056             120               0
  140        2014.460   -2080.736           0.000       0.000             140               0
   73       -1355.661   -1339.212          -0.888       0.958              73               0
  113        1075.230     782.854           0.000       0.000             113              -0
   18         661.248    -254.856          -9.937       1.288              18               0
    1         827.581      58.864           0.000       0.000               1               0
  121        1363.735    -639.885          12.699      10.413             121              -0
   56       -1197.878     396.096           0.000       0.000              56              -0
  103         172.427    1185.833          -3.928       5.957             103               0
   80        -693.410    -590.446           0.000       0.000              80               0
   57       -2102.926    -739.983          -0.785       0.768              57               0
   98       -1584.175   -2225.311           0.000       0.000              98              -0
   34        1028.444     -17.143          -8.461       0.676              34               0
  103       -1033.666     542.969           0.000       0.000             103               0
   29       -1163.885     551.214          10.387       9.406              29              -0
  107          68.618    -730.587           0.000       0.000             107              -0
  185         923.584    1496.633          -5.127       3.851             185               0
  231        -751.708   -2863.845           0.000       0.000             231               0
  175       -1226.482    -299.776          -0.710       0.630             175               0
   29        1856.018    -640.978           0.000       0.000              29              -0
  119         111.679    2493.031          -7.375       0.226             119               0
  120       -2033.039     851.996           0.000       0.000             120               0
   51          53.528   -3359.997           8.662       8.656              51              -0
  212        1034.920    -793.206           0.000       0.000             212              -0
  114         277.538     766.203          -2.358       4.757             114               0
   36         478.288     -19.709           0.000       0.000              36               0
  172        1264.474     573.983          -0.653       0.524             172               0
  128         422.009   -1697.564           0.000       0.000             128              -0
   25         535.312   -1649.633          -6.538      -0.120              25               0
   65       -1931.762   -1307.161           0.000       0.000              65               0
  243        -542.713   -1319.582           7.321       8.072             243              -0
   36          83.490     107.141           0.000       0.000              36              -0
  156        1471.668    -146.481          -4.299       2.613             156               0
   54       -2505.794    1598.738           0.000       0.000              54               0
   86        1322.785    -329.708          -0.608       0.441              86               0
  226        1067.943    -280.020           0.000       0.000             226              -0
   97       -1128.197     169.788          -5.870      -0.397              97               0
  255         175.276    -429.572           0.000       0.000             255               0
  100        -497.449    1160.474           6.244       7.603             100              -0
  218         247.184   -1133.031           0.000       0.000             218              -0
  238        -272.890    -729.219          -3.061       3.098             238               0
  179       -1213.040   -2340.744           0.000       0.000             179               0
  147         230.901     313.701          -0.571       0.373             147               0
    5        1319.387     773.904           0.000       0.000               5              -0
  237        1222.199   -1927.695          -5.323      -0.623             237               0
  127         282.752   -1984.381           0.000       0.000             127               0
  132       -1629.238     513.666           5.356       7.216             132              -0
  103        -754.106     406.519           0.000       0.000             103              -0
  158        -715.541    -684.037          -3.761       1.807             158               0
   74        -535.218     136.292           0.000       0.000              74               0
   16       -2291.682   -1407.861          -0.541       0.316              16               0
   15        1041.290    1118.064           0.000       0.000              15              -0
  167       -1740.379     188.818          -4.865      -0.813             167               0
   52       -1753.828    -901.692           0.000       0.000              52               0
  246         332.854     -89.848           4.607       6.890             246              -0
  252       -1863.721   -1448.012           0.000       0.000             252              -0
  160        -642.544    -296.385          -2.432       2.717             160               0
   61           9.190    -349.565           0.000       0.000              61               0
  211         486.347   -1176.321          -0.514       0.268             211               0
   85        2284.935    2070.180           0.000       0.000              85              -0
  143       -1082.203     -51.077          -4.473      -0.976             143               0
  227       -1272.288     -18.461           0.000       0.000             227               0
  146         651.298   -2417.032           3.965       6.610             146              -0
  215        1340.780     693.949           0.000       0.000             215              -0
   42        1047.227   -1203.745          -3.376       1.232              42               0
  218          72.514    -827.268           0.000       0.000             218               0
  218         148.343   -1683.581          -0.492       0.226             218               0
  197       -1235.359    -359.973           0.000       0.000             197              -0
   27         766.333     886.261          -4.133      -1.116              27               0
   39        -970.133    1230.297           0.000       0.000              39               0
   69         728.904    1075.302           3.406       6.367              69              -0
  183       -1128.122    -572.200           0.000       0.000             183              -0
  131       -1737.363    1846.095          -2.669       1.807             131               0
   46        2929.877   -1378.921           0.000       0.000              46               0
   60        -930.731     273.994          -0.472       0.190              60               0
  184       -3460.963    1183.946           0.000       0.000             184              -0
   22       -1320.479     134.136          -3.834      -1.240              22               0
   68          98.586     694.123           0.000       0.000              68               0
  200        1508.452   -1940.499           2.912       6.152             200              -0
  255        1297.257   -1627.280           0.000       0.000             255              -0
  244        1412.647    1171.460          -3.083       0.792             244               0
  118        1371.962     938.675           0.000       0.000             118               0
    5         121.696    1442.497          -0.455       0.157               5               0
  117         264.474     815.007           0.000       0.000             117              -0
  103         863.425    -778.222          -3.567      -1.351             103               0
  195          53.198    -226.430           0.000       0.000             195               0
   22         931.055     850.632           2.471       5.959              22              -0
  118        2162.138    1866.797           0.000       0.000             118              -0
   94        -390.174    -116.804          -2.074       1.950              94               0
   99       -1673.052    -292.136           0.000       0.000              99               0
  101        -364.389    2516.405          -0.439       0.128             101               0
  243         153.117    -804.861           0.000       0.000             243              -0
  210       -1107.285    -788.822          -3.327      -1.450             210               0
  122        -131.834   -1452.490           0.000       0.000             122               0
  176          60.286     497.590           2.073       5.786             176              -0
  169        1434.963     829.977           0.000       0.000             169              -0
   18        -593.541     627.059          -2.848       0.440              18               0
  166         199.353     287.034           0.000       0.000             166               0
  246        -344.805     690.589          -0.425       0.101             246               0
  150         344.542    -442.941           0.000       0.000             150              -0
  219        -535.220    1950.169          -3.108      -1.541             219               0
   29       -1799.490    1038.782           0.000       0.000              29               0
  210         127.955    -144.839           1.710       5.628             210              -0
  252         555.998    -331.110           0.000       0.000             252              -0
   39       -2491.345   -1602.769          -2.432       1.025              39               0
   22       -1063.602     261.282           0.000       0.000              22               0
   72       -1090.513   -1229.336          -0.411       0.077              72               0
  206          17.232    -262.156           0.000       0.000             206              -0
   11         332.997    -362.642          -2.908      -1.624              11               0
   68         622.471    -434.581           0.000       0.000              68               0
  234         264.258   -2785.523           1.375       5.482             234              -0
    7       -1332.537    -841.932           0.000       0.000               7              -0
  228        -888.604   -1795.270          -2.651       0.147             228               0
   97        -727.303     598.477           0.000       0.000              97               0
   85        -596.838    -349.833          -0.399       0.055              85               0
  224        -703.748   -1656.217           0.000       0.000             224              -0
  228         474.784    -536.305          -2.723      -1.701             228               0
   52        -105.009     447.695           0.000       0.000              52               0
  138         465.386     144.819           1.066       5.347             138              -0
  160         105.979    1051.634           0.000       0.000             160              -0
  119       -1362.804   -1354.660          -2.185       1.050             119               0
  241       -1049.817   -1366.133           0.000       0.000             241               0
  102       -1451.631     521.588          -0.388       0.034             102               0
   98        1189.842    -119.156           0.000       0.000              98              -0
  135        1450.435    -508.177          -2.550      -1.772             135               0
   17       -1408.836    1620.673           0.000       0.000              17               0
  107        2107.388     311.525           0.777       5.221             107              -0
  183        -815.139   -1955.701           0.000       0.000             183              -0
  107         -94.864    -486.350          -2.482      -0.107             107               0
  163        -459.699     379.572           0.000       0.000             163               0
  206        -990.174     258.541          -0.377       0.014             206               0
   85        1615.657    -805.131           0.000       0.000              85              -0
  244        -409.157      92.279          -2.387      -1.840             244               0
   12        -459.552    1149.453           0.000       0.000              12               0
   95         391.210   -1973.145           0.505       5.103              95              -0
  242         865.857   -1163.600           0.000       0.000             242              -0
   91       -2078.410    1071.950          -2.262       0.464              91               0
   53         366.056    -432.296           0.000       0.000              53               0
  215       -1403.874   -1252.438          -0.368      -0.004             215               0
    3       -2513.536    1681.859           0.000       0.000               3              -0
  143         250.761     910.302          -2.234      -1.903             143               0
  109         537.142    -430.690           0.000       0.000             109               0
   92        -327.032   -1923.825           0.247       4.991              92              -0
  151         187.479     506.519           0.000       0.000             151              -0
  168        -241.282   -1765.119          -2.332      -0.331             168               0
  126        -283.385    1716.127           0.000       0.000             126               0
   20        -840.522    1401.910          -0.358      -0.022              20               0
   96        -680.505   -1051.331           0.000       0.000              96              -0
  187        -210.359   -2752.285          -2.088      -1.964             187               0
   62         884.720    3383.373           0.000       0.000              62               0
   56        1051.292   -1274.308           0.002       4.884              56              -0
   18       -1477.779     636.068           0.000       0.000              18              -0
   50        -290.913      37.622          -2.058       0.694              50               0
  150         817.891    -797.673           0.000       0.000             150               0
  231        -881.509   -1318.942          -0.349      -0.038             231              -0
   79        1789.069     600.219           0.000       0.000              79              -0
  206        1469.911     -54.975          -1.948      -2.021             206               0
  187        1404.131     -27.310           0.000       0.000             187               0
  170        1267.253     227.909          -0.233       4.782             170              -0
  237       -1544.565    -936.619           0.000       0.000             237              -0
   87         921.410    -325.397          -2.196      -0.536              87               0
   63          26.353     232.814           0.000       0.000              63               0
  221        -731.158     386.567          -0.340      -0.054             221              -0
  225         254.712     323.849           0.000       0.000             225              -0
  228         884.831    -782.165          -1.814      -2.077             228               0
  176        -403.350    -960.489           0.000       0.000             176               0
  191       -1007.790     133.644          -0.459       4.683             191              -0
  162        1131.049     900.267           0.000       0.000             162              -0
    5         492.945    -939.721          -2.125       0.013               5               0
   94        -806.921   -1631.239           0.000       0.000              94               0
   92         664.885     297.937          -0.332      -0.070              92              -0
  191        -816.569   -1784.180           0.000       0.000             191              -0
  153         704.928   -1142.319          -1.684      -2.131             153               0
   38       -3356.189    -235.565           0.000       0.000              38               0
   95        -697.865      59.408          -0.679       4.588              95              -0
  224        -351.897    1283.646           0.000       0.000             224              -0
  212        1533.636    -912.030          -2.069      -0.726             212               0
   98         644.264     463.291           0.000       0.000              98               0
  208         744.720    -635.929          -0.324      -0.085             208              -0
  124        -349.566   -2554.866           0.000       0.000             124              -0
  217        -788.229     522.234          -1.558      -2.183             217               0
  223        1514.637     295.020           0.000       0.000             223               0
  178         539.215    1845.608          -0.892       4.495             178              -0
   32        -103.202    -304.519           0.000       0.000              32              -0
   90       -1443.265    -927.863          -2.046       0.113              90               0
  182        1533.103   -2070.434           0.000       0.000             182               0
   76        -841.600     393.483          -0.316      -0.100              76              -0
  129       -1850.366    -840.301           0.000       0.000             129              -0
   19         359.688      48.981          -1.434      -2.234              19               0
   99         188.947   -1331.371           0.000       0.000              99               0
  144         262.712     321.915          -1.101       4.404             144              -0
  188        -977.580    -443.523           0.000       0.000             188              -0
  138        1993.021    1609.931          -1.948      -0.907             138               0
    5       -3277.586   -1551.707           0.000       0.000               5               0
  111        -302.332    -907.080          -0.308      -0.114             111              -0
   19         783.435    -426.607           0.000       0.000              19              -0
   29        1305.496     989.247          -1.313      -2.285              29               0
    0        2410.168     254.532           0.000       0.000              -0               0
   68        1834.135    -564.824          -1.307       4.314              68              -0
  221         918.497   -1325.275           0.000       0.000             221              -0
  247         883.425    -306.139          -2.004      -0.386             247               0
  119        1338.481      55.354           0.000       0.000             119               0
  196         717.212    -290.273          -0.300      -0.128             196              -0
  146         126.770   -1179.292           0.000       0.000             146              -0
   76         775.041   -2053.693          -1.193      -2.334              76               0
  194         539.181   -1792.752           0.000       0.000             194               0
  229        -989.424    -668.960          -1.510       4.226             229              -0
    0          63.772    -498.962           0.000       0.000              -0              -0
   48         174.056    -704.068          -1.831      -1.082              48               0
  113        -816.437   -1408.161           0.000       0.000             113               0
   88       -1225.553   -2738.202          -0.293      -0.142              88              -0
  216       -1163.538    -502.871           0.000       0.000             216              -0
    1         531.176    -131.709          -1.074      -2.384               1               0
  209        2018.235    -162.584           0.000       0.000             209               0
  110         -31.162      -0.479          -1.712       4.138             110              -0
   65          54.583    1816.622           0.000       0.000              65              -0
  198        -768.084     -23.608           0.000       0.000             198               0
  135        -977.000      -0.076           0.000       0.000             135               0
  143        -767.920      23.462          -0.285      -0.156             143              -0
  168          55.410   -1816.270           0.000       0.000             168              -0
  203         -30.905       1.042          -0.956      -2.433             203               0
  124        2018.204     163.777           0.000       0.000             124               0
  206         530.785     132.442          -1.914       4.050             206              -0
   67       -1163.958     503.154           0.000       0.000              67              -0
   61       -1226.441    2738.228          -1.715      -1.255              61               0
  152        -816.684    1407.980           0.000       0.000             152               0
  116         174.046     704.217          -0.278      -0.170             116              -0
  224          63.716     499.166           0.000       0.000             224              -0
  183        -989.392     668.922          -0.837      -2.482             183               0
  246         538.947    1793.167           0.000       0.000             246               0
  197         774.570    2053.920          -2.116       3.962             197              -0
  206         126.592    1179.110           0.000       0.000             206              -0
   61         717.395     290.311          -1.888      -0.768              61               0
  186        1338.673     -54.960           0.000       0.000             186               0
   23         883.412     306.507          -0.270      -0.185              23              -0
   89         918.187    1325.544           0.000       0.000              89              -0
  125        1834.013     565.222          -0.717      -2.531             125               0
   80        2410.017    -253.910           0.000       0.000              80               0
  155        1305.341    -988.741          -2.319       3.873             155              -0
    1         782.702     427.089           0.000       0.000               1              -0
  183        -303.283     907.086          -1.598      -1.430             183               0
  169       -3278.178    1550.406           0.000       0.000             169               0
  148        1993.609   -1609.367          -0.262      -0.199             148              -0
  189        -977.924     443.339           0.000       0.000             189              -0
  196         262.768    -321.655          -0.596      -2.581             196               0
  247         188.355    1331.540           0.000       0.000             247               0
  151         359.404     -48.838          -2.526       3.783             151              -0
  240       -1850.800     839.715           0.000       0.000             240              -0
   23        -841.246    -393.630          -1.929      -0.677              23               0
  196        1532.404    2071.006           0.000       0.000             196               0
  130       -1443.647     927.114          -0.254      -0.213             130              -0
  135        -103.105     304.115           0.000       0.000             135              -0
  219         539.991   -1845.537          -0.473      -2.632             219               0
   72        1514.612    -294.313           0.000       0.000              72               0
   78        -788.237    -522.130          -2.736       3.692              78              -0
  109        -350.345    2554.906           0.000       0.000             109              -0
  171         744.570     635.949          -1.478      -1.610             171               0
  232         644.370    -463.160           0.000       0.000             232               0
  182        1533.026     912.434          -0.246      -0.228             182              -0
  216        -351.944   -1283.800           0.000       0.000             216              -0
   83        -698.281     -59.419          -0.348      -2.684              83               0
   52       -3356.224     234.703           0.000       0.000              52               0
  237         704.815    1142.767          -2.951       3.598             237              -0
  157        -817.037    1783.838           0.000       0.000             157              -0
  241         665.082    -297.775          -1.767      -1.165             241               0
  252        -807.374    1630.925           0.000       0.000             252               0
  126         492.814     939.560          -0.238      -0.243             126              -0
  228        1131.265    -900.096           0.000       0.000             228              -0
  125       -1007.837    -133.924          -0.219      -2.738             125               0
  183        -403.503     960.352           0.000       0.000             183               0
  132         884.660     782.255          -3.172       3.502             132              -0
  131         254.732    -323.977           0.000       0.000             131              -0
  123        -731.011    -386.881          -1.351      -1.799             123               0
  183          26.595    -232.763           0.000       0.000             183               0
  172         921.296     325.777          -0.230      -0.259             172              -0
   17       -1544.713     936.022           0.000       0.000              17              -0
   17        1267.681    -227.616          -0.086      -2.793              17               0
   48        1404.223      27.735           0.000       0.000              48               0
  187        1469.815      55.422          -3.400       3.403             187              -0
   40        1788.891    -599.515           0.000       0.000              40              -0
   52        -882.288    1318.725          -1.936      -0.960              52               0
  209         817.396     797.765           0.000       0.000             209               0
  106        -291.238     -37.943          -0.221      -0.275             106              -0
   20       -1477.598    -636.615           0.000       0.000              20              -0
  189        1050.917    1274.434           0.052      -2.850             189               0
  127         885.594   -3382.944           0.000       0.000             127               0
   87        -211.630    2752.509          -3.637       3.299              87              -0
   29        -681.109    1050.752           0.000       0.000              29              -0
   20        -840.157   -1402.460          -1.216      -2.001              20               0
    7        -282.842   -1715.971           0.000       0.000               7               0
  174        -241.902    1765.246          -0.212      -0.292             174              -0
  247         187.567    -506.380           0.000       0.000             247              -0
   80        -327.767    1923.707           0.197      -2.910              80               0
   87         536.838     430.538           0.000       0.000              87               0
   14         250.638    -910.458          -3.885       3.191              14              -0
  144       -2513.222   -1682.529           0.000       0.000             144              -0
  201       -1404.115    1252.186          -1.632      -1.612             201               0
  157         365.978     432.344           0.000       0.000             157               0
  185       -2077.870   -1072.521          -0.202      -0.310             185              -0
  193         865.764    1164.128           0.000       0.000             193              -0
  227         390.559    1973.081           0.348      -2.973             227               0
  247        -459.160   -1149.827           0.000       0.000             247               0
  216        -408.953     -92.339          -4.146       3.078             216              -0
  185        1615.343     805.647           0.000       0.000             185              -0
  255        -990.261    -258.955          -1.068      -2.223             255               0
  197        -459.526    -379.639           0.000       0.000             197               0
  254         -94.971     486.489          -0.192      -0.329             254              -0
  192        -815.581    1955.289           0.000       0.000             192              -0
  143        2107.493    -311.180           0.508      -3.039             143               0
  173       -1408.347   -1621.147           0.000       0.000             173               0
   20        1450.319     508.820          -4.422       2.957              20              -0
  170        1189.415     119.582           0.000       0.000             170              -0
    0       -1451.833    -521.899          -1.791      -1.604              -0               0
  167       -1050.375    1365.936           0.000       0.000             167               0
  211       -1363.142    1353.999          -0.181      -0.348             211              -0
  124         106.528   -1051.764           0.000       0.000             124              -0
    2         465.461    -144.595           0.678      -3.109               2               0
  118        -104.905    -447.546           0.000       0.000             118               0
   47         474.462     536.742          -4.716       2.829              47              -0
   36        -704.489    1656.044           0.000       0.000              36              -0
  167        -597.050     349.531          -0.902      -2.472             167               0
   97        -727.160    -598.559           0.000       0.000              97               0
  243        -889.201    1795.162          -0.170      -0.370             243              -0
  169       -1332.618     841.552           0.000       0.000             169              -0
   95         263.593    2785.428           0.860      -3.185              95               0
  138         622.393     434.380           0.000       0.000             138               0
  196         332.773     362.479          -5.032       2.692             196              -0
   97          16.919     261.984           0.000       0.000              97              -0
   87       -1091.121    1228.706          -1.465      -2.163              87               0
  112       -1063.610    -261.879           0.000       0.000             112               0
   24       -2491.642    1601.643          -0.158      -0.392              24              -0
  233         556.228     330.793           0.000       0.000             233              -0
  242         127.909     144.340           1.057      -3.266             242               0
  151       -1799.017   -1039.876           0.000       0.000             151               0
  158        -534.194   -1950.480          -5.373       2.544             158              -0
   98         344.663     443.002           0.000       0.000              98              -0
   64        -344.365    -690.871          -0.709      -2.760              64               0
   30         199.649    -287.084           0.000       0.000              30               0
   19        -593.051    -627.360          -0.144      -0.417              19              -0
    4        1435.416    -829.475           0.000       0.000               4              -0
  131          60.402    -497.370           1.270      -3.355             131               0
  185        -132.363    1452.512           0.000       0.000             185               0
  235       -1107.445     788.222          -5.744       2.382             235              -0
  122         153.018     804.428           0.000       0.000             122              -0
   48        -363.479   -2516.776          -1.926      -2.048              48               0
   59       -1672.844     291.591           0.000       0.000              59               0
   38        -389.574     116.420          -0.129      -0.444              38              -0
  213        2163.178   -1866.202           0.000       0.000             213              -0
   91         931.398    -850.152           1.505      -3.452              91               0
   91          53.228     226.592           0.000       0.000              91               0
  185         863.282     778.392          -6.152       2.204             185              -0
   78         264.820    -815.145           0.000       0.000              78              -0
   41         122.376   -1442.465          -0.480      -3.104              41               0
   60        1372.448    -938.033           0.000       0.000              60               0
    1        1413.014   -1170.560          -0.113      -0.474               1              -0
    4        1296.534    1628.093           0.000       0.000               4              -0
   17        1507.383    1940.856           1.764      -3.559              17               0
  156          98.205    -694.354           0.000       0.000             156               0
  245       -1320.979    -134.708          -6.606       2.007             245              -0
  237       -3460.561   -1185.103           0.000       0.000             237              -0
   62        -930.089    -274.112          -1.233      -2.926              62               0
  226        2929.457    1379.815           0.000       0.000             226               0
  203       -1736.993   -1846.741          -0.095      -0.508             203              -0
  168       -1128.118     571.880           0.000       0.000             168              -0
  217         729.394   -1075.088           2.055      -3.680             217               0
  103        -969.619   -1230.415           0.000       0.000             103               0
  153         766.709    -885.565          -7.114       1.785             153              -0
   21       -1235.380     360.090           0.000       0.000              21              -0
  167         148.047    1683.936          -0.195      -3.530             167               0
   42          72.494     827.390           0.000       0.000              42               0
   50        1047.016    1204.060          -0.075      -0.545              50              -0
    1        1340.954    -693.396           0.000       0.000               1              -0
  121         650.195    2417.254           2.384      -3.816             121               0
  225       -1272.460      17.762           0.000       0.000             225               0
   80       -1081.958      50.492          -7.693       1.533              80              -0
  233        2285.723   -2069.292           0.000       0.000             233              -0
   78         485.649    1176.773          -1.551      -3.227              78               0
  235           8.733     349.650           0.000       0.000             235               0
  238        -642.983     296.310          -0.051      -0.589             238              -0
   93       -1864.290    1447.395           0.000       0.000              93              -0
   45         332.750      89.877           2.761      -3.972              45               0
  157       -1754.257     900.996           0.000       0.000             157               0
  191       -1740.083    -189.574          -8.359       1.243             191              -0
  242        1041.725   -1117.596           0.000       0.000             242              -0
  193       -2292.139    1407.213           0.176      -4.084             193               0
  122        -534.910    -136.488           0.000       0.000             122               0
  168        -715.562     683.789          -0.024      -0.639             168              -0
   98        -753.749    -406.766           0.000       0.000              98              -0
  141       -1628.620    -513.917           3.201      -4.154             141               0
   26         282.686    1984.715           0.000       0.000              26               0
   43        1221.932    1927.885          -9.138       0.904              43              -0
  249        1319.707    -773.667           0.000       0.000             249              -0
  246         230.874    -313.430          -0.856      -4.169             246               0
   99       -1213.790    2340.380           0.000       0.000              99               0
  252        -272.904     728.888           0.008      -0.698             252              -0
  132         246.959    1132.755           0.000       0.000             132              -0
   79        -496.910   -1160.884           3.724      -4.371              79               0
   75         175.279     429.564           0.000       0.000              75               0
   49       -1127.856    -170.260         -10.069       0.499              49              -0
  163        1068.173     280.305           0.000       0.000             163              -0
  254        1322.569     329.956           0.690      -4.854             254               0
   39       -2505.133   -1599.577           0.000       0.000              39               0
   38        1471.918     147.202           0.046      -0.769              38              -0
  114          83.502    -106.842           0.000       0.000             114              -0
  223        -543.164    1319.646           4.357      -4.633             223               0
   53       -1931.880    1306.589           0.000       0.000              53               0
   10         535.256    1649.724         -11.203       0.004              10              -0
   12         421.805    1697.329           0.000       0.000              12              -0
  198        1264.875    -573.925          -1.647      -4.885             198               0
   18         478.342      19.698           0.000       0.000              18               0
  191         277.883    -766.086           0.094      -0.857             191              -0
   35        1034.622     793.750           0.000       0.000              35              -0
  151          52.189    3359.673           5.146      -4.960             151               0
   88       -2032.664    -853.349           0.000       0.000              88               0
  135         112.907   -2493.052         -12.626      -0.615             135               0
   66        1855.817     641.822           0.000       0.000              66              -0
  148       -1226.690     299.511           1.469      -6.020             148               0
  117        -752.440    2863.343           0.000       0.000             117               0
    1         924.226   -1496.667           0.155      -0.970               1              -0
    7          68.276     730.486           0.000       0.000               7              -0
   77       -1163.708    -551.774           6.160      -5.380              77               0
   56       -1033.235    -543.279           0.000       0.000              56               0
   22        1028.510      17.702         -14.474      -1.420              22               0
  124       -1584.979    2224.773           0.000       0.000             124              -0
  192       -2102.840     738.965          -0.042      -6.852             192               0
  144        -693.045     589.817           0.000       0.000             144               0
  223         173.280   -1186.033           0.235      -1.119             223              -0
   67       -1197.167    -396.477           0.000       0.000              67              -0
  177        1364.116     640.312           7.520      -5.943             177               0
  107         827.931     -58.677           0.000       0.000             107               0
  182         661.420     254.999         -16.983      -2.512             182               0
  181        1075.568    -782.395           0.000       0.000             181              -0
   99       -1355.870    1338.939           2.824      -8.048              99               0
   14        2013.930    2081.231           0.000       0.000              14               0
  171       -1594.273    1093.053           0.348      -1.327             171              -0
  218         390.807   -1411.953           0.000       0.000             218              -0
  243       -1189.289     115.637           9.451      -6.743             243               0
  115        1497.612      76.212           0.000       0.000             115               0
  177       -1737.404     899.077         -20.607      -4.091             177               0
  221         224.112    -673.196           0.000       0.000             221              -0
  121        1198.275   -1172.903          -0.551      -9.966             121               0
   10        1304.147     482.821           0.000       0.000              10               0
  132         240.499    2688.643           0.517      -1.640             132              -0
  198        -180.565    -659.391           0.000       0.000             198              -0
   76       -1221.838    -344.051          12.424      -7.975              76               0
   37         244.257    -777.852           0.000       0.000              37               0
   21        2736.585    1608.035         -26.337      -6.586              21               0
  188         922.494    1643.015           0.000       0.000             188              -0
   95        -100.024   -4032.054           5.864     -12.598              95               0
  172        -706.520    1329.931           0.000       0.000             172               0
   72          93.820     -21.999           0.803      -2.168              72              -0
   64       -1694.989    1881.913           0.000       0.000              64              -0
  137         937.273    1859.904          17.632     -10.132             137               0
  129        -361.398    1606.341           0.000       0.000             129               0
  121         -69.263    -682.776         -36.837     -11.159             121               0
   48        1689.508   -1047.066           0.000       0.000              48              -0
   94         -93.637    1614.364           3.685     -19.139              94               0
  215        -296.198    -540.437           0.000       0.000             215               0
  128        3141.020   -2363.103           1.390      -3.254             128              -0
  107         800.299    -417.218           0.000       0.000             107              -0
  208         -52.702   -1512.674          29.202     -14.924             208               0
  109        3203.613    -902.532           0.000       0.000             109               0
    9       -1213.306     945.373         -62.511     -22.340               9               0
  130         859.095    -438.777           0.000       0.000             130              -0
  179       -1096.095    1116.209          19.573     -33.115             179               0
  157       -2489.305    1674.936           0.000       0.000             157               0
    6         831.414   -2319.965           3.312      -6.810               6              -0
  183        1175.465     541.130           0.000       0.000             183              -0
  175        1495.014    -380.437          77.666     -34.999             175               0
  200         104.937      34.085           0.000       0.000             200               0
   15        -128.072   -1444.708        -224.755     -92.995              15               0
  221         -55.454     705.860           0.000       0.000             221              -0
    8       -2224.151     134.766           0.000       0.000               8               0
