SINAL     NFT                         FFT                         NFT INVERSA     FFT INVERSA
-----     -----------------------     -----------------------     -----------     -----------
   99       64502.000       0.000           0.000       0.000              99               0
  222         725.349    1590.180           0.000      -0.000             222               0
   68       -3258.707    2012.703           0.000       0.000              68               0
  205        2105.186    -416.398           0.000      -0.000             205               0
   41        -668.976   -1718.057           0.000       0.000              41               0
  147         850.012     782.902           0.000      -0.000             147               0
  137        3030.001    -585.020           0.000       0.000             137               0
  161         536.533    1457.341           0.000      -0.000             161               0
    4        2162.270     541.869           0.000       0.000               4               0
   13        -241.562    1032.750           0.000      -0.000              13               0
  200        1594.722     111.188           0.000       0.000             200               0
  237       -1070.502    -264.572           0.000      -0.000             237               0
   23        -727.493   -1435.447           0.000       0.000              23               0
  248        1518.463    -632.139           0.000      -0.000             248               0
   69        1128.908    2489.909           0.000       0.000              69               0
  209        -212.628   -2558.382           0.000      -0.000             209               0
  215          26.435    -906.780           0.000       0.000             215               0
  101        -701.872    2468.074           0.000      -0.000             101               0
  227         313.571    1711.669           0.000       0.000             227               0
  136        1160.983    -779.035           0.000      -0.000             136               0
  166       -2558.375     794.410           0.000       0.000             166               0
   20         -58.634      89.123           0.000      -0.000              20               0
    9       -1061.240     569.586           0.000       0.000               9               0
   50         608.721   -1526.100           0.000      -0.000              50               0
   14        -284.107    1627.652           0.000       0.000              14               0
   70       -1076.113    1480.380           0.000      -0.000              70               0
  197        -715.873    1595.256           0.000       0.000             197               0
   22        2859.227    1217.195           0.000      -0.000              22               0
  104       -1979.707    -308.063           0.000       0.000             104               0
   19         677.989     552.857           0.000      -0.000              19               0
    3        2512.715     402.972           0.000       0.000               3               0
  166        1528.981     815.210           0.000      -0.000             166               0
  233           3.323     396.769           0.000       0.000             233               0
  163          44.599   -1207.640           0.000      -0.000             163               0
  142        1936.229    -697.714           0.000       0.000             142               0
  195        1959.986     629.892           0.000      -0.000             195               0
   16        -413.205    1451.115           0.000       0.000              16               0
    8       -1411.027     161.142           0.000      -0.000               8               0
   51         495.222   -1814.495           0.000       0.000              51               0
   76        1761.570    -917.139           0.000      -0.000              76               0
  142         952.583    -238.655           0.000       0.000             142               0
  205       -1853.720    1364.816           0.000      -0.000             205               0
  118         659.813    -111.410           0.000       0.000             118               0
   91        -425.525    1156.093           0.000      -0.000              91               0
  101       -1743.272     937.040           0.000       0.000             101               0
    9         247.039     459.139           0.000      -0.000               9               0
  178       -3002.727    -630.376           0.000       0.000             178               0
   66        -895.703    -692.545           0.000      -0.000              66               0
    8         989.746    1309.708           0.000       0.000               8               0
  176        -368.171    -299.318           0.000      -0.000             176               0
  232        3052.130   -2426.999           0.000       0.000             232               0
   45       -1190.119     409.735           0.000      -0.000              45               0
  233       -1960.195   -2630.801           0.000       0.000             233               0
  124         424.222    -458.736           0.000      -0.000             124               0
  187        1427.234     159.012           0.000       0.000             187               0
   51         821.435     610.504           0.000      -0.000              51               0
  166        1276.208     491.164           0.000       0.000             166               0
   56        -743.478    2347.958           0.000      -0.000              56               0
  189        -644.991    1698.795           0.000       0.000             189               0
   76       -1026.583    2848.431           0.000      -0.000              76               0
   80         139.957    -361.190           0.000       0.000              80               0
  134        -973.786    -382.913           0.000      -0.000             134               0
  113        1378.852   -1265.221           0.000       0.000             113               0
  132         385.535    -650.716           0.000      -0.000             132               0
  119         716.996   -1377.834           0.000       0.000             119               0
    6       -1848.274   -1050.810           0.000      -0.000               6               0
  239         583.895    -109.085           0.000       0.000             239               0
   19       -1155.765   -2472.889           0.000      -0.000              19               0
  175        -834.113    2025.437           0.000       0.000             175               0
  149       -1269.768      96.563           0.000      -0.000             149               0
   63        -527.020   -1634.352           0.000       0.000              63               0
   95       -1589.579    2468.013           0.000      -0.000              95               0
   65       -1624.468    -724.654           0.000       0.000              65               0
  249        -969.830    -334.082           0.000      -0.000             249               0
  220        -728.561     698.073           0.000       0.000             220               0
    9        1217.079     371.906           0.000      -0.000               9               0
  192        1277.509    -721.808           0.000       0.000             192               0
   70        1626.802     -45.529           0.000      -0.000              70               0
  179         428.135    -267.559           0.000       0.000             179               0
   45        -347.783    -811.321           0.000      -0.000              45               0
   33        1004.425    -227.328           0.000       0.000              33               0
  186        1351.654    -302.902           0.000      -0.000             186               0
  239        1037.790   -1117.589           0.000       0.000             239               0
  232        2452.190      -8.360           0.000      -0.000             232               0
    9         329.705    -135.911           0.000       0.000               9               0
   70         348.868     296.703           0.000      -0.000              70               0
  134         562.552    1179.955           0.000       0.000             134               0
   82        1283.721    2971.008           0.000      -0.000              82               0
  110        -196.353    1222.300           0.000       0.000             110               0
   16       -1011.142    -642.377           0.000      -0.000              16               0
   43          -3.308    1265.671           0.000       0.000              43               0
   69        -810.922    1119.192           0.000      -0.000              69               0
   93         807.127   -1564.032           0.000       0.000              93               0
  231          12.988     974.151           0.000      -0.000             231               0
  195         -95.069     963.303           0.000       0.000             195               0
   50        -242.487   -1437.847           0.000      -0.000              50               0
  167          18.228    1367.937           0.000       0.000             167               0
   72        -904.807    1699.510           0.000      -0.000              72               0
   27        -244.470   -1018.859           0.000       0.000              27               0
   62        -156.566     564.289           0.000      -0.000              62               0
  105         487.147    -759.958           0.000       0.000             105               0
  159         874.909   -2446.826           0.000      -0.000             159               0
   31         -54.266   -1673.013           0.000       0.000              31               0
  226        -335.191    -106.899           0.000      -0.000             226               0
  168        -253.822    2503.942           0.000       0.000             168               0
  123        2389.629   -1920.170           0.000      -0.000             123               0
   36       -1774.744    -548.767           0.000       0.000              36               0
  242        1119.871    -807.746           0.000      -0.000             242               0
  146       -1497.390    -799.464           0.000       0.000             146               0
    1       -1305.476     345.681           0.000      -0.000               1               0
  122       -1705.160    -167.574           0.000       0.000             122               0
  177          45.267    -116.876           0.000      -0.000             177               0
  204         340.199   -2486.239           0.000       0.000             204               0
  242        1191.960    -521.293           0.000      -0.000             242               0
   54         220.037    -579.774           0.000       0.000              54               0
  233        1767.294   -1827.431           0.000      -0.000             233               0
  131       -1849.298     296.277           0.000       0.000             131               0
  216        -390.042    -614.512           0.000      -0.000             216               0
   48         677.581    -424.809           0.000       0.000              48               0
  183        1536.516     -99.676           0.000      -0.000             183               0
   14        -494.302   -1319.393           0.000       0.000              14               0
  115        -439.244    1932.372           0.000      -0.000             115               0
  134       -1887.483    -639.973           0.000       0.000             134               0
   82          56.747    2777.217           0.000      -0.000              82               0
   26         350.075    -467.212           0.000       0.000              26               0
   62         513.102     316.475           0.000      -0.000              62               0
    1         100.764    1236.136           0.000       0.000               1               0
   36       -1116.371     114.960           0.000      -0.000              36               0
   64       -1070.035     233.931           0.000       0.000              64               0
   63        -109.161    1004.894           0.000      -0.000              63               0
  129       -2185.867    1227.871           0.000       0.000             129               0
   15       -1132.131    -279.839           0.000      -0.000              15               0
  160        2318.356    1581.900           0.000       0.000             160               0
  189        -163.155    -234.611           0.000      -0.000             189               0
  159        -377.732    -677.037           0.000       0.000             159               0
  191        1494.826   -1366.626           0.000      -0.000             191               0
  179        -524.138     490.936           0.000       0.000             179               0
  162        -876.053    3292.544           0.000      -0.000             162               0
  210         -85.596   -1334.917           0.000       0.000             210               0
  140        -657.871    -563.091           0.000      -0.000             140               0
   80         195.166   -1107.152           0.000       0.000              80               0
  252        -242.218    1589.257           0.000      -0.000             252               0
   79       -1187.716    1963.507           0.000       0.000              79               0
  151        2190.382   -1299.316           0.000      -0.000             151               0
  137          66.023      65.105           0.000       0.000             137               0
   47         -54.101    1334.766           0.000      -0.000              47               0
  187       -1158.875   -1486.607           0.000       0.000             187               0
  254        2595.086    -439.503           0.000      -0.000             254               0
  182         679.805    1382.846           0.000       0.000             182               0
  114         -10.262   -1657.257           0.000      -0.000             114               0
   30          95.100   -1347.910           0.000       0.000              30               0
  160         628.999    1067.024           0.000      -0.000             160               0
  145        -407.448    2166.967           0.000       0.000             145               0
  162        -742.559      58.994           0.000      -0.000             162               0
   54        1030.746     902.806           0.000       0.000              54               0
   92         218.644     232.816           0.000      -0.000              92               0
  175        -212.078   -1321.733           0.000       0.000             175               0
  244        -111.724    -576.308           0.000      -0.000             244               0
   42        3289.401     132.525           0.000       0.000              42               0
  176        -246.346     230.135           0.000      -0.000             176               0
   13         192.533    1255.920           0.000       0.000              13               0
   67         646.699    -365.425           0.000      -0.000              67               0
  236         415.565     859.675           0.000       0.000             236               0
  221        -281.261    1483.304           0.000      -0.000             221               0
    0        1198.524    -261.422           0.000       0.000              -0               0
  248       -2655.807   -1742.624           0.000      -0.000             248               0
   71       -1821.612   -1279.129           0.000       0.000              71               0
   85        1857.812   -2313.911           0.000      -0.000              85               0
  217         730.645   -2300.076           0.000       0.000             217               0
  166        -443.552    -266.889           0.000      -0.000             166               0
  255         -38.385    -702.720           0.000       0.000             255               0
  233        -105.373     201.691           0.000      -0.000             233               0
  243       -1103.569     432.111           0.000       0.000             243               0
  172         443.205    2224.867           0.000      -0.000             172               0
   59        -647.314     550.795           0.000       0.000              59               0
  241         -20.704    1177.800           0.000      -0.000             241               0
   60        -261.324     965.624           0.000       0.000              60               0
   88          71.835   -1293.095           0.000      -0.000              88               0
  218        1138.290    -276.362           0.000       0.000             218               0
  201        -692.956   -2160.355           0.000      -0.000             201               0
   51         102.956    1993.909           0.000       0.000              51               0
  108         939.474   -1148.127           0.000      -0.000             108               0
  160       -1945.151     333.569           0.000       0.000             160               0
   68       -1204.506    -602.452           0.000      -0.000              68               0
  170        -133.503    -724.831           0.000       0.000             170               0
  183        -234.260    2850.641           0.000      -0.000             183               0
  184        2046.743    1208.249           0.000       0.000             184               0
  207        -662.775   -1334.141           0.000      -0.000             207               0
    3        -145.720    2196.226           0.000       0.000               3               0
   92          22.505     206.975           0.000      -0.000              92               0
  236       -1644.029     -18.851           0.000       0.000             236               0
  224       -1034.048    -477.424           0.000      -0.000             224               0
   95          40.907    1488.152           0.000       0.000              95               0
  250        1535.601     812.561           0.000      -0.000             250               0
  177       -1994.827     690.281           0.000       0.000             177               0
  146         237.027     252.512           0.000      -0.000             146               0
  163         982.266    1075.613           0.000       0.000             163               0
   53         467.715   -2621.378           0.000      -0.000              53               0
  223        -101.655     816.252           0.000       0.000             223               0
   15         703.315   -1098.394           0.000      -0.000              15               0
  101         304.278     500.679           0.000       0.000             101               0
  245         700.263      31.431           0.000      -0.000             245               0
  106        1837.847    -982.879           0.000       0.000             106               0
   20         853.220     -10.880           0.000      -0.000              20               0
  182        -271.261   -1425.922           0.000       0.000             182               0
  133        -518.430    -995.662           0.000      -0.000             133               0
  229       -3066.096    -705.722           0.000       0.000             229               0
  214       -1267.542    -302.720           0.000      -0.000             214               0
   87         112.242    -594.351           0.000       0.000              87               0
  197        1296.236    -273.227           0.000      -0.000             197               0
  131         214.457   -2099.713           0.000       0.000             131               0
  125         495.673   -1817.518           0.000      -0.000             125               0
  101       -2327.565    -991.357           0.000       0.000             101               0
   12       -2526.805     387.495           0.000      -0.000              12               0
   34        1036.637   -1537.448           0.000       0.000              34               0
  238          40.779     222.678           0.000      -0.000             238               0
  177         210.715     577.154           0.000       0.000             177               0
   42         624.694    1923.104           0.000      -0.000              42               0
   74       -1581.600   -1374.753           0.000       0.000              74               0
   69        1125.705   -1008.355           0.000      -0.000              69               0
  124         516.294    -339.033           0.000       0.000             124               0
  100        -592.013     782.203           0.000      -0.000             100               0
    5        -660.840    1690.052           0.000       0.000               5               0
  173         376.945     735.795           0.000      -0.000             173               0
  162       -1718.459    -167.574           0.000       0.000             162               0
  103        -387.191    -614.509           0.000      -0.000             103               0
   10        -996.978   -1684.509           0.000       0.000              10               0
  133        -307.323     967.186           0.000      -0.000             133               0
   32         937.143    -607.306           0.000       0.000              32               0
  112        2658.661   -1797.565           0.000      -0.000             112               0
   99         301.935    2778.474           0.000       0.000              99               0
   84       -2196.202     403.450           0.000      -0.000              84               0
   56        -287.486      -8.619           0.000       0.000              56               0
   50        2097.085   -1051.986           0.000      -0.000              50               0
   30        -671.502    1698.575           0.000       0.000              30               0
    8         951.772    -338.517           0.000      -0.000               8               0
   61         161.524     910.929           0.000       0.000              61               0
    4        -563.649   -2189.070           0.000      -0.000               4               0
    3         788.128    -925.290           0.000       0.000               3               0
  119         868.518    -682.947           0.000      -0.000             119               0
  235        -301.856     923.357           0.000       0.000             235               0
   41         316.096    -900.086           0.000      -0.000              41               0
   68       -1423.204    -150.350           0.000       0.000              68               0
   10       -1849.250    1221.347           0.000      -0.000              10               0
  156       -1270.659     345.007           0.000       0.000             156               0
  197        -105.753      32.733           0.000      -0.000             197               0
   96        -746.667    -926.424           0.000       0.000              96               0
  221        -486.796     982.003           0.000      -0.000             221               0
  140        -264.013    1652.565           0.000       0.000             140               0
  242       -1008.247   -1787.280           0.000      -0.000             242               0
  213        -718.100    -330.404           0.000       0.000             213               0
    8       -2152.125    -684.351           0.000      -0.000               8               0
   45       -2378.060     416.317           0.000       0.000              45               0
  136       -2968.485    1172.462           0.000      -0.000             136               0
   46        1645.428     -33.554           0.000       0.000              46               0
  148        1247.365    1336.407           0.000      -0.000             148               0
   29       -3926.000      -0.830           0.000       0.000              29               0
  159        1248.132   -1336.131           0.000       0.000             159               0
  213        1644.987      34.069           0.000       0.000             213               0
   93       -2968.574   -1173.431           0.000       0.000              93               0
   32       -2377.911    -416.884           0.000       0.000              32               0
   29       -2152.076     683.796           0.000       0.000              29               0
  127        -717.880     330.236           0.000       0.000             127               0
   64       -1008.555    1786.708           0.000       0.000              64               0
  181        -263.207   -1652.922           0.000       0.000             181               0
   69        -486.312    -982.010           0.000       0.000              69               0
  235        -746.808     926.268           0.000       0.000             235               0
   70        -105.656     -32.867           0.000       0.000              70               0
  164       -1270.504    -345.515           0.000       0.000             164               0
  176       -1848.579   -1221.853           0.000       0.000             176               0
   44       -1422.715     150.131           0.000       0.000              44               0
  165         316.318     900.245           0.000       0.000             165               0
  165        -301.101    -923.354           0.000       0.000             165               0
  146         868.670     683.483           0.000       0.000             146               0
   35         787.956     925.684           0.000       0.000              35               0
  160        -564.223    2188.650           0.000       0.000             160               0
   83         162.118    -911.194           0.000       0.000              83               0
   24         951.798     338.636           0.000       0.000              24               0
  190        -670.732   -1698.809           0.000       0.000             190               0
  170        2096.788    1052.755           0.000       0.000             170               0
   15        -287.742       8.349           0.000       0.000              15               0
   55       -2195.892    -404.392           0.000       0.000              55               0
  126         303.401   -2778.123           0.000       0.000             126               0
   98        2658.197    1798.823           0.000       0.000              98               0
  154         936.628     607.559           0.000       0.000             154               0
   56        -307.326    -967.171           0.000       0.000              56               0
  179        -997.693    1684.279           0.000       0.000             179               0
  179        -387.476     614.182           0.000       0.000             179               0
   23       -1718.406     166.729           0.000       0.000              23               0
  110         377.370    -735.912           0.000       0.000             110               0
  118        -660.188   -1690.248           0.000       0.000             118               0
    6        -591.515    -782.093           0.000       0.000               6               0
   78         516.412     339.535           0.000       0.000              78               0
   96        1125.294    1008.892           0.000       0.000              96               0
  169       -1582.051    1374.023           0.000       0.000             169               0
  183         625.505   -1923.000           0.000       0.000             183               0
   45         210.905    -576.804           0.000       0.000              45               0
  144          40.827    -222.268           0.000       0.000             144               0
   81        1035.822    1538.031           0.000       0.000              81               0
  219       -2526.926    -388.145           0.000       0.000             219               0
   68       -2327.543     990.924           0.000       0.000              68               0
   87         495.518    1817.860           0.000       0.000              87               0
  103         214.018    2099.637           0.000       0.000             103               0
   63        1296.175     273.431           0.000       0.000              63               0
   42         111.794     594.266           0.000       0.000              42               0
   40       -1267.872     302.222           0.000       0.000              40               0
   23       -3066.090     704.666           0.000       0.000              23               0
  248        -518.178     995.410           0.000       0.000             248               0
  153        -271.163    1425.575           0.000       0.000             153               0
  203         853.754      10.890           0.000       0.000             203               0
   32        1837.760     983.221           0.000       0.000              32               0
   54         700.290     -31.534           0.000       0.000              54               0
   43         304.488    -500.724           0.000       0.000              43               0
  151         702.952    1098.436           0.000       0.000             151               0
   30        -101.368    -816.408           0.000       0.000              30               0
  146         466.907    2621.205           0.000       0.000             146               0
  189         982.539   -1075.838           0.000       0.000             189               0
  222         236.838    -252.771           0.000       0.000             222               0
  221       -1994.552    -691.265           0.000       0.000             221               0
  209        1535.972    -812.289           0.000       0.000             209               0
  228          41.163   -1488.157           0.000       0.000             228               0
  234       -1034.376     477.093           0.000       0.000             234               0
  105       -1643.901      18.117           0.000       0.000             105               0
  175          22.827    -207.253           0.000       0.000             175               0
   43        -144.830   -2196.279           0.000       0.000              43               0
  218        -662.921    1333.886           0.000       0.000             218               0
   37        2047.242   -1207.866           0.000       0.000              37               0
  110        -233.494   -2850.510           0.000       0.000             110               0
  113        -133.895     725.193           0.000       0.000             113               0
  210       -1204.789     602.136           0.000       0.000             210               0
  199       -1944.735    -334.140           0.000       0.000             199               0
  165         939.439    1148.380           0.000       0.000             165               0
   13         103.717   -1993.747           0.000       0.000              13               0
    0        -693.460    2160.302           0.000       0.000              -0               0
   74        1138.361     276.605           0.000       0.000              74               0
   66          71.375    1292.813           0.000       0.000              66               0
   35        -260.977    -966.100           0.000       0.000              35               0
  152         -20.279   -1177.946           0.000       0.000             152               0
  182        -647.032    -551.099           0.000       0.000             182               0
  100         444.005   -2224.578           0.000       0.000             100               0
  220       -1103.340    -432.078           0.000       0.000             220               0
  154        -105.084    -201.314           0.000       0.000             154               0
  162         -38.448     703.078           0.000       0.000             162               0
    4        -443.393     267.141           0.000       0.000               4               0
   50         730.133    2300.615           0.000       0.000              50               0
  247        1856.860    2314.435           0.000       0.000             247               0
  103       -1822.308    1278.240           0.000       0.000             103               0
  187       -2656.005    1741.273           0.000       0.000             187               0
   35        1198.922     261.176           0.000       0.000              35               0
  211        -280.488   -1483.820           0.000       0.000             211               0
   30         416.179    -859.638           0.000       0.000              30               0
  217         646.805     365.483           0.000       0.000             217               0
  253         193.150   -1255.974           0.000       0.000             253               0
  252        -245.856    -230.163           0.000       0.000             252               0
   22        3289.551    -131.353           0.000       0.000              22               0
   62        -112.155     576.313           0.000       0.000              62               0
  225        -212.523    1321.444           0.000       0.000             225               0
  247         218.816    -233.122           0.000       0.000             247               0
  222        1030.988    -902.685           0.000       0.000             222               0
  235        -742.608     -59.469           0.000       0.000             235               0
  215        -406.556   -2167.156           0.000       0.000             215               0
   81         629.507   -1066.444           0.000       0.000              81               0
  227          94.732    1348.230           0.000       0.000             227               0
  155         -10.639    1657.061           0.000       0.000             155               0
    8         680.510   -1382.772           0.000       0.000               8               0
  240        2594.782     440.460           0.000       0.000             240               0
  103       -1159.633    1485.982           0.000       0.000             103               0
  115         -53.604   -1335.030           0.000       0.000             115               0
   49          66.177     -65.072           0.000       0.000              49               0
  254        2189.772    1299.760           0.000       0.000             254               0
   34       -1187.350   -1964.202           0.000       0.000              34               0
    8        -241.708   -1589.130           0.000       0.000               8               0
   51         194.715    1107.417           0.000       0.000              51               0
  193        -658.120     562.796           0.000       0.000             193               0
   12         -86.060    1334.456           0.000       0.000              12               0
   14        -874.903   -3293.036           0.000       0.000              14               0
  211        -523.716    -490.756           0.000       0.000             211               0
  155        1494.453    1367.257           0.000       0.000             155               0
   48        -378.032     676.726           0.000       0.000              48               0
  248        -163.110     234.217           0.000       0.000             248               0
  220        2318.667   -1581.298           0.000       0.000             220               0
  241       -1132.710     279.359           0.000       0.000             241               0
   68       -2185.500   -1228.745           0.000       0.000              68               0
  212        -108.718   -1004.872           0.000       0.000             212               0
  123       -1069.896    -234.206           0.000       0.000             123               0
   34       -1116.069    -115.369           0.000       0.000              34               0
   10         101.498   -1236.066           0.000       0.000              10               0
  215         513.377    -316.148           0.000       0.000             215               0
   58         349.935     467.248           0.000       0.000              58               0
  190          57.555   -2777.061           0.000       0.000             190               0
   93       -1887.625     639.640           0.000       0.000              93               0
  197        -438.268   -1932.147           0.000       0.000             197               0
  183        -494.327    1319.673           0.000       0.000             183               0
  223        1536.755     100.414           0.000       0.000             223               0
  148         677.388     425.283           0.000       0.000             148               0
  241        -390.333     614.557           0.000       0.000             241               0
  244       -1848.892    -296.608           0.000       0.000             244               0
   84        1767.019    1828.249           0.000       0.000              84               0
  254         219.925     579.890           0.000       0.000             254               0
   87        1191.773     521.854           0.000       0.000              87               0
  122         339.176    2486.274           0.000       0.000             122               0
   24          44.948     116.606           0.000       0.000              24               0
   97       -1705.362     166.853           0.000       0.000              97               0
  115       -1305.227    -346.117           0.000       0.000             115               0
   65       -1497.255     799.020           0.000       0.000              65               0
  247        1119.897     808.063           0.000       0.000             247               0
  153       -1774.551     548.096           0.000       0.000             153               0
  222        2389.299    1920.588           0.000       0.000             222               0
  148        -253.007   -2504.235           0.000       0.000             148               0
  205        -335.081     107.094           0.000       0.000             205               0
  119         -54.578    1673.162           0.000       0.000             119               0
  183         874.253    2446.860           0.000       0.000             183               0
  140         486.885     759.572           0.000       0.000             140               0
   60        -156.405    -564.739           0.000       0.000              60               0
  131        -244.804    1018.318           0.000       0.000             131               0
   17        -904.102   -1700.248           0.000       0.000              17               0
   51          18.899   -1367.920           0.000       0.000              51               0
  184        -242.779    1437.639           0.000       0.000             184               0
  192         -94.524    -963.642           0.000       0.000             192               0
   52          13.558    -974.154           0.000       0.000              52               0
  125         806.706    1564.101           0.000       0.000             125               0
  255        -810.452   -1119.857           0.000       0.000             255               0
  222          -2.695   -1265.767           0.000       0.000             222               0
  118       -1011.059     641.842           0.000       0.000             118               0
  254        -195.427   -1222.754           0.000       0.000             254               0
   87        1285.120   -2970.573           0.000       0.000              87               0
  229         563.184   -1179.391           0.000       0.000             229               0
  225         349.244    -296.212           0.000       0.000             225               0
   58         330.077     136.313           0.000       0.000              58               0
  252        2452.434       9.459           0.000       0.000             252               0
   98        1037.417    1118.094           0.000       0.000              98               0
  249        1351.502     303.371           0.000       0.000             249               0
   73        1004.159     227.719           0.000       0.000              73               0
  110        -348.140     811.192           0.000       0.000             110               0
   43         428.157     267.604           0.000       0.000              43               0
  181        1626.772      46.018           0.000       0.000             181               0
  197        1277.011     722.100           0.000       0.000             197               0
  170        1216.706    -371.687           0.000       0.000             170               0
  238        -728.870    -698.327           0.000       0.000             238               0
  175        -970.320     333.793           0.000       0.000             175               0
  237       -1624.913     723.897           0.000       0.000             237               0
   90       -1588.710   -2468.478           0.000       0.000              90               0
   49        -527.479    1634.359           0.000       0.000              49               0
  144       -1269.631     -97.140           0.000       0.000             144               0
  116        -833.233   -2025.441           0.000       0.000             116               0
  154       -1156.264    2472.774           0.000       0.000             154               0
  206         584.089     109.257           0.000       0.000             206               0
  221       -1848.305    1050.227           0.000       0.000             221               0
  231         717.003    1377.927           0.000       0.000             231               0
  157         385.611     650.602           0.000       0.000             157               0
  124        1378.474    1265.319           0.000       0.000             124               0
  227        -973.913     382.062           0.000       0.000             227               0
  156         139.938     360.531           0.000       0.000             156               0
    6       -1025.491   -2849.288           0.000       0.000               6               0
  167        -644.110   -1699.120           0.000       0.000             167               0
    1        -742.195   -2348.037           0.000       0.000               1               0
   97        1276.824    -490.404           0.000       0.000              97               0
  137         821.876    -609.921           0.000       0.000             137               0
  248        1427.318    -158.157           0.000       0.000             248               0
    5         423.852     459.300           0.000       0.000               5               0
    0       -1961.052    2630.210           0.000       0.000               0               0
   94       -1189.416    -410.181           0.000       0.000              94               0
    6        3051.580    2427.884           0.000       0.000               6               0
  224        -368.368     298.725           0.000       0.000             224               0
  188         990.051   -1309.567           0.000       0.000             188               0
   62        -896.223     692.194           0.000       0.000              62               0
   61       -3002.758     629.086           0.000       0.000              61               0
  191         247.553    -459.402           0.000       0.000             191               0
   18       -1742.609    -937.841           0.000       0.000              18               0
    4        -424.568   -1156.247           0.000       0.000               4               0
   98         660.150     111.625           0.000       0.000              98               0
   50       -1852.733   -1365.348           0.000       0.000              50               0
  105         953.242     239.232           0.000       0.000             105               0
  234        1761.632     917.856           0.000       0.000             234               0
  233         494.711    1814.439           0.000       0.000             233               0
   61       -1410.646    -162.059           0.000       0.000              61               0
  209        -411.990   -1451.444           0.000       0.000             209               0
   41        1960.832    -629.138           0.000       0.000              41               0
   21        1936.214     698.428           0.000       0.000              21               0
   83          44.348    1207.416           0.000       0.000              83               0
   13           3.868    -397.142           0.000       0.000              13               0
  209        1529.697    -814.923           0.000       0.000             209               0
  245        2512.913    -402.278           0.000       0.000             245               0
  133         677.933    -552.747           0.000       0.000             133               0
   97       -1979.605     307.162           0.000       0.000              97               0
   98        2859.795   -1216.544           0.000       0.000              98               0
  198        -715.519   -1595.603           0.000       0.000             198               0
   98       -1075.467   -1480.659           0.000       0.000              98               0
   96        -283.233   -1627.381           0.000       0.000              96               0
    5         608.406    1526.517           0.000       0.000               5               0
   19       -1060.847    -569.990           0.000       0.000              19               0
   90         -58.349     -89.146           0.000       0.000              90               0
  131       -2557.535    -795.212           0.000       0.000             131               0
  180        1161.462     779.337           0.000       0.000             180               0
  220         314.581   -1711.708           0.000       0.000             220               0
  221        -700.511   -2467.912           0.000       0.000             221               0
    3          26.803     907.362           0.000       0.000               3               0
   23        -212.709    2558.238           0.000       0.000              23               0
  160        1130.519   -2489.571           0.000       0.000             160               0
  240        1518.740     632.994           0.000       0.000             240               0
  179        -727.481    1435.226           0.000       0.000             179               0
  134       -1069.641     264.022           0.000       0.000             134               0
   20        1595.760    -110.865           0.000       0.000              20               0
  190        -240.179   -1032.936           0.000       0.000             190               0
   74        2163.538    -541.143           0.000       0.000              74               0
  229         538.127   -1456.969           0.000       0.000             229               0
  151        3030.857     586.256           0.000       0.000             151               0
  193         851.194    -782.389           0.000       0.000             193               0
  187        -668.050    1717.939           0.000       0.000             187               0
  196        2106.929     416.810           0.000       0.000             196               0
  134       -3254.821   -2013.906           0.000       0.000             134               0
  225         732.936   -1589.582           0.000       0.000             225               0
