SINAL     NFT                         FFT                         NFT INVERSA     FFT INVERSA
-----     -----------------------     -----------------------     -----------     -----------
  233       64617.000       0.000           0.000       0.000             233               0
  223       -1248.798     536.930           0.000      -0.000             223               0
   12       -2629.796     923.156           0.000       0.000              12               0
   68        -424.405     222.468           0.000      -0.000              68               0
  155         744.392    1317.730           0.000       0.000             155               0
   44       -2403.063    -209.898           0.000      -0.000              44               0
   70        1039.938    -561.285           0.000       0.000              70               0
   93        -610.665    -528.637           0.000      -0.000              93               0
    4         277.722      72.206           0.000       0.000               4               0
  107         901.889    1078.602           0.000      -0.000             107               0
    8        1212.491    1130.450           0.000       0.000               8               0
   98       -1393.255     854.032           0.000      -0.000              98               0
   50          39.741    -840.098           0.000       0.000              50               0
   30        -188.280    2266.698           0.000      -0.000              30               0
   97        -725.427      94.135           0.000       0.000              97               0
  110         962.948    1629.843           0.000      -0.000             110               0
  105        -102.289    1437.181           0.000       0.000             105               0
  199        -124.609      -4.681           0.000      -0.000             199               0
  196         580.185     177.469           0.000       0.000             196               0
  187        -385.404    1731.042           0.000      -0.000             187               0
   24         827.499    -426.074           0.000       0.000              24               0
  102        -617.523   -1120.302           0.000      -0.000             102               0
   66        -992.468    1983.694           0.000       0.000              66               0
   24         874.394    1765.502           0.000      -0.000              24               0
  200         700.311     563.216           0.000       0.000             200               0
  116        -739.996    -473.914           0.000      -0.000             116               0
   97        -424.644   -2282.608           0.000       0.000              97               0
   47        1693.634    -187.714           0.000      -0.000              47               0
  254         705.565     444.587           0.000       0.000             254               0
   78       -1306.382    1845.518           0.000      -0.000              78               0
   19         -50.285     271.945           0.000       0.000              19               0
  178         387.681    -105.080           0.000      -0.000             178               0
  188         659.305    2121.989           0.000       0.000             188               0
  249         173.352   -1661.410           0.000      -0.000             249               0
   42         746.538    -407.889           0.000       0.000              42               0
   80        2424.772   -1600.452           0.000      -0.000              80               0
   91         770.951   -1592.818           0.000       0.000              91               0
  114         540.230    -676.201           0.000      -0.000             114               0
   32        -840.796     395.314           0.000       0.000              32               0
   45       -2783.077    -600.364           0.000      -0.000              45               0
  186         373.628     586.431           0.000       0.000             186               0
   24        -703.347    -677.415           0.000      -0.000              24               0
  133        1601.890     227.045           0.000       0.000             133               0
   89        -466.331      91.781           0.000      -0.000              89               0
  125        -512.253     253.226           0.000       0.000             125               0
  205        -369.381    2071.304           0.000      -0.000             205               0
  114       -1169.310   -1911.584           0.000       0.000             114               0
  164        -104.256   -1141.930           0.000      -0.000             164               0
  105        -649.977     530.269           0.000       0.000             105               0
  106         -73.273    -286.631           0.000      -0.000             106               0
  191        1235.027     -78.603           0.000       0.000             191               0
   12       -1931.287    1491.973           0.000      -0.000              12               0
   64        2159.892    1098.553           0.000       0.000              64               0
   83       -2721.267      88.777           0.000      -0.000              83               0
   61        -859.330    -986.494           0.000       0.000              61               0
   31        -761.833    -853.167           0.000      -0.000              31               0
  121        1604.744    -951.215           0.000       0.000             121               0
   74        1090.509    -163.784           0.000      -0.000              74               0
  249       -1274.225     211.045           0.000       0.000             249               0
  170         445.505    -953.348           0.000      -0.000             170               0
  215        2271.650    1450.705           0.000       0.000             215               0
  191          81.794     832.008           0.000      -0.000             191               0
   48         596.185     -40.385           0.000       0.000              48               0
  156        -580.002   -3444.517           0.000      -0.000             156               0
  159       -1033.974    -194.457           0.000       0.000             159               0
  228        3087.588   -2972.985           0.000      -0.000             228               0
   26         321.186     232.210           0.000       0.000              26               0
   29        2494.771    -400.150           0.000      -0.000              29               0
  241       -2424.694    -875.378           0.000       0.000             241               0
   58         884.389    1096.192           0.000      -0.000              58               0
   68        1169.916    -535.025           0.000       0.000              68               0
   51           9.712    -325.784           0.000      -0.000              51               0
   43         356.677   -1382.722           0.000       0.000              43               0
  196         295.505    1746.273           0.000      -0.000             196               0
  123         299.409     207.500           0.000       0.000             123               0
   96       -1344.286    3632.479           0.000      -0.000              96               0
  150        -341.860    2235.360           0.000       0.000             150               0
   25       -1095.192      24.243           0.000      -0.000              25               0
   56        -550.315   -2000.916           0.000       0.000              56               0
  230       -1717.331    1049.168           0.000      -0.000             230               0
   98        1651.981     584.802           0.000       0.000              98               0
  132         734.092   -2229.135           0.000      -0.000             132               0
   54        -553.669    -972.760           0.000       0.000              54               0
   81        -256.657     342.912           0.000      -0.000              81               0
  212         670.492    1358.297           0.000       0.000             212               0
  217        1050.639   -1350.904           0.000      -0.000             217               0
   10        -196.008    -819.897           0.000       0.000              10               0
  231       -1185.355    1662.963           0.000      -0.000             231               0
   87       -1070.183   -1281.501           0.000       0.000              87               0
  179         811.093    -346.679           0.000      -0.000             179               0
  159        2027.297   -1429.580           0.000       0.000             159               0
   59         353.763     -18.088           0.000      -0.000              59               0
   93         -46.786   -1148.770           0.000       0.000              93               0
  222         870.006     376.328           0.000      -0.000             222               0
    0         402.825    -401.322           0.000       0.000              -0               0
  119         305.159    -656.457           0.000      -0.000             119               0
  177        1307.253     735.300           0.000       0.000             177               0
   18        2221.216      96.898           0.000      -0.000              18               0
  134       -1384.349    -358.695           0.000       0.000             134               0
  130         174.235    -736.635           0.000      -0.000             130               0
  197       -1336.572   -1619.185           0.000       0.000             197               0
  219        1099.346    1236.573           0.000      -0.000             219               0
  202       -1576.501    1633.120           0.000       0.000             202               0
  217        1743.745    1277.221           0.000      -0.000             217               0
   69         622.323     294.211           0.000       0.000              69               0
  122       -2127.689    -700.907           0.000      -0.000             122               0
   80        -945.829   -1052.916           0.000       0.000              80               0
  150        1114.801   -1265.270           0.000      -0.000             150               0
  194       -1067.273     425.708           0.000       0.000             194               0
  245        1641.408    -660.059           0.000      -0.000             245               0
  240        1746.075    1455.227           0.000       0.000             240               0
   53        -373.542    1067.110           0.000      -0.000              53               0
   18        1083.572   -1091.048           0.000       0.000              18               0
  223         884.851   -1144.577           0.000      -0.000             223               0
   27       -1703.408   -1524.668           0.000       0.000              27               0
  225        1910.230    -527.990           0.000      -0.000             225               0
  208         304.526   -1114.037           0.000       0.000             208               0
    6        -670.342   -2581.809           0.000      -0.000               6               0
   11        1617.476    -293.694           0.000       0.000              11               0
  192         198.011     968.087           0.000      -0.000             192               0
   64         856.905     851.408           0.000       0.000              64               0
  152        -742.202    1445.988           0.000      -0.000             152               0
   83         417.405     706.930           0.000       0.000              83               0
   38        -910.903     940.055           0.000      -0.000              38               0
  232       -2383.597     875.219           0.000       0.000             232               0
   52        -411.663   -1938.266           0.000      -0.000              52               0
  232         617.770    -350.850           0.000       0.000             232               0
  171        1839.437    -109.479           0.000      -0.000             171               0
  253        1397.135   -1617.983           0.000       0.000             253               0
   67        1070.182   -2394.879           0.000      -0.000              67               0
   89         133.002   -1161.453           0.000       0.000              89               0
   70          51.675   -1549.861           0.000      -0.000              70               0
  212         711.568    -284.085           0.000       0.000             212               0
  171        1712.407    1719.508           0.000      -0.000             171               0
  240        -514.151    -284.210           0.000       0.000             240               0
  107        -515.250   -1367.264           0.000      -0.000             107               0
  103        2569.569     441.839           0.000       0.000             103               0
   21       -1199.933     324.631           0.000      -0.000              21               0
  214         882.148    -362.214           0.000       0.000             214               0
  143       -1132.809    1826.014           0.000      -0.000             143               0
   51         -48.093    -197.594           0.000       0.000              51               0
  140        1980.079    1225.986           0.000      -0.000             140               0
   64        1270.883    -259.432           0.000       0.000              64               0
   15        1043.731    1101.620           0.000      -0.000              15               0
   51        -988.411     468.776           0.000       0.000              51               0
  198        2507.765   -1454.019           0.000      -0.000             198               0
  185         268.189   -2271.265           0.000       0.000             185               0
  222        -892.761      31.797           0.000      -0.000             222               0
  152        1682.111     996.481           0.000       0.000             152               0
  198       -1343.193   -1657.183           0.000      -0.000             198               0
   20        1270.021     518.282           0.000       0.000              20               0
  154        -740.835    -987.832           0.000      -0.000             154               0
  106        -409.104   -2045.981           0.000       0.000             106               0
  255        1245.964    -276.246           0.000      -0.000             255               0
  156        -985.773    1350.906           0.000       0.000             156               0
  196         604.776    -935.867           0.000      -0.000             196               0
  206        -360.377   -1865.995           0.000       0.000             206               0
   32        -451.017      71.921           0.000      -0.000              32               0
  248         147.149     346.152           0.000       0.000             248               0
  225        -585.762     989.710           0.000      -0.000             225               0
  174        1568.912   -2376.737           0.000       0.000             174               0
   66        -241.840    1077.009           0.000      -0.000              66               0
   41        -825.551     826.798           0.000       0.000              41               0
  143        -964.123     364.122           0.000      -0.000             143               0
   66        1044.410      -4.196           0.000       0.000              66               0
  226         216.799     794.885           0.000      -0.000             226               0
   52       -1353.534   -1634.367           0.000       0.000              52               0
  160        1170.000   -1253.600           0.000      -0.000             160               0
  125         177.774    -923.785           0.000       0.000             125               0
  204         702.967   -3436.204           0.000      -0.000             204               0
  114        2116.477    -957.146           0.000       0.000             114               0
   14        2358.873     390.125           0.000      -0.000              14               0
  139        -253.481     373.457           0.000       0.000             139               0
  181         445.755      40.035           0.000      -0.000             181               0
  193        1326.905     586.747           0.000       0.000             193               0
   77       -2725.600    1299.612           0.000      -0.000              77               0
  200         418.284    -245.489           0.000       0.000             200               0
  197          -5.844   -1838.043           0.000      -0.000             197               0
  142         476.298    -964.042           0.000       0.000             142               0
   36       -3150.511   -1054.293           0.000      -0.000              36               0
  239        -747.645     532.356           0.000       0.000             239               0
   95        2025.381    1162.789           0.000      -0.000              95               0
  127        2512.031   -1786.489           0.000       0.000             127               0
  159         344.525     517.000           0.000      -0.000             159               0
   54       -1713.473   -3325.740           0.000       0.000              54               0
  138         678.354    -662.985           0.000      -0.000             138               0
   29        2237.600    -433.244           0.000       0.000              29               0
  210        -107.864    1498.904           0.000      -0.000             210               0
   98         581.346    -722.224           0.000       0.000              98               0
  160        -619.788    -157.876           0.000      -0.000             160               0
  153         141.302   -2427.797           0.000       0.000             153               0
  149         701.693     343.483           0.000      -0.000             149               0
  172       -1348.050     273.557           0.000       0.000             172               0
  102         -48.735    1716.867           0.000      -0.000             102               0
    1        2915.920     807.220           0.000       0.000               1               0
   71       -1066.136     296.990           0.000      -0.000              71               0
   87         846.951   -3341.654           0.000       0.000              87               0
   95         -79.664     -24.899           0.000      -0.000              95               0
  231          20.882     381.587           0.000       0.000             231               0
    9       -1254.178    1106.752           0.000      -0.000               9               0
  151         318.679    -234.489           0.000       0.000             151               0
  122       -3461.919     -52.876           0.000      -0.000             122               0
   67        1281.222     791.905           0.000       0.000              67               0
   80         456.597     408.780           0.000      -0.000              80               0
  201        1140.458    1281.028           0.000       0.000             201               0
  224        -552.209   -1286.013           0.000      -0.000             224               0
  184       -1322.344    -756.598           0.000       0.000             184               0
  238         308.036    1124.130           0.000      -0.000             238               0
  143         -73.633    -470.839           0.000       0.000             143               0
   16       -1404.759    1499.478           0.000      -0.000              16               0
   39         437.598    2133.117           0.000       0.000              39               0
   15       -1900.671     759.573           0.000      -0.000              15               0
  150       -1371.774    -671.988           0.000       0.000             150               0
   44        -599.438     965.542           0.000      -0.000              44               0
   47         692.201     733.606           0.000       0.000              47               0
  224        -406.233      19.192           0.000      -0.000             224               0
   37        -647.503    1030.398           0.000       0.000              37               0
  144        -292.702     712.580           0.000      -0.000             144               0
  230         429.124    -869.640           0.000       0.000             230               0
   28        1353.874    -244.925           0.000      -0.000              28               0
   17         570.649   -1075.816           0.000       0.000              17               0
  189       -1149.925   -2188.283           0.000      -0.000             189               0
  246       -1247.953   -1723.592           0.000       0.000             246               0
  179         303.463    -816.512           0.000      -0.000             179               0
   90          72.712    -202.065           0.000       0.000              90               0
  106        -795.689   -1751.012           0.000      -0.000             106               0
   22       -1316.828    1901.785           0.000       0.000              22               0
  160         735.053   -1794.211           0.000      -0.000             160               0
  189        2233.778      66.295           0.000       0.000             189               0
  194       -1284.324    2160.602           0.000      -0.000             194               0
  194        1147.540    -783.736           0.000       0.000             194               0
  144        -641.658   -1106.752           0.000      -0.000             144               0
    1        -319.943     318.946           0.000       0.000               1               0
   47        1708.530    -349.244           0.000      -0.000              47               0
   26        -532.702    -876.419           0.000       0.000              26               0
  244        1365.886     740.027           0.000      -0.000             244               0
  140        2971.978    -551.848           0.000       0.000             140               0
  231         225.580    -952.445           0.000      -0.000             231               0
  255         177.453    -678.062           0.000       0.000             255               0
  107         459.415     993.149           0.000      -0.000             107               0
   35         748.231    1058.275           0.000       0.000              35               0
   56         512.656    -602.564           0.000      -0.000              56               0
   31       -1057.596   -1315.487           0.000       0.000              31               0
  182       -1531.909     634.967           0.000      -0.000             182               0
  171        1740.931    -665.804           0.000       0.000             171               0
  147         329.694    -478.758           0.000      -0.000             147               0
  202         723.247     191.892           0.000       0.000             202               0
   47        -294.482    1680.606           0.000      -0.000              47               0
  143         462.390    -196.756           0.000       0.000             143               0
  105        -757.463   -2789.949           0.000      -0.000             105               0
   38          68.673    -102.075           0.000       0.000              38               0
  181        -326.248    1760.626           0.000      -0.000             181               0
   75       -1236.057     588.419           0.000       0.000              75               0
  194         379.159    -787.593           0.000      -0.000             194               0
  250         821.955    -373.285           0.000       0.000             250               0
   23         564.468     705.245           0.000      -0.000              23               0
  252       -2167.000      -0.403           0.000       0.000             252               0
  158         564.957    -705.007           0.000       0.000             158               0
  138         821.833     373.677           0.000       0.000             138               0
  226         378.702     787.630           0.000       0.000             226               0
   79       -1235.939    -589.004           0.000       0.000              79               0
   55        -325.540   -1760.562           0.000       0.000              55               0
  135          68.707     102.571           0.000       0.000             135               0
  165        -758.255    2789.748           0.000       0.000             165               0
  224         462.496     196.536           0.000       0.000             224               0
  164        -293.755   -1680.781           0.000       0.000             164               0
   69         723.477    -191.436           0.000       0.000              69               0
  213         329.640     479.022           0.000       0.000             213               0
  196        1740.544     666.381           0.000       0.000             196               0
  225       -1531.885    -635.401           0.000       0.000             225               0
  132       -1057.789    1315.193           0.000       0.000             132               0
  112         512.779     602.511           0.000       0.000             112               0
   31         748.763   -1058.163           0.000       0.000              31               0
  144         459.852    -992.802           0.000       0.000             144               0
   97         177.381     678.376           0.000       0.000              97               0
   87         225.596     952.571           0.000       0.000              87               0
  185        2971.887     552.732           0.000       0.000             185               0
   35        1365.787    -739.549           0.000       0.000              35               0
  128        -533.177     876.318           0.000       0.000             128               0
  244        1708.218     349.747           0.000       0.000             244               0
   60        -320.170    -319.020           0.000       0.000              60               0
   50        -642.093    1106.537           0.000       0.000              50               0
  144        1147.155     783.818           0.000       0.000             144               0
  150       -1283.609   -2161.095           0.000       0.000             150               0
   41        2233.762     -65.220           0.000       0.000              41               0
  202         733.968    1794.459           0.000       0.000             202               0
   84       -1316.548   -1902.118           0.000       0.000              84               0
   85        -796.333    1751.008           0.000       0.000              85               0
    0          72.617     202.166           0.000       0.000              -0               0
   24         302.999     816.791           0.000       0.000              24               0
  107       -1248.671    1723.248           0.000       0.000             107               0
   62       -1150.479    2187.669           0.000       0.000              62               0
   60         570.536    1075.556           0.000       0.000              60               0
  113        1353.759     244.962           0.000       0.000             113               0
  232         428.575     869.301           0.000       0.000             232               0
   59        -292.718    -713.182           0.000       0.000              59               0
   97        -647.299   -1030.880           0.000       0.000              97               0
  175        -406.252     -19.546           0.000       0.000             175               0
  136         692.285    -733.617           0.000       0.000             136               0
   59        -599.427    -965.816           0.000       0.000              59               0
   44       -1372.182     671.357           0.000       0.000              44               0
  129       -1900.280    -760.573           0.000       0.000             129               0
    1         438.445   -2133.089           0.000       0.000               1               0
  164       -1404.159   -1499.703           0.000       0.000             164               0
  222         -73.565     470.998           0.000       0.000             222               0
  190         308.451   -1123.848           0.000       0.000             190               0
   82       -1322.500     756.390           0.000       0.000              82               0
  206        -552.284    1285.686           0.000       0.000             206               0
  220        1141.118   -1280.815           0.000       0.000             220               0
   12         456.742    -408.593           0.000       0.000              12               0
   27        1281.160    -791.361           0.000       0.000              27               0
   91       -3462.001      51.874           0.000       0.000              91               0
  141         318.888     234.615           0.000       0.000             141               0
   47       -1253.566   -1107.074           0.000       0.000              47               0
  161          21.367    -381.270           0.000       0.000             161               0
  204         -79.342      25.320           0.000       0.000             204               0
  226         846.042    3341.946           0.000       0.000             226               0
  156       -1065.676    -297.745           0.000       0.000             156               0
   21        2916.370    -806.438           0.000       0.000              21               0
  170         -48.390   -1716.765           0.000       0.000             170               0
   44       -1347.857    -273.666           0.000       0.000              44               0
  181         702.029    -342.793           0.000       0.000             181               0
   46         140.559    2428.056           0.000       0.000              46               0
    1        -619.644     157.602           0.000       0.000               1               0
  132         581.359     722.326           0.000       0.000             132               0
  149        -107.057   -1498.839           0.000       0.000             149               0
   30        2237.581     434.364           0.000       0.000              30               0
  105         677.889     663.592           0.000       0.000             105               0
   81       -1714.529    3325.133           0.000       0.000              81               0
   84         345.129    -517.096           0.000       0.000              84               0
  218        2511.573    1787.125           0.000       0.000             218               0
   35        2025.344   -1162.335           0.000       0.000              35               0
   94        -748.049    -532.440           0.000       0.000              94               0
   48       -3150.847    1053.418           0.000       0.000              48               0
  240         476.298     964.238           0.000       0.000             240               0
  235          -6.336    1837.826           0.000       0.000             235               0
    0         418.163     245.194           0.000       0.000              -0               0
   77       -2724.867   -1300.739           0.000       0.000              77               0
  238        1327.622    -586.243           0.000       0.000             238               0
  146         446.014     -39.788           0.000       0.000             146               0
  175        -252.933    -373.394           0.000       0.000             175               0
  241        2359.359    -388.985           0.000       0.000             241               0
  105        2116.075     958.339           0.000       0.000             105               0
  217         701.580    3436.510           0.000       0.000             217               0
  183         177.331     923.582           0.000       0.000             183               0
  110        1169.335    1253.764           0.000       0.000             110               0
  234       -1354.233    1633.451           0.000       0.000             234               0
  128         217.160    -795.256           0.000       0.000             128               0
  235        1044.277       4.294           0.000       0.000             235               0
  246        -964.165    -364.682           0.000       0.000             246               0
  214        -825.173    -827.180           0.000       0.000             214               0
   90        -241.216   -1076.878           0.000       0.000              90               0
   43        1568.163    2377.255           0.000       0.000              43               0
  238        -585.512    -990.121           0.000       0.000             238               0
   30         147.281    -346.028           0.000       0.000              30               0
   39        -450.959     -71.853           0.000       0.000              39               0
  136        -360.843    1865.929           0.000       0.000             136               0
  143         604.548     935.778           0.000       0.000             143               0
  245        -985.155   -1351.321           0.000       0.000             245               0
  181        1246.016     276.908           0.000       0.000             181               0
   21        -409.791    2045.863           0.000       0.000              21               0
  168        -740.926     987.292           0.000       0.000             168               0
  216        1270.338    -518.000           0.000       0.000             216               0
  110       -1343.538    1656.531           0.000       0.000             110               0
  170        1682.660    -996.134           0.000       0.000             170               0
  253        -892.606     -31.965           0.000       0.000             253               0
   78         267.856    2271.290           0.000       0.000              78               0
   21        2507.376    1454.352           0.000       0.000              21               0
  225        -988.209    -469.657           0.000       0.000             225               0
  193        1044.381   -1101.541           0.000       0.000             193               0
   28        1270.930     259.631           0.000       0.000              28               0
  129        1980.331   -1225.499           0.000       0.000             129               0
   50         -48.467     197.435           0.000       0.000              50               0
  143       -1132.185   -1826.398           0.000       0.000             143               0
  192         882.107     362.647           0.000       0.000             192               0
  233       -1199.599    -324.990           0.000       0.000             233               0
   26        2569.831    -440.788           0.000       0.000              26               0
  211        -515.837    1367.168           0.000       0.000             211               0
   62        -514.022     283.852           0.000       0.000              62               0
  191        1713.150   -1718.836           0.000       0.000             191               0
  117         711.397     284.743           0.000       0.000             117               0
  181          51.139    1550.146           0.000       0.000             181               0
  213         132.745    1161.629           0.000       0.000             213               0
  175        1069.522    2395.161           0.000       0.000             175               0
   43        1396.594    1618.052           0.000       0.000              43               0
  247        1839.133     109.709           0.000       0.000             247               0
  119         617.164     350.842           0.000       0.000             119               0
   70        -412.815    1937.662           0.000       0.000              70               0
  163       -2383.455    -876.614           0.000       0.000             163               0
   13        -910.339    -940.692           0.000       0.000              13               0
   10         417.828    -707.022           0.000       0.000              10               0
  229        -741.505   -1446.308           0.000       0.000             229               0
   40         857.431    -850.999           0.000       0.000              40               0
  223         198.511    -967.708           0.000       0.000             223               0
  163        1617.379     294.721           0.000       0.000             163               0
  254        -671.239    2581.774           0.000       0.000             254               0
  106         304.345    1113.986           0.000       0.000             106               0
  152        1909.949     528.532           0.000       0.000             152               0
   39       -1703.945    1523.948           0.000       0.000              39               0
  236         884.714    1144.538           0.000       0.000             236               0
  222        1083.215    1090.875           0.000       0.000             222               0
  179        -373.099   -1067.727           0.000       0.000             179               0
  189        1746.646   -1454.719           0.000       0.000             189               0
  182        1640.869     660.613           0.000       0.000             182               0
  184       -1067.373    -426.069           0.000       0.000             184               0
   30        1114.181    1265.624           0.000       0.000              30               0
    1        -946.492    1052.333           0.000       0.000               1               0
   98       -2127.780     699.757           0.000       0.000              98               0
   73         622.779    -294.498           0.000       0.000              73               0
   69        1744.097   -1276.984           0.000       0.000              69               0
  126       -1576.003   -1633.697           0.000       0.000             126               0
  255        1099.793   -1235.899           0.000       0.000             255               0
   33       -1337.091    1618.951           0.000       0.000              33               0
   99         174.167     736.577           0.000       0.000              99               0
  141       -1384.064     358.043           0.000       0.000             141               0
  102        2221.647     -96.339           0.000       0.000             102               0
  240        1307.482    -734.873           0.000       0.000             240               0
   13         304.889     656.599           0.000       0.000              13               0
  230         402.721     401.363           0.000       0.000             230               0
  126         870.101    -376.028           0.000       0.000             126               0
   30         -47.188    1148.745           0.000       0.000              30               0
  189         353.885      18.154           0.000       0.000             189               0
  178        2026.738    1430.146           0.000       0.000             178               0
    7         810.557     346.722           0.000       0.000               7               0
   78       -1070.932    1280.762           0.000       0.000              78               0
    1       -1184.774   -1663.588           0.000       0.000               1               0
  216        -196.061     819.838           0.000       0.000             216               0
  180        1050.290    1350.916           0.000       0.000             180               0
  158         670.826   -1358.365           0.000       0.000             158               0
  106        -256.673    -342.944           0.000       0.000             106               0
    9        -553.939     972.621           0.000       0.000               9               0
  118         733.438    2229.014           0.000       0.000             118               0
  123        1651.882    -584.789           0.000       0.000             123               0
   61       -1717.284   -1049.905           0.000       0.000              61               0
   87        -551.013    2000.412           0.000       0.000              87               0
  148       -1095.121     -25.365           0.000       0.000             148               0
  146        -340.990   -2236.089           0.000       0.000             146               0
  162       -1342.805   -3632.906           0.000       0.000             162               0
  145         299.849    -207.127           0.000       0.000             145               0
  150         296.345   -1745.825           0.000       0.000             150               0
  235         356.416    1383.175           0.000       0.000             235               0
  245           9.849     325.835           0.000       0.000             245               0
  231        1169.913     535.368           0.000       0.000             231               0
  246         884.651   -1095.798           0.000       0.000             246               0
   10       -2424.700     874.770           0.000       0.000              10               0
   26        2495.052     401.059           0.000       0.000              26               0
   36         321.427    -231.829           0.000       0.000              36               0
   77        3086.447    2974.093           0.000       0.000              77               0
   97       -1034.362     194.019           0.000       0.000              97               0
  208        -581.065    3443.983           0.000       0.000             208               0
  179         596.317      39.879           0.000       0.000             179               0
  233          82.255    -832.446           0.000       0.000             233               0
  211        2272.115   -1450.029           0.000       0.000             211               0
   40         444.850     953.468           0.000       0.000              40               0
    3       -1274.199    -211.611           0.000       0.000               3               0
  219        1090.555     164.117           0.000       0.000             219               0
  237        1604.134     951.656           0.000       0.000             237               0
  177        -762.526     852.673           0.000       0.000             177               0
  179        -859.906     985.794           0.000       0.000             179               0
   41       -2721.011     -90.209           0.000       0.000              41               0
  235        2160.423   -1098.217           0.000       0.000             235               0
  207       -1930.744   -1492.690           0.000       0.000             207               0
  121        1235.163      79.075           0.000       0.000             121               0
    2         -73.464     286.538           0.000       0.000               2               0
  201        -649.808    -530.475           0.000       0.000             201               0
   95        -104.631    1141.910           0.000       0.000              95               0
    9       -1169.863    1910.741           0.000       0.000               9               0
  153        -368.477   -2071.823           0.000       0.000             153               0
  159        -511.935    -253.429           0.000       0.000             159               0
  224        -465.935     -91.998           0.000       0.000             224               0
  208        1602.118    -226.528           0.000       0.000             208               0
   15        -703.580     677.086           0.000       0.000              15               0
   13         373.781    -586.384           0.000       0.000              13               0
  248       -2783.091     599.394           0.000       0.000             248               0
   92        -840.001    -395.600           0.000       0.000              92               0
   99         540.653     676.487           0.000       0.000              99               0
  195         770.988    1593.017           0.000       0.000             195               0
  139        2424.512    1600.923           0.000       0.000             139               0
   41         746.397     407.722           0.000       0.000              41               0
   80         172.873    1660.825           0.000       0.000              80               0
   81         660.109   -2122.311           0.000       0.000              81               0
  121         387.664     104.954           0.000       0.000             121               0
  230         -50.193    -272.364           0.000       0.000             230               0
   28       -1305.504   -1846.146           0.000       0.000              28               0
   68         706.145    -444.272           0.000       0.000              68               0
  216        1693.669     188.392           0.000       0.000             216               0
   54        -425.438    2282.245           0.000       0.000              54               0
   11        -739.910     473.058           0.000       0.000              11               0
   94         700.798    -563.598           0.000       0.000              94               0
  171         875.041   -1765.616           0.000       0.000             171               0
  204        -991.710   -1983.998           0.000       0.000             204               0
   67        -617.519    1120.102           0.000       0.000              67               0
   19         827.686     425.946           0.000       0.000              19               0
   14        -384.534   -1731.462           0.000       0.000              14               0
  115         580.560    -177.395           0.000       0.000             115               0
  102        -124.331       4.329           0.000       0.000             102               0
  206        -101.417   -1437.525           0.000       0.000             206               0
  235         963.778   -1629.569           0.000       0.000             235               0
   76        -725.123     -94.453           0.000       0.000              76               0
  148        -187.074   -2266.688           0.000       0.000             148               0
   18          39.894     840.211           0.000       0.000              18               0
  219       -1392.280    -854.622           0.000       0.000             219               0
   53        1213.677   -1130.023           0.000       0.000              53               0
  137         902.826   -1078.099           0.000       0.000             137               0
  232         278.286     -71.846           0.000       0.000             232               0
   95        -610.086     528.576           0.000       0.000              95               0
  200        1040.515     561.599           0.000       0.000             200               0
  104       -2402.017     208.902           0.000       0.000             104               0
  158         746.430   -1317.559           0.000       0.000             158               0
  132        -422.482    -222.558           0.000       0.000             132               0
   77       -2626.252    -923.944           0.000       0.000              77               0
    1       -1241.602    -537.109           0.000       0.000               1               0
