SINAL     NFT                         FFT                         NFT INVERSA     FFT INVERSA
-----     -----------------------     -----------------------     -----------     -----------
   24       65421.000       0.000           0.000       0.000              24               1
  130         552.604    1552.823         -25.491      46.464             130               0
  128        -595.730     125.979           0.000       0.000             128              -0
  217         -35.670    1173.561        -132.137      51.904             217               0
  171        2569.615    1835.017           0.000       0.000             171               0
  208         974.112     -81.743         131.966      62.353             208              -0
  218       -3084.636    -409.378           0.000       0.000             218              -0
  145        -233.709     829.285         -29.212      39.897             145               0
    2         447.360    1305.543           0.000       0.000               2               0
   18        -728.741      54.722          -3.084       5.020              18               0
  197        -417.715    -543.942           0.000       0.000             197              -0
   14        -690.247     993.830         -36.714      12.379              14               0
    0         694.061    -675.281           0.000       0.000               0               0
    1         528.220    1258.628          49.563      26.467               1              -0
   91        -984.670    -578.741           0.000       0.000              91              -0
  109           1.087    -931.407          -8.324      20.451             109               0
  190        1511.844     221.883           0.000       0.000             190               0
   63         700.338     504.410          -1.763       2.578              63               0
  198          67.929    -398.663           0.000       0.000             198              -0
  242         520.671      56.641         -21.614       6.124             242               0
   39         967.077    2135.757           0.000       0.000              39               0
  187        1374.517    -848.103          29.892      17.901             187              -0
  198        1770.466     586.585           0.000       0.000             198              -0
  130         -55.061    1237.047         -10.068      11.246             130               0
   86        1568.767    -361.256           0.000       0.000              86               0
  245        -403.602     859.710          -1.286       1.695             245               0
   31          28.136    -363.756           0.000       0.000              31              -0
   33         964.198      90.077         -15.439       3.567              33               0
   94       -1006.579     113.824           0.000       0.000              94               0
  207         127.894    -531.325          21.037      14.045             207              -0
   34        1007.010    -200.453           0.000       0.000              34              -0
   97        -172.777     691.421          -3.515      10.018              97               0
  223       -2359.725   -1789.603           0.000       0.000             223               0
  230        -144.359    -972.676          -1.039       1.239             230               0
   76        -615.508   -2964.104           0.000       0.000              76              -0
   39        -393.715   -1109.941         -12.068       2.170              39               0
  196        -173.995    1855.604           0.000       0.000             196               0
   36       -1912.814   -1658.850          15.981      11.843              36              -0
  141         691.549    -554.292           0.000       0.000             141              -0
   99         243.302   -2620.361          -6.600       6.056              99               0
  105       -2155.504    -835.997           0.000       0.000             105               0
  128       -1698.592     540.032          -0.888       0.958             128               0
  150       -1999.553    1318.392           0.000       0.000             150              -0
  229        -817.566     582.493          -9.937       1.288             229               0
   60         249.127   -2346.231           0.000       0.000              60               0
  143       -1281.971     424.240          12.699      10.413             143              -0
    2         200.990   -1324.826           0.000       0.000               2              -0
  206         210.569    -579.520          -3.928       5.957             206               0
  212        2136.087    -124.667           0.000       0.000             212               0
  149        -493.773    1379.948          -0.785       0.768             149               0
   23         370.828    -131.795           0.000       0.000              23              -0
   18        -505.769   -1211.533          -8.461       0.676              18               0
  253       -1348.811    1035.435           0.000       0.000             253               0
    2        -266.518    2022.411          10.387       9.406               2              -0
   93       -1576.337   -1648.460           0.000       0.000              93              -0
  205         424.145    -712.563          -5.127       3.851             205               0
  207         -81.381    1447.295           0.000       0.000             207               0
   93       -1321.968      61.097          -0.710       0.630              93               0
   60       -1344.585    -286.152           0.000       0.000              60              -0
   86         688.002      86.589          -7.375       0.226              86               0
   40        -238.308     614.975           0.000       0.000              40               0
   34       -2296.993   -1432.234           8.662       8.656              34              -0
  136        -983.736     -91.137           0.000       0.000             136              -0
  111        1561.783    1867.005          -2.358       4.757             111               0
  124        3040.433    -277.982           0.000       0.000             124               0
   56        2181.402   -1094.469          -0.653       0.524              56               0
  251       -1092.447    -989.238           0.000       0.000             251              -0
    1        -966.126     -29.642          -6.538      -0.120               1               0
  162       -1780.368     829.545           0.000       0.000             162               0
  160        2017.082     360.074           7.321       8.072             160              -0
   89       -1801.931     984.916           0.000       0.000              89              -0
  162        -248.401    -456.468          -4.299       2.613             162               0
  152        -480.296   -1385.584           0.000       0.000             152               0
   46        -365.320    1277.188          -0.608       0.441              46               0
  209         539.373    1504.925           0.000       0.000             209              -0
   18        -978.735     -49.856          -5.870      -0.397              18               0
   44        1867.027    -495.106           0.000       0.000              44               0
   47       -1751.939    -769.989           6.244       7.603              47              -0
    1        -833.131     414.732           0.000       0.000               1              -0
  214         126.942    1493.617          -3.061       3.098             214               0
  196       -1434.241    1439.361           0.000       0.000             196               0
  179         -63.270      80.901          -0.571       0.373             179               0
   30       -1382.263      -3.803           0.000       0.000              30              -0
  137         616.613      92.362          -5.323      -0.623             137               0
  234         375.070    1209.273           0.000       0.000             234               0
    1         708.157     187.049           5.356       7.216               1              -0
   20       -1314.541    -602.441           0.000       0.000              20              -0
  114         305.864      85.215          -3.761       1.807             114               0
  239        -577.255     803.237           0.000       0.000             239               0
   58        -961.872    -320.079          -0.541       0.316              58               0
   67        -124.702    -510.352           0.000       0.000              67              -0
   51         674.931     768.593          -4.865      -0.813              51               0
   16         489.702     605.100           0.000       0.000              16               0
  166        -499.516     287.214           4.607       6.890             166              -0
  170        -729.409    -417.604           0.000       0.000             170              -0
  243         504.371    1428.424          -2.432       2.717             243               0
  238        1619.880   -1040.904           0.000       0.000             238               0
  243        -603.067     832.630          -0.514       0.268             243               0
   21         606.975   -1358.285           0.000       0.000              21              -0
   43        1637.909    -104.473          -4.473      -0.976              43               0
   17         546.135   -1073.871           0.000       0.000              17               0
   51        -544.582    1568.992           3.965       6.610              51              -0
  200       -1698.843    -339.250           0.000       0.000             200              -0
  155         703.053    2033.125          -3.376       1.232             155               0
  161         661.414     -25.683           0.000       0.000             161               0
  220        -155.977     276.617          -0.492       0.226             220               0
  121       -2245.030    -139.659           0.000       0.000             121              -0
   72         814.144    1117.698          -4.133      -1.116              72               0
   71        2499.854   -1056.086           0.000       0.000              71               0
  252       -1064.954    1427.695           3.406       6.367             252              -0
  167         981.470   -1574.985           0.000       0.000             167              -0
   84       -1037.892     497.569          -2.669       1.807              84               0
  164       -1482.433   -4562.952           0.000       0.000             164               0
   89        1770.039   -1531.590          -0.472       0.190              89               0
  228        -520.849     508.165           0.000       0.000             228              -0
   78       -2378.108    2150.703          -3.834      -1.240              78               0
  131         773.546    2193.368           0.000       0.000             131               0
   75       -1197.927   -2445.904           2.912       6.152              75              -0
  252       -1880.919    -256.306           0.000       0.000             252              -0
  239       -1903.031   -1582.386          -3.083       0.792             239               0
  163         159.674   -1778.343           0.000       0.000             163               0
  225        1463.391     984.614          -0.455       0.157             225               0
  209        -890.465     805.165           0.000       0.000             209              -0
  190          61.224    -114.259          -3.567      -1.351             190               0
  238       -2536.599   -1981.987           0.000       0.000             238               0
   29       -1418.647    -292.295           2.471       5.959              29              -0
  143        2315.044     753.514           0.000       0.000             143              -0
  184        -167.787    2524.327          -2.074       1.950             184               0
  194        -757.832   -2107.089           0.000       0.000             194               0
  232         883.843    1768.275          -0.439       0.128             232               0
  139        -687.194   -1084.668           0.000       0.000             139              -0
   49          42.956    -777.194          -3.327      -1.450              49               0
   97       -3373.069    1457.326           0.000       0.000              97               0
  234       -1784.926    -126.003           2.073       5.786             234              -0
  243       -2190.368    -214.006           0.000       0.000             243              -0
   50       -1988.664     885.587          -2.848       0.440              50               0
  215        -805.248   -2526.761           0.000       0.000             215               0
   75         677.896     791.189          -0.425       0.101              75               0
  144        1433.004    1050.755           0.000       0.000             144              -0
   86        -328.307     485.299          -3.108      -1.541              86               0
   70        3946.040    1228.909           0.000       0.000              70               0
   42         637.054    -240.262           1.710       5.628              42              -0
  229         -34.355     -95.349           0.000       0.000             229              -0
   41         323.488    -836.365          -2.432       1.025              41               0
  231       -1346.005     642.709           0.000       0.000             231               0
  125       -1328.378   -1767.977          -0.411       0.077             125               0
  164        2595.817    1359.320           0.000       0.000             164              -0
   65         761.550   -2625.092          -2.908      -1.624              65               0
   63         -98.144   -1042.386           0.000       0.000              63               0
   40         648.803    -556.254           1.375       5.482              40              -0
  186         759.896   -2036.033           0.000       0.000             186              -0
  176       -1625.654    1179.787          -2.651       0.147             176               0
    5         254.504   -1063.354           0.000       0.000               5               0
  228       -1075.336    1347.062          -0.399       0.055             228               0
  238         312.357    1556.269           0.000       0.000             238              -0
   66       -1002.686     694.000          -2.723      -1.701              66               0
   93        -510.979     195.690           0.000       0.000              93               0
  140        2299.723     423.951           1.066       5.347             140              -0
   77        1312.210     611.410           0.000       0.000              77              -0
   39        2125.532     381.179          -2.185       1.050              39               0
   35          11.548      -5.497           0.000       0.000              35               0
    5         732.879    -886.722          -0.388       0.034               5               0
  194        -285.732   -1114.846           0.000       0.000             194              -0
  119        1062.464    1028.247          -2.550      -1.772             119               0
    9         799.091    2321.659           0.000       0.000               9               0
   87         488.074   -1221.077           0.777       5.221              87              -0
  138        -531.949    -384.656           0.000       0.000             138              -0
   19         970.091   -1105.057          -2.482      -0.107              19               0
  198       -2407.868   -1979.384           0.000       0.000             198               0
   16        1494.084     560.330          -0.377       0.014              16               0
   68        2269.025    -302.496           0.000       0.000              68              -0
  194         -10.063   -2322.397          -2.387      -1.840             194               0
  216        -439.043     695.276           0.000       0.000             216               0
   96         790.325     370.216           0.505       5.103              96              -0
   30         931.586   -1861.325           0.000       0.000              30              -0
  207       -1135.152     318.195          -2.262       0.464             207               0
   70         579.427    2409.258           0.000       0.000              70               0
   70       -2053.977     758.787          -0.368      -0.004              70               0
  143       -2179.543    -575.924           0.000       0.000             143              -0
   29         447.406    -792.298          -2.234      -1.903              29               0
   16        -606.268    1068.671           0.000       0.000              16               0
  249         375.782   -1336.297           0.247       4.991             249              -0
  100        -434.726     -84.785           0.000       0.000             100              -0
  100       -1285.645     415.440          -2.332      -0.331             100               0
   87         400.727     889.828           0.000       0.000              87               0
   67         381.926    1103.640          -0.358      -0.022              67               0
  230        -390.603    1874.414           0.000       0.000             230              -0
   92        1853.700   -1027.257          -2.088      -1.964              92               0
    8        -165.384    -427.735           0.000       0.000               8               0
  225        -315.658    -128.285           0.002       4.884             225              -0
   50        1216.396    -875.117           0.000       0.000              50              -0
   47        -772.995    1594.250          -2.058       0.694              47               0
   91        -366.516     799.847           0.000       0.000              91               0
  226        1074.570      93.943          -0.349      -0.038             226              -0
   49       -1276.197    2426.667           0.000       0.000              49              -0
  206        -275.865    -475.391          -1.948      -2.021             206               0
   37         166.111   -2820.243           0.000       0.000              37               0
  199         100.553     339.631          -0.233       4.782             199              -0
    3         156.857    1250.569           0.000       0.000               3              -0
  214       -1128.531    -732.880          -2.196      -0.536             214               0
  200        -346.220     572.320           0.000       0.000             200               0
  107         538.459   -1106.126          -0.340      -0.054             107              -0
  215         234.829    -186.723           0.000       0.000             215              -0
  141        2008.639   -2099.362          -1.814      -2.077             141               0
   80        -191.073    1125.555           0.000       0.000              80               0
   23       -1362.174    1051.764          -0.459       4.683              23              -0
   57       -1164.933     633.487           0.000       0.000              57              -0
   25        1848.982    -132.654          -2.125       0.013              25               0
  148        -607.673   -1463.329           0.000       0.000             148               0
  155         511.983    -940.709          -0.332      -0.070             155              -0
  121        2107.768    1898.871           0.000       0.000             121              -0
   86       -1552.086     652.322          -1.684      -2.131              86               0
  246       -1685.350    -263.704           0.000       0.000             246               0
  154        -901.637     991.251          -0.679       4.588             154              -0
  103         223.310    1523.183           0.000       0.000             103              -0
  254        1280.415     358.114          -2.069      -0.726             254               0
  246        1067.223     -57.818           0.000       0.000             246               0
   30        -151.533   -1077.960          -0.324      -0.085              30              -0
   43        -633.927    -978.450           0.000       0.000              43              -0
    6        -954.088     874.974          -1.558      -2.183               6               0
  242        -956.879   -1799.397           0.000       0.000             242               0
    3         892.072    -848.286          -0.892       4.495               3              -0
  192        -798.376   -1448.541           0.000       0.000             192              -0
  176         106.908    2881.034          -2.046       0.113             176               0
  245       -1747.670     -90.315           0.000       0.000             245               0
  137        -445.386    1009.589          -0.316      -0.100             137              -0
   72        2401.002    -538.103           0.000       0.000              72              -0
  214        -990.132    -927.074          -1.434      -2.234             214               0
   60        2224.682   -1397.724           0.000       0.000              60               0
  240         -22.890   -3357.287          -1.101       4.404             240              -0
  188        2048.989    1801.808           0.000       0.000             188              -0
   46       -1420.262     645.534          -1.948      -0.907              46               0
   32       -1244.955    -871.751           0.000       0.000              32               0
  158       -1317.377     275.105          -0.308      -0.114             158              -0
  154         681.385     -67.684           0.000       0.000             154              -0
   86       -1232.840    -627.048          -1.313      -2.285              86               0
  165       -2667.101    1004.238           0.000       0.000             165               0
  105         208.657     835.354          -1.307       4.314             105              -0
  241        -697.146    2019.358           0.000       0.000             241              -0
    3        -656.777   -1329.709          -2.004      -0.386               3               0
   36          10.949     223.486           0.000       0.000              36               0
  121         -14.811    1044.446          -0.300      -0.128             121              -0
  178        1065.938   -1335.399           0.000       0.000             178              -0
  135        -248.026    1068.694          -1.193      -2.334             135               0
    3         921.355     463.500           0.000       0.000               3               0
  204         309.682    1219.731          -1.510       4.226             204              -0
   55       -1766.806    3705.432           0.000       0.000              55              -0
  200        -643.618     -11.049          -1.831      -1.082             200               0
  110       -1132.174     213.552           0.000       0.000             110               0
  134        2187.091    -684.057          -0.293      -0.142             134              -0
   17       -2135.409   -1689.547           0.000       0.000              17              -0
   59        -737.060     -61.089          -1.074      -2.384              59               0
  227         448.782     109.496           0.000       0.000             227               0
  198        -567.259   -1237.823          -1.712       4.138             198              -0
   57       -1023.814     729.832           0.000       0.000              57              -0
   63        -393.359    1079.082           0.000       0.000              63               0
   94        1027.000       0.033           0.000       0.000              94               0
  188        -393.188   -1079.334          -0.285      -0.156             188              -0
  218       -1023.616    -730.014           0.000       0.000             218              -0
   69        -567.574    1237.694          -0.956      -2.433              69               0
  108         448.798    -109.433           0.000       0.000             108               0
  187        -737.218      60.890          -1.914       4.050             187              -0
  126       -2135.723    1688.706           0.000       0.000             126              -0
  156        2186.977     684.363          -1.715      -1.255             156               0
   43       -1132.293    -214.395           0.000       0.000              43               0
   76        -643.639      10.232          -0.278      -0.170              76              -0
  167       -1765.345   -3706.295           0.000       0.000             167              -0
  203         310.461   -1219.400          -0.837      -2.482             203               0
  130         921.628    -463.019           0.000       0.000             130               0
  115        -247.607   -1068.516          -2.116       3.962             115              -0
  172        1065.476    1335.853           0.000       0.000             172              -0
   67         -14.629   -1044.487          -1.888      -0.768              67               0
   57          10.841    -223.326           0.000       0.000              57               0
  209        -657.389    1329.348          -0.270      -0.185             209              -0
   81        -696.537   -2019.745           0.000       0.000              81              -0
   16         208.721    -835.119          -0.717      -2.531              16               0
  162       -2666.836   -1004.825           0.000       0.000             162               0
  220       -1232.708     626.913          -2.319       3.873             220              -0
  190         681.524      68.033           0.000       0.000             190              -0
   65       -1317.241    -275.362          -1.598      -1.430              65               0
  239       -1244.973     871.422           0.000       0.000             239               0
  127       -1419.449    -645.988          -0.262      -0.199             127              -0
  154        2050.054   -1800.595           0.000       0.000             154              -0
  154         -23.774    3357.702          -0.596      -2.581             154               0
  122        2224.251    1398.327           0.000       0.000             122               0
   66        -990.431     926.501          -2.526       3.783              66              -0
   32        2400.739     538.560           0.000       0.000              32              -0
   16        -445.456   -1009.967          -1.929      -0.677              16               0
   58       -1747.758      89.553           0.000       0.000              58               0
  178         107.966   -2880.796          -0.254      -0.213             178              -0
  220        -798.753    1448.707           0.000       0.000             220              -0
   71         891.799     848.713          -0.473      -2.632              71               0
   73        -957.571    1798.925           0.000       0.000              73               0
   30        -953.678    -875.433          -2.736       3.692              30              -0
  243        -633.997     978.239           0.000       0.000             243              -0
   32        -151.549    1077.661          -1.478      -1.610              32               0
  160        1067.448      57.804           0.000       0.000             160               0
  189        1280.476    -358.047          -0.246      -0.228             189              -0
  234         223.561   -1523.294           0.000       0.000             234              -0
  111        -901.512    -991.477          -0.348      -2.684             111               0
  154       -1685.374     263.164           0.000       0.000             154               0
  115       -1551.372    -652.925          -2.951       3.598             115              -0
   43        2108.767   -1897.918           0.000       0.000              43              -0
  215         511.623     941.257          -1.767      -1.165             215               0
  187        -608.058    1463.118           0.000       0.000             187               0
  230        1848.872     133.052          -0.238      -0.243             230              -0
   53       -1164.937    -634.026           0.000       0.000              53              -0
  169       -1361.650   -1052.180          -0.219      -2.738             169               0
  181        -190.282   -1125.248           0.000       0.000             181               0
  230        2008.092    2100.264          -3.172       3.502             230              -0
   60         234.659     186.757           0.000       0.000              60              -0
   62         537.951    1106.179          -1.351      -1.799              62               0
  209        -346.206    -572.569           0.000       0.000             209               0
  144       -1128.745     732.365          -0.230      -0.259             144              -0
   83         157.412   -1250.584           0.000       0.000              83              -0
   28         100.716    -339.323          -0.086      -2.793              28               0
  119         165.151    2820.230           0.000       0.000             119               0
  173        -276.080     474.704          -3.400       3.403             173              -0
  203       -1275.218   -2427.372           0.000       0.000             203              -0
    4        1074.755     -93.588          -1.936      -0.960               4               0
   85        -366.261    -800.048           0.000       0.000              85               0
  251        -772.257   -1594.315          -0.221      -0.275             251              -0
  227        1216.241     875.747           0.000       0.000             227              -0
   55        -315.687     128.207           0.052      -2.850              55               0
  216        -165.324     427.662           0.000       0.000             216               0
  136        1853.354    1027.580          -3.637       3.299             136              -0
  252        -390.132   -1874.805           0.000       0.000             252              -0
   55         382.226   -1103.445          -1.216      -2.001              55               0
   47         400.802    -889.507           0.000       0.000              47               0
  239       -1285.636    -415.605          -0.212      -0.292             239              -0
   33        -434.669      84.919           0.000       0.000              33              -0
   33         375.322    1336.452           0.197      -2.910              33               0
   50        -605.963   -1068.856           0.000       0.000              50               0
   37         446.966     792.556          -3.885       3.191              37              -0
   12       -2179.856     575.043           0.000       0.000              12              -0
   19       -2053.351    -759.693          -1.632      -1.612              19               0
  160         580.617   -2408.887           0.000       0.000             160               0
  227       -1134.680    -318.032          -0.202      -0.310             227              -0
   15         931.376    1861.873           0.000       0.000              15              -0
   81         790.600    -369.924           0.348      -2.973              81               0
  191        -438.633    -695.075           0.000       0.000             191               0
  190         -10.440    2322.594          -4.146       3.078             190              -0
   56        2269.120     303.152           0.000       0.000              56              -0
  191        1493.957    -559.670          -1.068      -2.223             191               0
   67       -2408.572    1978.700           0.000       0.000              67               0
  159         969.949    1105.185          -0.192      -0.329             159              -0
  139        -531.923     384.250           0.000       0.000             139              -0
   41         487.928    1220.806           0.508      -3.039              41               0
  225         800.046   -2321.681           0.000       0.000             225               0
  179        1062.825   -1027.662          -4.422       2.957             179              -0
   79        -286.052    1114.922           0.000       0.000              79              -0
  233         732.719     886.835          -1.791      -1.604             233               0
   61          11.766       5.268           0.000       0.000              61               0
  137        2125.801    -380.653          -0.181      -0.348             137              -0
  211        1312.312    -611.069           0.000       0.000             211              -0
  203        2299.454    -423.214           0.678      -3.109             203               0
  153        -511.457    -195.924           0.000       0.000             153               0
   34       -1002.668    -694.426          -4.716       2.829              34              -0
  251         312.719   -1556.080           0.000       0.000             251              -0
   82       -1074.988   -1347.008          -0.902      -2.472              82               0
   15         254.088    1063.775           0.000       0.000              15               0
  138       -1625.159   -1179.951          -0.170      -0.370             138              -0
  112         759.457    2036.659           0.000       0.000             112              -0
  241         648.647     556.596           0.860      -3.185             241               0
  219         -98.436    1042.518           0.000       0.000             219               0
  149         760.802    2625.127          -5.032       2.692             149              -0
  129        2595.967   -1358.647           0.000       0.000             129              -0
   59       -1329.419    1767.436          -1.465      -2.163              59               0
   16       -1345.763    -643.348           0.000       0.000              16               0
  127         323.365     836.359          -0.158      -0.392             127              -0
   42         -34.233      95.112           0.000       0.000              42              -0
  164         637.263     240.188           1.057      -3.266             164               0
  248        3946.237   -1227.784           0.000       0.000             248               0
  167        -328.661    -485.446          -5.373       2.544             167              -0
  222        1432.919   -1050.205           0.000       0.000             222              -0
   58         677.436    -790.614          -0.709      -2.760              58               0
  227        -806.877    2526.540           0.000       0.000             227               0
  138       -1988.953    -886.438          -0.144      -0.417             138              -0
  249       -2190.743     213.258           0.000       0.000             249              -0
   50       -1785.130     125.278           1.270      -3.355              50               0
  176       -3372.345   -1458.382           0.000       0.000             176               0
  165          43.112     777.400          -5.744       2.382             165              -0
  252        -687.277    1084.282           0.000       0.000             252              -0
  218         884.565   -1767.974          -1.926      -2.048             218               0
  143        -758.503    2106.733           0.000       0.000             143               0
  250        -166.733   -2524.530          -0.129      -0.444             250              -0
   65        2315.097    -752.395           0.000       0.000              65              -0
   66       -1419.215     292.214           1.505      -3.452              66               0
   25       -2537.220    1981.219           0.000       0.000              25               0
  237          61.403     114.092          -6.152       2.204             237              -0
  195        -889.992    -805.484           0.000       0.000             195              -0
   34        1463.763    -983.789          -0.480      -3.104              34               0
  236         158.725    1778.717           0.000       0.000             236               0
  226       -1903.810    1581.689          -0.113      -0.474             226              -0
  254       -1880.908     255.581           0.000       0.000             254              -0
  219       -1198.420    2445.088           1.764      -3.559             219               0
   19         774.386   -2193.586           0.000       0.000              19               0
   29       -2377.236   -2151.321          -6.606       2.007              29              -0
  176        -520.162    -507.777           0.000       0.000             176              -0
  186        1769.681    1532.752          -1.233      -2.926             186               0
   56       -1483.954    4562.298           0.000       0.000              56               0
  133       -1037.344    -498.393          -0.095      -0.508             133              -0
   31         981.242    1574.907           0.000       0.000              31              -0
  112       -1064.122   -1428.383           2.055      -3.680             112               0
   49        2499.724    1056.682           0.000       0.000              49               0
   94         814.211   -1117.695          -7.114       1.785              94              -0
  124       -2245.118     138.768           0.000       0.000             124              -0
  196        -155.561    -276.864          -0.195      -3.530             196               0
  148         661.594      25.630           0.000       0.000             148               0
  215         703.656   -2032.960          -0.075      -0.545             215              -0
   97       -1698.909     338.731           0.000       0.000              97              -0
  135        -543.667   -1569.036           2.384      -3.816             135               0
   94         546.186    1074.249           0.000       0.000              94               0
  109        1638.031     105.054          -7.693       1.533             109              -0
  198         606.440    1358.348           0.000       0.000             198              -0
  117        -602.700    -832.994          -1.551      -3.227             117               0
   56        1619.579    1041.256           0.000       0.000              56               0
   26         504.615   -1428.417          -0.051      -0.589              26              -0
  235        -729.692     417.324           0.000       0.000             235              -0
  115        -499.348    -287.534           2.761      -3.972             115               0
    0         489.981    -605.024           0.000       0.000              -0               0
  230         675.083    -768.301          -8.359       1.243             230              -0
  240        -125.083     510.365           0.000       0.000             240              -0
  123        -962.068     319.621           0.176      -4.084             123               0
  203        -576.906    -803.514           0.000       0.000             203               0
   22         305.895     -85.075          -0.024      -0.639              22              -0
  209       -1314.640     601.905           0.000       0.000             209              -0
  253         708.397    -187.046           3.201      -4.154             253               0
   22         375.460   -1209.227           0.000       0.000              22               0
   43         616.443     -92.124          -9.138       0.904              43              -0
   27       -1382.400       3.273           0.000       0.000              27              -0
  219         -63.276     -81.114          -0.856      -4.169             219               0
   76       -1433.713   -1439.964           0.000       0.000              76               0
    8         127.541   -1493.408           0.008      -0.698               8              -0
  211        -832.976    -414.684           0.000       0.000             211              -0
   35       -1751.849     769.594           3.724      -4.371              35               0
  255        1867.086     495.694           0.000       0.000             255               0
   22        -978.726      49.351         -10.069       0.499              22              -0
  117         539.965   -1504.791           0.000       0.000             117              -0
  203        -364.907   -1276.984           0.690      -4.854             203               0
  189        -480.709    1385.662           0.000       0.000             189               0
  158        -248.521     456.271           0.046      -0.769             158              -0
   20       -1801.311    -985.567           0.000       0.000              20              -0
   62        2017.339    -359.306           4.357      -4.633              62               0
  113       -1780.126    -829.942           0.000       0.000             113               0
  226        -965.809      29.636         -11.203       0.004             226              -0
   50       -1092.146     989.073           0.000       0.000              50              -0
  147        2181.635    1095.144          -1.647      -4.885             147               0
  100        3040.332     278.749           0.000       0.000             100               0
  241        1561.886   -1866.472           0.094      -0.857             241              -0
  125        -984.307      91.109           0.000       0.000             125              -0
   60       -2297.545    1431.486           5.146      -4.960              60               0
   42        -237.905    -615.145           0.000       0.000              42               0
  177         687.968     -86.302         -12.626      -0.615             177               0
   50       -1344.799     285.705           0.000       0.000              50              -0
   87       -1321.780     -61.627           1.469      -6.020              87               0
  207         -80.664   -1447.185           0.000       0.000             207               0
  225         423.907     712.971           0.155      -0.970             225              -0
  163       -1576.845    1647.757           0.000       0.000             163              -0
  144        -265.675   -2022.655           6.160      -5.380             144               0
   82       -1348.235   -1035.563           0.000       0.000              82               0
  239        -505.771    1211.585         -14.474      -1.420             239               0
   11         371.111     131.866           0.000       0.000              11              -0
   94        -492.932   -1379.962          -0.042      -6.852              94               0
  185        2136.231     125.744           0.000       0.000             185               0
  114         210.243     579.892           0.235      -1.119             114              -0
   54         200.375    1324.991           0.000       0.000              54              -0
  187       -1281.883    -424.530           7.520      -5.943             187               0
  191         248.317    2346.284           0.000       0.000             191               0
    3        -817.549    -583.033         -16.983      -2.512               3               0
  209       -1999.123   -1318.973           0.000       0.000             209              -0
  237       -1698.190    -540.193           2.824      -8.048             237               0
  209       -2155.269     835.762           0.000       0.000             209               0
   30         243.007    2620.579           0.348      -1.327              30              -0
  143         691.566     554.439           0.000       0.000             143              -0
   59       -1913.114    1657.993           9.451      -6.743              59               0
  183        -172.930   -1855.653           0.000       0.000             183               0
   17        -393.740    1110.208         -20.607      -4.091              17               0
  100        -616.136    2963.892           0.000       0.000             100              -0
  215        -144.399     972.339          -0.551      -9.966             215               0
  231       -2359.811    1788.377           0.000       0.000             231               0
  103        -171.733    -691.900           0.517      -1.640             103              -0
  239        1007.533     200.589           0.000       0.000             239              -0
  160         128.102     531.102          12.424      -7.975             160               0
  118       -1005.967    -114.449           0.000       0.000             118               0
  182         964.838     -89.974         -26.337      -6.586             182               0
  130          28.495     363.479           0.000       0.000             130              -0
  233        -402.644    -860.080           5.864     -12.598             233               0
  194        1569.259     361.548           0.000       0.000             194               0
  162         -54.073   -1237.271           0.803      -2.168             162              -0
  237        1771.241    -585.983           0.000       0.000             237              -0
  203        1374.578     848.371          17.632     -10.132             203               0
  194         968.046   -2135.537           0.000       0.000             194               0
   48         520.938     -56.297         -36.837     -11.159              48               0
   89          68.154     398.686           0.000       0.000              89              -0
  131         700.947    -504.200           3.685     -19.139             131               0
   97        1512.169    -221.274           0.000       0.000              97               0
  128           0.907     931.411           1.390      -3.254             128              -0
   75        -984.459     578.164           0.000       0.000              75              -0
  125         529.191   -1258.572          29.202     -14.924             125               0
   61         694.219     675.439           0.000       0.000              61               0
  149        -689.488    -994.144         -62.511     -22.340             149               0
  170        -417.279     543.753           0.000       0.000             170              -0
  191        -727.916     -55.204          19.573     -33.115             191               0
  101         448.663   -1305.521           0.000       0.000             101               0
  230        -232.632    -829.263           3.312      -6.810             230              -0
  201       -3083.348     408.383           0.000       0.000             201              -0
  103         976.091      81.867          77.666     -34.999             103               0
   75        2572.033   -1834.244           0.000       0.000              75               0
  230         -33.186   -1173.359        -224.755     -92.995             230               0
  114        -592.207    -125.986           0.000       0.000             114              -0
  115         560.138   -1552.321           0.000       0.000             115               0
