SINAL     NFT                         FFT                         NFT INVERSA     FFT INVERSA
-----     -----------------------     -----------------------     -----------     -----------
  232       62092.000       0.000           0.000       0.000             232               1
   89        -103.722   -1086.660         -25.491      46.464              89               0
  253         345.949      67.923           0.000       0.000             253              -0
   41         -15.333     913.978        -132.137      51.904              41               0
   85         303.233    -972.706           0.000       0.000              85               0
  211        1240.796    1199.026         131.966      62.353             211              -0
   36       -3681.872     -51.586           0.000       0.000              36              -0
   83        -816.523     130.584         -29.212      39.897              83               0
   49         887.871     179.948           0.000       0.000              49               0
  146       -1433.081      77.365          -3.084       5.020             146               0
   57       -1591.293    1906.506           0.000       0.000              57              -0
   92        -992.695   -1363.809         -36.714      12.379              92               0
  240        -710.917     851.684           0.000       0.000             240               0
    2       -1476.984     218.529          49.563      26.467               2              -0
   34       -2016.272     889.639           0.000       0.000              34              -0
    0        1870.806   -1718.528          -8.324      20.451               0               0
  152        2967.921     813.183           0.000       0.000             152               0
  240        1606.349   -1480.677          -1.763       2.578             240               0
  101       -1422.206    -592.320           0.000       0.000             101              -0
  224         395.856   -2106.912         -21.614       6.124             224               0
    6        -498.061    -170.562           0.000       0.000               6               0
  149        -986.182     650.124          29.892      17.901             149              -0
  156         717.465     -11.584           0.000       0.000             156              -0
   50         399.051    1380.271         -10.068      11.246              50               0
  204        1150.689   -1355.014           0.000       0.000             204               0
  206        1867.952     -17.720          -1.286       1.695             206               0
  112        1905.380    -823.502           0.000       0.000             112              -0
  118         -40.971      99.005         -15.439       3.567             118               0
  125          14.075     398.067           0.000       0.000             125               0
  210        1590.056   -1231.954          21.037      14.045             210              -0
  173         686.141   -1564.196           0.000       0.000             173              -0
    6         656.432     -78.607          -3.515      10.018               6               0
  161         603.053    1440.751           0.000       0.000             161               0
  136       -1012.734    1742.158          -1.039       1.239             136               0
  146       -1277.746    -856.713           0.000       0.000             146              -0
  126        1342.037    1162.945         -12.068       2.170             126               0
  193         796.771     350.663           0.000       0.000             193               0
  240        -309.018    1317.054          15.981      11.843             240              -0
  145        -739.003    -204.934           0.000       0.000             145              -0
   63        1163.219     384.978          -6.600       6.056              63               0
  234        -739.292     275.698           0.000       0.000             234               0
  185        -629.862    -760.102          -0.888       0.958             185               0
  136       -1502.095     322.651           0.000       0.000             136              -0
  181        -624.915    1591.684          -9.937       1.288             181               0
   30         112.986   -2034.603           0.000       0.000              30               0
  203       -2097.870    -979.396          12.699      10.413             203              -0
   11        1407.914     674.494           0.000       0.000              11              -0
   82        -474.448   -2772.853          -3.928       5.957              82               0
    3         238.926     591.358           0.000       0.000               3               0
   30        -746.356     230.076          -0.785       0.768              30               0
   98        2220.356    -234.335           0.000       0.000              98              -0
  183        -852.775    2231.880          -8.461       0.676             183               0
   55        -115.101    1048.451           0.000       0.000              55               0
    6         -15.087   -3419.243          10.387       9.406               6              -0
  110        -741.847    -178.701           0.000       0.000             110              -0
   50        1021.681     440.336          -5.127       3.851              50               0
  156        2026.401    2658.309           0.000       0.000             156               0
  204        -369.102    -443.847          -0.710       0.630             204               0
  192       -1989.136   -2196.259           0.000       0.000             192              -0
  120        -402.672     714.983          -7.375       0.226             120               0
  222         396.592     183.346           0.000       0.000             222               0
   17        1753.879   -1781.284           8.662       8.656              17              -0
  221        -136.586   -1929.057           0.000       0.000             221              -0
   88         383.714    1608.313          -2.358       4.757              88               0
  158        -423.688    -507.155           0.000       0.000             158               0
  251        -755.318   -1685.750          -0.653       0.524             251               0
  145       -1144.316    -902.511           0.000       0.000             145              -0
  190        -533.251   -1071.067          -6.538      -0.120             190               0
   17       -1553.433     687.937           0.000       0.000              17               0
  220         646.549    -170.450           7.321       8.072             220              -0
   77       -1049.442     601.885           0.000       0.000              77              -0
  238          26.277    -175.657          -4.299       2.613             238               0
   96        -530.180    -485.376           0.000       0.000              96               0
  132        -897.530   -2385.981          -0.608       0.441             132               0
   12        -771.017   -1978.888           0.000       0.000              12              -0
   63        1105.434   -1411.267          -5.870      -0.397              63               0
   36       -1176.722     185.940           0.000       0.000              36               0
   92        -988.069    1588.676           6.244       7.603              92              -0
   52        1390.291    1178.789           0.000       0.000              52              -0
   29        -816.272     771.653          -3.061       3.098              29               0
  251         875.595    -109.869           0.000       0.000             251               0
   10        -960.218     200.876          -0.571       0.373              10               0
   65        -223.150   -1447.369           0.000       0.000              65              -0
   73         289.589    1542.680          -5.323      -0.623              73               0
  173        -115.165    -186.952           0.000       0.000             173               0
  104         601.383     839.400           5.356       7.216             104              -0
   63        1810.253   -1688.097           0.000       0.000              63              -0
  170        -775.987      -6.664          -3.761       1.807             170               0
  111        -264.245     382.184           0.000       0.000             111               0
   90        2381.277      43.891          -0.541       0.316              90               0
  139        1275.263   -1660.875           0.000       0.000             139              -0
  254         118.123      31.656          -4.865      -0.813             254               0
  208        -414.757   -2766.428           0.000       0.000             208               0
  106         167.127    -756.339           4.607       6.890             106              -0
   58        2448.629     422.393           0.000       0.000              58              -0
   44        -478.986    -406.149          -2.432       2.717              44               0
  211         513.132    -987.414           0.000       0.000             211               0
   29        -843.555   -1127.888          -0.514       0.268              29               0
  162       -1038.912     665.992           0.000       0.000             162              -0
  175        1345.007    -456.952          -4.473      -0.976             175               0
   63        1208.505    -512.372           0.000       0.000              63               0
   87         -42.063    -659.465           3.965       6.610              87              -0
  247        1152.843   -1364.248           0.000       0.000             247              -0
  147         429.619     -69.215          -3.376       1.232             147               0
  175        1224.289    -565.241           0.000       0.000             175               0
   33       -1088.374     357.741          -0.492       0.226              33               0
   52        -161.457   -1090.895           0.000       0.000              52              -0
  140          89.338    1514.453          -4.133      -1.116             140               0
  156          -3.317    1956.284           0.000       0.000             156               0
  233        -242.695    -192.145           3.406       6.367             233              -0
  130       -1687.173   -1350.256           0.000       0.000             130              -0
  103         367.018      56.325          -2.669       1.807             103               0
   46        1148.623    -335.829           0.000       0.000              46               0
   57       -1380.533   -1781.848          -0.472       0.190              57               0
  141          31.262    -894.719           0.000       0.000             141              -0
    0        1268.311      82.554          -3.834      -1.240              -0               0
  129        1394.562    -464.675           0.000       0.000             129               0
   77       -1265.415    2219.858           2.912       6.152              77              -0
  229         -55.315   -1602.178           0.000       0.000             229              -0
  217        -924.787     206.045          -3.083       0.792             217               0
  208        1740.414       6.072           0.000       0.000             208               0
   75         627.612    -544.458          -0.455       0.157              75               0
   80        2224.457    1283.337           0.000       0.000              80              -0
   27        1323.487      64.851          -3.567      -1.351              27               0
  213        2168.340     149.321           0.000       0.000             213               0
   83        1678.031    -754.713           2.471       5.959              83              -0
  186        -696.384     204.318           0.000       0.000             186              -0
  244        1974.713     844.613          -2.074       1.950             244               0
  191        -831.079    -261.135           0.000       0.000             191               0
  209        1469.623   -1066.752          -0.439       0.128             209               0
  149       -1250.664    -666.776           0.000       0.000             149              -0
   36        -710.438   -1161.697          -3.327      -1.450              36               0
  126         708.383     -84.492           0.000       0.000             126               0
  236        -806.919     587.467           2.073       5.786             236              -0
   27         538.747    2532.709           0.000       0.000              27              -0
  142        -197.960    -640.579          -2.848       0.440             142               0
  180       -1995.768     144.597           0.000       0.000             180               0
  254        -194.903    -703.059          -0.425       0.101             254               0
   88       -1981.552    1812.443           0.000       0.000              88              -0
  123         101.216    1809.454          -3.108      -1.541             123               0
  137        -387.988   -1491.061           0.000       0.000             137               0
   39         472.530   -1140.796           1.710       5.628              39              -0
  201        -588.665    -845.806           0.000       0.000             201              -0
  201        -408.363   -3110.052          -2.432       1.025             201               0
  188         939.277    -669.001           0.000       0.000             188               0
  241          88.297    1886.682          -0.411       0.077             241               0
   94       -2002.373    -754.919           0.000       0.000              94              -0
   83         889.065   -1241.709          -2.908      -1.624              83               0
   38       -1491.325     762.938           0.000       0.000              38               0
   29        -750.583    -165.984           1.375       5.482              29              -0
   49        -372.710    1414.881           0.000       0.000              49              -0
  111       -1572.735    -758.035          -2.651       0.147             111               0
  158        -724.578      63.630           0.000       0.000             158               0
   16        -408.142     250.274          -0.399       0.055              16               0
  215       -1015.265    -404.323           0.000       0.000             215              -0
  157        -637.491   -1852.915          -2.723      -1.701             157               0
  196         383.127   -2034.741           0.000       0.000             196               0
  162         949.582     359.804           1.066       5.347             162              -0
   54        1086.067    1285.892           0.000       0.000              54              -0
   50         522.872     669.394          -2.185       1.050              50               0
  149       -1982.972    1465.582           0.000       0.000             149               0
  115        1799.637   -1461.669          -0.388       0.034             115               0
   80        1510.559    1670.186           0.000       0.000              80              -0
  138        -394.754     119.301          -2.550      -1.772             138               0
   67        -318.622    1757.696           0.000       0.000              67               0
  231        -780.819     199.557           0.777       5.221             231              -0
  121        2224.321    -502.341           0.000       0.000             121              -0
   39         273.552     250.966          -2.482      -0.107              39               0
  123       -2073.425     846.308           0.000       0.000             123               0
   56         304.403     -25.945          -0.377       0.014              56               0
   99        2549.178    1738.091           0.000       0.000              99              -0
   43       -2998.274     683.860          -2.387      -1.840              43               0
   24         543.080    -988.294           0.000       0.000              24               0
  141         809.521   -1552.016           0.505       5.103             141              -0
   36        -422.572    -456.275           0.000       0.000              36              -0
  222       -1279.253    -587.409          -2.262       0.464             222               0
   72         642.401     811.906           0.000       0.000              72               0
  204        -949.985    -482.666          -0.368      -0.004             204               0
  169          64.020    -709.765           0.000       0.000             169              -0
  240        1676.375    -405.040          -2.234      -1.903             240               0
   39        1316.561    2422.942           0.000       0.000              39               0
    3        1582.855     351.551           0.247       4.991               3              -0
   48        -597.380      56.125           0.000       0.000              48              -0
   26        1038.111     408.033          -2.332      -0.331              26               0
  246       -1725.347     -42.495           0.000       0.000             246               0
  146       -1483.596    1450.084          -0.358      -0.022             146               0
  150        1486.945     301.248           0.000       0.000             150              -0
  242        -466.314    -558.075          -2.088      -1.964             242               0
  142         708.248    -162.660           0.000       0.000             142               0
   31        2523.332    2292.348           0.002       4.884              31              -0
  239        -783.182     910.063           0.000       0.000             239              -0
  152          65.142     280.456          -2.058       0.694             152               0
  168        1837.744    -882.973           0.000       0.000             168               0
   82        -490.544     -88.383          -0.349      -0.038              82              -0
   63        1055.275   -2084.960           0.000       0.000              63              -0
  173       -1077.770     748.231          -1.948      -2.021             173               0
  112       -1303.259    -830.983           0.000       0.000             112               0
  244        -403.401     446.876          -0.233       4.782             244              -0
  177         571.283    -442.852           0.000       0.000             177              -0
  152          61.928   -1109.052          -2.196      -0.536             152               0
   58       -1642.944     797.323           0.000       0.000              58               0
  240        -373.796     839.440          -0.340      -0.054             240              -0
  205        -136.240    1423.912           0.000       0.000             205              -0
   36        -232.496    -322.634          -1.814      -2.077              36               0
  124       -1006.524    2114.903           0.000       0.000             124               0
   20        1190.535     717.145          -0.459       4.683              20              -0
  195        1703.337    1096.845           0.000       0.000             195              -0
   80         342.642     332.230          -2.125       0.013              80               0
  113         798.719     974.492           0.000       0.000             113               0
  189       -1116.979   -2312.355          -0.332      -0.070             189              -0
  161        1200.075    1609.398           0.000       0.000             161              -0
   56        -120.817     552.442          -1.684      -2.131              56               0
  173        1729.685     -94.082           0.000       0.000             173               0
  170        1438.431    1442.110          -0.679       4.588             170              -0
  230        1073.637   -1086.135           0.000       0.000             230              -0
   36        1005.887     973.532          -2.069      -0.726              36               0
  118        2926.168    1780.411           0.000       0.000             118               0
  219        -186.827   -1599.869          -0.324      -0.085             219              -0
  224        1089.198      98.764           0.000       0.000             224              -0
   22        -416.738    -655.061          -1.558      -2.183              22               0
   55        2226.348   -1442.427           0.000       0.000              55               0
  105         512.853    -728.080          -0.892       4.495             105              -0
  134        1542.425    1753.898           0.000       0.000             134              -0
  120        1278.220    1336.212          -2.046       0.113             120               0
  118        -285.424    -526.247           0.000       0.000             118               0
   96        -496.249    -225.355          -0.316      -0.100              96              -0
  131         135.432   -1028.040           0.000       0.000             131              -0
   30        -922.477   -1956.092          -1.434      -2.234              30               0
    2         195.658    1380.232           0.000       0.000               2               0
   16        1483.700    -333.496          -1.101       4.404              16              -0
  120        2504.718     677.059           0.000       0.000             120              -0
    2         546.865     -73.763          -1.948      -0.907               2               0
  147         492.646   -2999.746           0.000       0.000             147               0
  138       -2610.368     655.068          -0.308      -0.114             138              -0
  113        -256.677     675.136           0.000       0.000             113              -0
  248       -1048.236     793.909          -1.313      -2.285             248               0
   55        1177.107    2357.203           0.000       0.000              55               0
   80        -654.324    1234.774          -1.307       4.314              80              -0
  125         571.852    1010.040           0.000       0.000             125              -0
  137         -76.963     172.762          -2.004      -0.386             137               0
   78        1285.098   -4010.622           0.000       0.000              78               0
  120         243.301    -893.212          -0.300      -0.128             120              -0
   26         453.311    1398.506           0.000       0.000              26              -0
  252        -194.830    -382.018          -1.193      -2.334             252               0
  197        -166.572    -628.373           0.000       0.000             197               0
  184        1311.850    -707.669          -1.510       4.226             184              -0
  217         794.648    2446.399           0.000       0.000             217              -0
  205        -595.671   -2641.591          -1.831      -1.082             205               0
   52         606.851     605.071           0.000       0.000              52               0
   73         201.515   -1586.873          -0.293      -0.142              73              -0
   34        1985.483    1281.717           0.000       0.000              34              -0
  204        1241.139    2599.627          -1.074      -2.384             204               0
  155         310.622    -362.954           0.000       0.000             155               0
   70        -985.784     863.038          -1.712       4.138              70              -0
   90        -697.774       3.003           0.000       0.000              90              -0
   63        -645.183    1546.993           0.000       0.000              63               0
  208       -1146.000      -0.467           0.000       0.000             208               0
    5        -644.547   -1547.523          -0.285      -0.156               5              -0
  237        -697.603      -3.412           0.000       0.000             237              -0
   34        -985.140    -863.541          -0.956      -2.433              34               0
   34         310.979     362.779           0.000       0.000              34               0
  123        1242.366   -2599.339          -1.914       4.050             123              -0
  187        1985.941   -1280.675           0.000       0.000             187              -0
   76         200.875    1587.145          -1.715      -1.255              76               0
   13         606.978    -604.774           0.000       0.000              13               0
  183        -596.510    2641.196          -0.278      -0.170             183              -0
   51         795.621   -2446.326           0.000       0.000              51              -0
   70        1311.537     708.267          -0.837      -2.482              70               0
  149        -166.924     628.259           0.000       0.000             149               0
   33        -194.929     381.763          -2.116       3.962              33              -0
  149         453.845   -1398.301           0.000       0.000             149              -0
   40         243.073     893.617          -1.888      -0.768              40               0
   17        1283.701    4010.738           0.000       0.000              17               0
   83         -77.035    -173.582          -0.270      -0.185              83              -0
  173         572.067   -1010.409           0.000       0.000             173              -0
  232        -653.955   -1235.389          -0.717      -2.531             232               0
  195        1177.777   -2356.886           0.000       0.000             195               0
  167       -1048.152    -794.087          -2.319       3.873             167              -0
  211        -256.531    -675.017           0.000       0.000             211              -0
    0       -2609.883    -655.528          -1.598      -1.430              -0               0
  179         492.207    2999.995           0.000       0.000             179               0
  112         547.317      73.606          -0.262      -0.199             112              -0
  190        2505.161    -676.353           0.000       0.000             190              -0
  238        1483.402     333.904          -0.596      -2.581             238               0
   35         195.855   -1380.044           0.000       0.000              35               0
  118        -923.175    1955.911          -2.526       3.783             118              -0
  178         135.190    1027.831           0.000       0.000             178              -0
  206        -496.162     224.880          -1.929      -0.677             206               0
  102        -285.222     525.753           0.000       0.000             102               0
  186        1279.045   -1336.124          -0.254      -0.213             186              -0
  147        1543.155   -1753.279           0.000       0.000             147              -0
  188         512.737     728.497          -0.473      -2.632             188               0
   28        2225.830    1443.113           0.000       0.000              28               0
  205        -417.020     654.641          -2.736       3.692             205              -0
    2        1089.315     -98.625           0.000       0.000               2              -0
  145        -187.140    1599.362          -1.478      -1.610             145               0
  109        2926.876   -1779.892           0.000       0.000             109               0
  140        1006.036    -973.244          -0.246      -0.228             140              -0
   79        1073.164    1086.284           0.000       0.000              79              -0
  171        1438.758   -1441.883          -0.348      -2.684             171               0
  193        1729.287      94.533           0.000       0.000             193               0
  219        -120.982    -552.695          -2.951       3.598             219              -0
  143        1200.265   -1608.908           0.000       0.000             143              -0
  237       -1117.986    2311.875          -1.767      -1.165             237               0
    4         798.998    -974.632           0.000       0.000               4               0
  199         342.672    -332.393          -0.238      -0.243             199              -0
  192        1703.496   -1096.513           0.000       0.000             192              -0
  208        1190.238    -716.942          -0.219      -2.738             208               0
   23       -1006.283   -2115.217           0.000       0.000              23               0
  240        -232.856     322.616          -3.172       3.502             240              -0
  202        -136.027   -1423.965           0.000       0.000             202              -0
   52        -373.810    -839.386          -1.351      -1.799              52               0
  121       -1642.750    -797.550           0.000       0.000             121               0
   39          61.654    1109.300          -0.230      -0.259              39              -0
  191         571.036     443.017           0.000       0.000             191              -0
   55        -403.463    -446.969          -0.086      -2.793              55               0
  106       -1303.574     830.562           0.000       0.000             106               0
  118       -1077.248    -748.499          -3.400       3.403             118              -0
   98        1054.792    2085.301           0.000       0.000              98              -0
  205        -490.391      87.962          -1.936      -0.960             205               0
  152        1837.530     883.274           0.000       0.000             152               0
  126          65.101    -280.869          -0.221      -0.275             126              -0
  189        -782.700    -910.694           0.000       0.000             189              -0
    1        2524.158   -2291.517           0.052      -2.850               1               0
   45         707.869     163.076           0.000       0.000              45               0
  114        -466.673     557.841          -3.637       3.299             114              -0
   63        1486.755    -300.979           0.000       0.000              63              -0
  199       -1483.454   -1450.624          -1.216      -2.001             199               0
  187       -1725.202      41.970           0.000       0.000             187               0
   60        1038.452    -407.705          -0.212      -0.292              60              -0
  120        -597.182     -56.377           0.000       0.000             120              -0
  233        1583.167    -351.180           0.197      -2.910             233               0
   31        1317.313   -2422.347           0.000       0.000              31               0
   21        1675.923     405.984          -3.885       3.191              21              -0
  173          63.326     709.928           0.000       0.000             173              -0
    8        -950.372     482.308          -1.632      -1.612               8               0
   71         642.463    -811.630           0.000       0.000              71               0
   60       -1279.624     587.137          -0.202      -0.310              60              -0
  235        -422.643     456.221           0.000       0.000             235              -0
   30         808.988    1552.196           0.348      -2.973              30               0
  128         542.440     988.065           0.000       0.000             128               0
  205       -2997.929    -685.320          -4.146       3.078             205              -0
   17        2549.955   -1737.374           0.000       0.000              17              -0
   66         304.052      26.034          -1.068      -2.223              66               0
   51       -2073.155    -847.033           0.000       0.000              51               0
   34         273.962    -250.812          -0.192      -0.329              34              -0
  130        2224.079     503.015           0.000       0.000             130              -0
   82        -780.998    -200.064           0.508      -3.039              82               0
  129        -318.038   -1757.860           0.000       0.000             129               0
  236        -394.550    -119.379          -4.422       2.957             236              -0
   15        1511.220   -1669.488           0.000       0.000              15              -0
   91        1798.786    1462.355          -1.791      -1.604              91               0
  223       -1982.703   -1466.314           0.000       0.000             223               0
  132         523.214    -669.069          -0.181      -0.348             132              -0
   43        1086.419   -1285.211           0.000       0.000              43              -0
  225         949.412    -358.912           0.678      -3.109             225               0
   32         382.009    2035.273           0.000       0.000              32               0
   89        -638.529    1852.652          -4.716       2.829              89              -0
  124       -1015.649     403.760           0.000       0.000             124              -0
   34        -408.246    -250.532          -0.902      -2.472              34               0
   20        -724.781     -63.879           0.000       0.000              20               0
   25       -1573.051     757.372          -0.170      -0.370              25              -0
    6        -372.211   -1415.054           0.000       0.000               6              -0
  144        -750.675     165.853           0.860      -3.185             144               0
  128       -1490.911    -763.233           0.000       0.000             128               0
   59         888.706    1242.186          -5.032       2.692              59              -0
   57       -2002.545     754.117           0.000       0.000              57              -0
   93          89.252   -1886.512          -1.465      -2.163              93               0
   46         939.118     669.828           0.000       0.000              46               0
  129        -409.467    3110.007          -0.158      -0.392             129              -0
  221        -588.872     845.355           0.000       0.000             221              -0
   33         472.176    1140.688           1.057      -3.266              33               0
    4        -388.547    1490.359           0.000       0.000               4               0
  171         101.678   -1809.943          -5.373       2.544             171              -0
  165       -1980.953   -1813.091           0.000       0.000             165              -0
   61        -195.021     703.067          -0.709      -2.760              61               0
  137       -1995.479    -145.357           0.000       0.000             137               0
   73        -197.725     640.243          -0.144      -0.417              73              -0
  168         539.848   -2532.616           0.000       0.000             168              -0
  165        -806.468    -587.422           1.270      -3.355             165               0
  231         708.583      85.055           0.000       0.000             231               0
  236        -710.675    1161.636          -5.744       2.382             236              -0
  253       -1250.415     666.371           0.000       0.000             253              -0
  198        1469.687    1067.120          -1.926      -2.048             198               0
   97        -830.763     260.596           0.000       0.000              97               0
  152        1975.355    -844.078          -0.129      -0.444             152              -0
   26        -695.972    -204.490           0.000       0.000              26              -0
  161        1678.277     755.236           1.505      -3.452             161               0
  222        2168.591    -148.732           0.000       0.000             222               0
  218        1323.567     -64.540          -6.152       2.204             218              -0
   10        2224.769   -1282.544           0.000       0.000              10              -0
  219         627.209     544.802          -0.480      -3.104             219               0
  198        1740.062      -5.472           0.000       0.000             198               0
  144        -925.064    -206.246          -0.113      -0.474             144              -0
    9         -55.984    1602.021           0.000       0.000               9              -0
  197       -1264.558   -2220.321           1.764      -3.559             197               0
   17        1394.583     465.402           0.000       0.000              17               0
  230        1268.166     -81.917          -6.606       2.007             230              -0
  208          30.658     894.960           0.000       0.000             208              -0
   36       -1381.144    1781.348          -1.233      -2.926              36               0
   32        1148.550     336.008           0.000       0.000              32               0
  223         366.772     -56.270          -0.095      -0.508             223              -0
   29       -1687.705    1349.515           0.000       0.000              29              -0
   60        -242.590     191.633           2.055      -3.680              60               0
   24          -2.532   -1956.495           0.000       0.000              24               0
   31          89.928   -1514.150          -7.114       1.785              31              -0
   57        -161.762    1091.084           0.000       0.000              57              -0
   72       -1087.970    -357.987          -0.195      -3.530              72               0
  196        1224.415     565.814           0.000       0.000             196               0
  149         429.752      69.537          -0.075      -0.545             149              -0
  197        1152.449    1364.739           0.000       0.000             197              -0
  188         -42.222     659.397           2.384      -3.816             188               0
  236        1208.400     512.711           0.000       0.000             236               0
   20        1344.619     457.298          -7.693       1.533              20              -0
  200       -1038.901    -666.277           0.000       0.000             200              -0
  151        -843.794    1127.741          -1.551      -3.227             151               0
   55         512.986     987.523           0.000       0.000              55               0
  104        -478.840     405.861          -0.051      -0.589             104              -0
  128        2448.880    -421.525           0.000       0.000             128              -0
  126         166.691     756.623           2.761      -3.972             126               0
  167        -415.662    2766.173           0.000       0.000             167               0
   12         118.349     -31.888          -8.359       1.243              12              -0
   63        1274.902    1661.022           0.000       0.000              63              -0
   72        2381.102     -43.496           0.176      -4.084              72               0
  125        -264.461    -382.486           0.000       0.000             125               0
   13        -775.962       6.352          -0.024      -0.639              13              -0
   73        1809.678    1688.431           0.000       0.000              73              -0
  238         601.375    -839.554           3.201      -4.154             238               0
   61        -115.464     186.669           0.000       0.000              61               0
  133         289.895   -1542.618          -9.138       0.904             133              -0
  227        -223.867    1447.269           0.000       0.000             227              -0
  124        -960.191    -201.440          -0.856      -4.169             124               0
   10         875.498     109.927           0.000       0.000              10               0
   39        -816.079    -772.151           0.008      -0.698              39              -0
    0        1390.523   -1178.380           0.000       0.000               0              -0
   32        -987.833   -1588.753           3.724      -4.371              32               0
  210       -1176.626    -185.825           0.000       0.000             210               0
   95        1104.906    1412.063         -10.069       0.499              95              -0
  234        -771.903    1978.785           0.000       0.000             234              -0
    7        -898.379    2385.454           0.690      -4.854               7               0
  152        -530.295     484.791           0.000       0.000             152               0
   45          26.198     175.334           0.046      -0.769              45              -0
   36       -1049.203    -602.414           0.000       0.000              36              -0
   60         646.451     170.588           4.357      -4.633              60               0
  173       -1553.264    -688.390           0.000       0.000             173               0
  219        -533.510    1071.016         -11.203       0.004             219              -0
  155       -1144.462     902.121           0.000       0.000             155              -0
  234        -755.589    1685.292          -1.647      -4.885             234               0
   49        -423.492     506.606           0.000       0.000              49               0
  164         384.571   -1608.223           0.094      -0.857             164              -0
  159        -136.903    1929.104           0.000       0.000             159              -0
   87        1753.437    1781.509           5.146      -4.960              87               0
  133         396.516    -183.656           0.000       0.000             133               0
  111        -402.576    -715.232         -12.626      -0.615             111               0
  141       -1989.692    2195.344           0.000       0.000             141              -0
   97        -368.703     443.043           1.469      -6.020              97               0
   28        2027.599   -2657.954           0.000       0.000              28               0
  212        1021.719    -439.866           0.155      -0.970             212              -0
  185        -741.962     178.649           0.000       0.000             185              -0
  192         -16.134    3418.912           6.160      -5.380             192               0
   19        -114.664   -1049.184           0.000       0.000              19               0
  113        -851.734   -2232.313         -14.474      -1.420             113               0
   40        2220.381     235.149           0.000       0.000              40              -0
  243        -746.374    -230.343          -0.042      -6.852             243               0
   17         239.164    -591.078           0.000       0.000              17               0
   31        -475.285    2772.630           0.235      -1.119              31              -0
  185        1408.026    -674.278           0.000       0.000             185              -0
  106       -2098.274     978.616           7.520      -5.943             106               0
   20         112.450    2034.158           0.000       0.000              20               0
  129        -624.358   -1592.374         -16.983      -2.512             129               0
  135       -1501.788    -323.273           0.000       0.000             135              -0
  106        -629.749     759.658           2.824      -8.048             106               0
  155        -738.722    -276.283           0.000       0.000             155               0
  179        1163.684    -384.839           0.348      -1.327             179              -0
   87        -738.837     204.368           0.000       0.000              87              -0
   21        -308.135   -1317.415           9.451      -6.743              21               0
   54         797.301    -350.530           0.000       0.000              54               0
  236        1342.518   -1162.523         -20.607      -4.091             236               0
  103       -1277.936     856.147           0.000       0.000             103              -0
  181       -1011.662   -1742.672          -0.551      -9.966             181               0
  151         604.101   -1440.324           0.000       0.000             151               0
  234         656.857      79.210           0.517      -1.640             234              -0
   41         686.046    1564.590           0.000       0.000              41              -0
  253        1589.902    1232.302          12.424      -7.975             253               0
  107          14.405    -398.259           0.000       0.000             107               0
   87         -40.483     -99.031         -26.337      -6.586              87               0
  133        1905.530     824.071           0.000       0.000             133              -0
  210        1868.065      18.239           5.864     -12.598             210               0
   24        1150.180    1355.125           0.000       0.000              24               0
  133         399.463   -1380.385           0.803      -2.168             133              -0
  139         717.364      11.795           0.000       0.000             139              -0
  233        -985.965    -650.402          17.632     -10.132             233               0
  251        -497.852     170.623           0.000       0.000             251               0
  213         395.401    2107.046         -36.837     -11.159             213               0
   95       -1421.918     591.627           0.000       0.000              95              -0
  249        1606.514    1480.861           3.685     -19.139             249               0
  213        2968.360    -812.479           0.000       0.000             213               0
   66        1869.820    1718.815           1.390      -3.254              66              -0
   78       -2016.276    -890.769           0.000       0.000              78              -0
  118       -1476.723    -219.300          29.202     -14.924             118               0
  129        -710.307    -852.059           0.000       0.000             129               0
   21        -992.788    1363.173         -62.511     -22.340              21               0
   49       -1590.097   -1907.339           0.000       0.000              49              -0
  129       -1432.165     -77.887          19.573     -33.115             129               0
   16         888.764    -179.761           0.000       0.000              16               0
   31        -815.825    -130.975           3.312      -6.810              31              -0
   96       -3680.527      50.172           0.000       0.000              96              -0
  214        1243.004   -1198.647          77.666     -34.999             214               0
  150         304.663     972.748           0.000       0.000             150               0
  101         -12.750    -914.102        -224.755     -92.995             101               0
   42         349.304     -67.741           0.000       0.000              42              -0
    1         -97.487    1086.527           0.000       0.000               1               0
