SINAL     NFT                         FFT                         NFT INVERSA     FFT INVERSA
-----     -----------------------     -----------------------     -----------     -----------
  146       61387.000       0.000           0.000       0.000             146               1
  100        1118.046     -17.092         -25.491      46.464             100               0
   26         381.612    -121.691           0.000       0.000              26              -0
  178        -821.998    -336.777        -132.137      51.904             178               0
   19        -550.533    -888.355           0.000       0.000              19               0
   60        -560.677   -1762.552         131.966      62.353              60              -0
  184        1365.782    -834.156           0.000       0.000             184              -0
  250        -282.551     -58.444         -29.212      39.897             250               0
  197         169.036   -1572.223           0.000       0.000             197               0
  197        -134.184     158.675          -3.084       5.020             197               0
   77       -1485.789     440.386           0.000       0.000              77              -0
   17        -310.385     231.259         -36.714      12.379              17               0
  141        1491.378     157.901           0.000       0.000             141               0
  143        -657.045     447.037          49.563      26.467             143              -0
   47         979.720    1308.572           0.000       0.000              47              -0
  212        -385.461   -1486.288          -8.324      20.451             212               0
   73         -90.762    -800.104           0.000       0.000              73               0
  152         621.301     808.412          -1.763       2.578             152               0
  137         213.167    -162.633           0.000       0.000             137              -0
  221       -1697.891     195.640         -21.614       6.124             221               0
  107       -1753.966    -844.027           0.000       0.000             107               0
  215        1148.902    2573.249          29.892      17.901             215              -0
   40       -1041.512   -2474.840           0.000       0.000              40              -0
  198        1035.653      70.547         -10.068      11.246             198               0
  240         629.000   -1300.141           0.000       0.000             240               0
   26         915.581   -1112.979          -1.286       1.695              26               0
  137        1502.102    1386.481           0.000       0.000             137              -0
   30        -385.528    -130.068         -15.439       3.567              30               0
   89       -1152.886   -1250.001           0.000       0.000              89               0
  242       -1237.880     999.723          21.037      14.045             242              -0
  215        -352.072     292.926           0.000       0.000             215              -0
  230         534.023     540.770          -3.515      10.018             230               0
   16         673.701      -5.864           0.000       0.000              16               0
  251         564.750   -1794.904          -1.039       1.239             251               0
  103         -70.941    1476.456           0.000       0.000             103              -0
   89        3315.004    -350.103         -12.068       2.170              89               0
  146       -1467.536    -582.416           0.000       0.000             146               0
  146        -239.181   -1032.098          15.981      11.843             146              -0
  171       -3167.855     904.329           0.000       0.000             171              -0
   80        -836.825     281.413          -6.600       6.056              80               0
  110        -337.229    -263.321           0.000       0.000             110               0
   95        -176.433     335.338          -0.888       0.958              95               0
   99        -101.921     851.674           0.000       0.000              99              -0
  233         393.921    -318.449          -9.937       1.288             233               0
  174        1009.534    1105.170           0.000       0.000             174               0
  170         891.621    2180.338          12.699      10.413             170              -0
   78        -488.385     340.580           0.000       0.000              78              -0
  222         892.038    1283.398          -3.928       5.957             222               0
  141       -2166.051     300.083           0.000       0.000             141               0
  221         530.389    2092.422          -0.785       0.768             221               0
   23       -1147.078    1117.196           0.000       0.000              23              -0
  119        -279.093    -871.998          -8.461       0.676             119               0
   18        -528.395     861.534           0.000       0.000              18               0
    2         762.800    -493.437          10.387       9.406               2              -0
   84          25.887   -1510.894           0.000       0.000              84              -0
   26         314.231    -105.009          -5.127       3.851              26               0
   24         -86.689     827.399           0.000       0.000              24               0
  249        2014.445   -1625.959          -0.710       0.630             249               0
  103         620.762      35.998           0.000       0.000             103              -0
   30        -805.759    2396.874          -7.375       0.226              30               0
  170         736.790   -1207.124           0.000       0.000             170               0
  154        -238.884    1060.724           8.662       8.656             154              -0
  104         898.035    -151.372           0.000       0.000             104              -0
  211         858.846    1529.896          -2.358       4.757             211               0
  129         489.603     242.675           0.000       0.000             129               0
   91        1922.883    2599.317          -0.653       0.524              91               0
  190         398.943    -535.374           0.000       0.000             190              -0
   82         -30.007    -141.399          -6.538      -0.120              82               0
   55        1089.063   -1226.426           0.000       0.000              55               0
  173        -974.784     338.314           7.321       8.072             173              -0
  108        2552.673    1122.241           0.000       0.000             108              -0
  157        2188.594     511.777          -4.299       2.613             157               0
  140         373.516    1263.368           0.000       0.000             140               0
  215        1202.657   -1581.267          -0.608       0.441             215               0
  119        -406.939    -700.794           0.000       0.000             119              -0
    9       -2240.097    -714.371          -5.870      -0.397               9               0
  122        -536.878     845.203           0.000       0.000             122               0
  251         870.397     -87.301           6.244       7.603             251              -0
   58          28.687   -1046.057           0.000       0.000              58              -0
  184        -273.766   -1987.662          -3.061       3.098             184               0
  188        2546.161    1632.619           0.000       0.000             188               0
  141        1108.113    2024.663          -0.571       0.373             141               0
   67         -28.742     792.673           0.000       0.000              67              -0
   21         634.326    1441.394          -5.323      -0.623              21               0
   87       -1345.374    1235.927           0.000       0.000              87               0
  215        2150.801   -2214.923           5.356       7.216             215              -0
  217       -1167.903   -2377.844           0.000       0.000             217              -0
   49         671.800    2021.924          -3.761       1.807              49               0
  242       -1622.047   -1613.811           0.000       0.000             242               0
   49         380.710    1751.415          -0.541       0.316              49               0
   36         705.246   -1957.682           0.000       0.000              36              -0
  171       -1350.172    -962.584          -4.865      -0.813             171               0
  209       -2557.805      96.169           0.000       0.000             209               0
  141        -777.628    -779.881           4.607       6.890             141              -0
  129        1775.846   -1316.597           0.000       0.000             129              -0
   15         234.306     104.043          -2.432       2.717              15               0
  114        -983.095    -882.662           0.000       0.000             114               0
   22       -2016.146    1532.799          -0.514       0.268              22               0
  237        -606.538   -1080.225           0.000       0.000             237              -0
  159         345.798    -687.839          -4.473      -0.976             159               0
  133         228.164   -1535.882           0.000       0.000             133               0
   78         517.040    1800.390           3.965       6.610              78              -0
  244        -656.281     807.259           0.000       0.000             244              -0
   89        -922.581   -1080.758          -3.376       1.232              89               0
   29        -410.715    1190.848           0.000       0.000              29               0
  111        2825.079   -1618.086          -0.492       0.226             111               0
   45        1186.753     792.108           0.000       0.000              45              -0
   69        1111.139    1526.210          -4.133      -1.116              69               0
   14        3164.263      35.798           0.000       0.000              14               0
  200         275.254    -626.657           3.406       6.367             200              -0
   91        -920.627    1505.862           0.000       0.000              91              -0
   42        -433.641      90.972          -2.669       1.807              42               0
   34        1723.217   -1143.033           0.000       0.000              34               0
  162        -671.070    2655.512          -0.472       0.190             162               0
  234         312.577    1991.903           0.000       0.000             234              -0
  232       -2500.301    1610.349          -3.834      -1.240             232               0
  151         377.025    1021.459           0.000       0.000             151               0
   63         610.574     529.180           2.912       6.152              63              -0
  122       -2508.774    1164.252           0.000       0.000             122              -0
  237        -602.519     765.006          -3.083       0.792             237               0
  139         164.747     237.570           0.000       0.000             139               0
   84         657.239     444.659          -0.455       0.157              84               0
   60        -531.743   -1126.344           0.000       0.000              60              -0
   39        -544.755     919.999          -3.567      -1.351              39               0
    6        -271.128    1217.613           0.000       0.000               6               0
  220         359.469     673.175           2.471       5.959             220              -0
   68         884.699    1195.654           0.000       0.000              68              -0
  118         406.215    -516.082          -2.074       1.950             118               0
  165        -544.037    -167.068           0.000       0.000             165               0
   53         696.705     589.162          -0.439       0.128              53               0
    2       -2631.587     844.044           0.000       0.000               2              -0
  181       -1312.117    -795.487          -3.327      -1.450             181               0
  208        2233.385     383.749           0.000       0.000             208               0
  194        -665.621    1342.995           2.073       5.786             194              -0
   18         -16.914     170.371           0.000       0.000              18              -0
  242        1068.765    -167.850          -2.848       0.440             242               0
   61       -1258.934    -502.429           0.000       0.000              61               0
   57         710.670     426.138          -0.425       0.101              57               0
  223       -2826.075     370.977           0.000       0.000             223              -0
   33        1720.130     -78.947          -3.108      -1.541              33               0
   66        2114.479      -7.485           0.000       0.000              66               0
  217        -420.612     401.774           1.710       5.628             217              -0
   62         176.115   -1854.687           0.000       0.000              62              -0
  168       -1129.089     281.424          -2.432       1.025             168               0
  157         154.324    3212.836           0.000       0.000             157               0
  197       -1528.282     -34.825          -0.411       0.077             197               0
  227       -1809.248    -781.869           0.000       0.000             227              -0
  235         -33.578   -2011.335          -2.908      -1.624             235               0
   70        1568.214    2097.664           0.000       0.000              70               0
   25       -2163.968     147.173           1.375       5.482              25              -0
   76       -1494.134    2799.807           0.000       0.000              76              -0
   21        1159.623    -791.549          -2.651       0.147              21               0
  215         780.457    -357.645           0.000       0.000             215               0
  161        1153.302   -1109.881          -0.399       0.055             161               0
   70        1617.038    2278.475           0.000       0.000              70              -0
   22        -144.097    1066.648          -2.723      -1.701              22               0
  236        1237.520   -1457.412           0.000       0.000             236               0
    7       -1031.847   -1003.203           1.066       5.347               7              -0
   29       -1353.996    2991.468           0.000       0.000              29              -0
  138       -1466.455    -745.177          -2.185       1.050             138               0
   31         -26.325    2178.261           0.000       0.000              31               0
   24         312.745   -1029.776          -0.388       0.034              24               0
  245        -754.444    -552.651           0.000       0.000             245              -0
   27         -93.098   -1022.647          -2.550      -1.772              27               0
   48        1483.132    -243.213           0.000       0.000              48               0
  171        -153.488    -950.537           0.777       5.221             171              -0
  182       -2397.480    2011.216           0.000       0.000             182              -0
   58         473.366    2256.829          -2.482      -0.107              58               0
   93        2804.912   -1645.919           0.000       0.000              93               0
   13       -1675.230     237.008          -0.377       0.014              13               0
  189        2112.169     654.029           0.000       0.000             189              -0
  249        1769.947   -1172.846          -2.387      -1.840             249               0
  179         263.818   -1162.030           0.000       0.000             179               0
   78         939.994    1374.655           0.505       5.103              78              -0
  203        -669.662     593.188           0.000       0.000             203              -0
  194       -1025.606   -1312.255          -2.262       0.464             194               0
  181       -1009.669   -1106.111           0.000       0.000             181               0
  115         126.154     180.242          -0.368      -0.004             115               0
   42        -642.542     350.574           0.000       0.000              42              -0
   27       -1627.947   -1577.759          -2.234      -1.903              27               0
  171         254.049   -2642.599           0.000       0.000             171               0
  238        2348.743   -2634.790           0.247       4.991             238              -0
   42        -841.813   -1628.991           0.000       0.000              42              -0
   99       -2193.276   -1371.898          -2.332      -0.331              99               0
   88        -339.134     242.906           0.000       0.000              88               0
    9        -696.987     -92.740          -0.358      -0.022               9               0
   29        1530.561     410.626           0.000       0.000              29              -0
  213         215.668   -1861.800          -2.088      -1.964             213               0
   52         880.734     -79.586           0.000       0.000              52               0
  171        -228.995    -122.163           0.002       4.884             171              -0
  217         999.646   -1211.627           0.000       0.000             217              -0
   66       -2384.640    1532.871          -2.058       0.694              66               0
  122         468.689   -1047.305           0.000       0.000             122               0
   84        2186.490      -1.535          -0.349      -0.038              84              -0
  235       -1514.286      88.144           0.000       0.000             235              -0
  141        1111.879    -498.360          -1.948      -2.021             141               0
   57         147.885    1739.855           0.000       0.000              57               0
   57        2224.639    -814.641          -0.233       4.782              57              -0
  203         619.330    -510.625           0.000       0.000             203              -0
   61          67.460    2326.607          -2.196      -0.536              61               0
    6        -825.632   -1185.194           0.000       0.000               6               0
   22        1385.556   -1291.502          -0.340      -0.054              22              -0
   26         271.430   -1482.234           0.000       0.000              26              -0
  102         723.158    -193.968          -1.814      -2.077             102               0
   87         317.727    -460.585           0.000       0.000              87               0
  219        -586.859    -298.287          -0.459       4.683             219              -0
  194        -544.149    -865.098           0.000       0.000             194              -0
  156         -63.195     710.570          -2.125       0.013             156               0
   23         621.373     719.777           0.000       0.000              23               0
   46        -202.938    -745.801          -0.332      -0.070              46              -0
  228         118.827     323.645           0.000       0.000             228              -0
  224       -1104.444     -14.394          -1.684      -2.131             224               0
   51        1394.976     454.655           0.000       0.000              51               0
   89       -1304.945     -91.038          -0.679       4.588              89              -0
  124        2393.305     168.550           0.000       0.000             124              -0
   24         419.505     328.126          -2.069      -0.726              24               0
  215        4655.637   -1080.615           0.000       0.000             215               0
  221         372.554    1296.556          -0.324      -0.085             221              -0
  138        -133.437     808.571           0.000       0.000             138              -0
  114         474.924    -200.219          -1.558      -2.183             114               0
  186         978.622    -371.077           0.000       0.000             186               0
  171       -1243.643    -758.528          -0.892       4.495             171              -0
    7        -729.762   -1469.738           0.000       0.000               7              -0
  201        -613.786     142.622          -2.046       0.113             201               0
  149       -2268.638     838.886           0.000       0.000             149               0
   95         129.668     279.805          -0.316      -0.100              95              -0
   31       -1444.538     247.946           0.000       0.000              31              -0
   76         307.245     -38.194          -1.434      -2.234              76               0
   71       -1587.910     849.945           0.000       0.000              71               0
  101        -356.806    1358.970          -1.101       4.404             101              -0
   23        1868.312    -184.332           0.000       0.000              23              -0
   36       -1651.963    1708.883          -1.948      -0.907              36               0
   97        -745.389    -305.173           0.000       0.000              97               0
   51         238.412    -301.590          -0.308      -0.114              51              -0
  223        -905.158    1263.840           0.000       0.000             223              -0
  225        -763.946     -49.722          -1.313      -2.285             225               0
  117       -2209.514    -630.618           0.000       0.000             117               0
   94       -1270.317    -642.647          -1.307       4.314              94              -0
    3         350.134     313.144           0.000       0.000               3              -0
  241        -670.525      85.899          -2.004      -0.386             241               0
  105        1565.329   -1774.024           0.000       0.000             105               0
  221         141.689   -1113.461          -0.300      -0.128             221              -0
  253        -996.629   -1282.101           0.000       0.000             253              -0
    9         439.438    -329.334          -1.193      -2.334               9               0
    9          32.580   -1276.392           0.000       0.000               9               0
   35         988.601    -380.765          -1.510       4.226              35              -0
  136        1602.818     297.108           0.000       0.000             136              -0
  132        -642.300   -1801.383          -1.831      -1.082             132               0
  123        -350.911    -150.376           0.000       0.000             123               0
  197         343.481    1837.200          -0.293      -0.142             197              -0
   95        1458.443     200.239           0.000       0.000              95              -0
  167         345.613   -1526.741          -1.074      -2.384             167               0
  232        -769.794     365.182           0.000       0.000             232               0
   87       -1285.088    -597.347          -1.712       4.138              87              -0
   41       -1779.218   -2438.110           0.000       0.000              41              -0
   48           5.690   -1643.344           0.000       0.000              48               0
  108          17.000       0.355           0.000       0.000             108               0
   33           4.980    1643.880          -0.285      -0.156              33              -0
  181       -1780.095    2437.596           0.000       0.000             181              -0
  223       -1285.055     596.735          -0.956      -2.433             223               0
   50        -769.275    -365.435           0.000       0.000              50               0
  168         345.522    1526.786          -1.914       4.050             168              -0
  226        1458.670    -200.025           0.000       0.000             226              -0
  182         344.031   -1837.002          -1.715      -1.255             182               0
  123        -350.964     150.652           0.000       0.000             123               0
  245        -642.667    1801.283          -0.278      -0.170             245              -0
  169        1603.091    -296.572           0.000       0.000             169              -0
   32         988.334     381.270          -0.837      -2.482              32               0
  155          31.982    1276.470           0.000       0.000             155               0
  132         439.130     329.508          -2.116       3.962             132              -0
  126        -997.151    1281.791           0.000       0.000             126              -0
   24         141.406    1113.416          -1.888      -0.768              24               0
   71        1564.547    1774.231           0.000       0.000              71               0
  134        -670.815     -86.532          -0.270      -0.185             134              -0
   42         349.915    -313.224           0.000       0.000              42              -0
  238       -1270.910     642.059          -0.717      -2.531             238               0
    8       -2209.776     629.569           0.000       0.000               8               0
   20        -763.813      49.059          -2.319       3.873              20              -0
  146        -904.555   -1264.364           0.000       0.000             146              -0
   38         238.412     301.556          -1.598      -1.430              38               0
  204        -745.493     304.590           0.000       0.000             204               0
   98       -1651.088   -1709.636          -0.262      -0.199              98              -0
  135        1868.417     184.849           0.000       0.000             135              -0
  248        -356.557   -1359.202          -0.596      -2.581             248               0
  174       -1587.589    -850.374           0.000       0.000             174               0
    3         307.299      38.387          -2.526       3.783               3              -0
    4       -1444.395    -248.411           0.000       0.000               4              -0
  134         129.813    -279.745          -1.929      -0.677             134               0
  116       -2268.208    -839.512           0.000       0.000             116               0
  234        -613.347    -142.526          -0.254      -0.213             234              -0
  135        -729.886    1469.637           0.000       0.000             135              -0
  130       -1243.320     758.001          -0.473      -2.632             130               0
  222         979.082     371.225           0.000       0.000             222               0
  146         475.233     200.136          -2.736       3.692             146              -0
  227        -132.703    -808.805           0.000       0.000             227              -0
   98         373.715   -1296.320          -1.478      -1.610              98               0
   29        4655.516    1082.257           0.000       0.000              29               0
   83         419.441    -328.068          -0.246      -0.228              83              -0
    4        2393.084    -167.746           0.000       0.000               4              -0
  178       -1305.206      90.579          -0.348      -2.684             178               0
   32        1395.006    -454.182           0.000       0.000              32               0
    9       -1104.594      14.072          -2.951       3.598               9              -0
   90         118.984    -323.518           0.000       0.000              90              -0
  119        -203.120     745.733          -1.767      -1.165             119               0
   12         621.636    -719.603           0.000       0.000              12               0
  131         -63.024    -710.376          -0.238      -0.243             131              -0
   49        -544.416     865.123           0.000       0.000              49              -0
  151        -586.764     298.176          -0.219      -2.738             151               0
  100         317.833     460.774           0.000       0.000             100               0
   72         723.249     194.350          -3.172       3.502              72              -0
  201         271.062    1482.392           0.000       0.000             201              -0
   96        1385.092    1291.788          -1.351      -1.799              96               0
   28        -826.054    1184.454           0.000       0.000              28               0
  123          68.458   -2326.793          -0.230      -0.259             123              -0
  252         619.422     510.942           0.000       0.000             252              -0
  106        2224.356     815.195          -0.086      -2.793             106               0
  228         148.290   -1739.853           0.000       0.000             228               0
   25        1111.488     498.872          -3.400       3.403              25              -0
  179       -1514.271     -88.608           0.000       0.000             179              -0
   34        2186.484       2.374          -1.936      -0.960              34               0
   30         467.900    1047.408           0.000       0.000              30               0
  131       -2384.192   -1533.587          -0.221      -0.275             131              -0
   34         999.394    1212.165           0.000       0.000              34              -0
  150        -229.007     122.133           0.052      -2.850             150               0
   39         880.720      80.064           0.000       0.000              39               0
  188         214.993    1861.874          -3.637       3.299             188              -0
  199        1530.447    -410.214           0.000       0.000             199              -0
   22        -697.385      92.600          -1.216      -2.001              22               0
  112        -339.331    -242.750           0.000       0.000             112               0
  191       -2193.758    1371.496          -0.212      -0.292             191              -0
   13        -841.957    1628.920           0.000       0.000              13              -0
  105        2347.963    2635.577           0.197      -2.910             105               0
  240         252.806    2642.321           0.000       0.000             240               0
  248       -1628.635    1576.577          -3.885       3.191             248              -0
  195        -642.318    -351.330           0.000       0.000             195              -0
   87         126.241    -180.441          -1.632      -1.612              87               0
  144       -1010.019    1105.544           0.000       0.000             144               0
  237       -1025.822    1311.410          -0.202      -0.310             237              -0
  102        -669.042    -593.956           0.000       0.000             102              -0
  220         940.832   -1374.494           0.348      -2.973             220               0
   27         263.739    1162.050           0.000       0.000              27               0
   71        1769.772    1173.025          -4.146       3.078              71              -0
  104        2112.158    -653.747           0.000       0.000             104              -0
   50       -1675.192    -237.780          -1.068      -2.223              50               0
  159        2804.329    1646.350           0.000       0.000             159               0
  239         473.580   -2257.202          -0.192      -0.329             239              -0
  125       -2396.986   -2011.941           0.000       0.000             125              -0
   97        -153.570     950.619           0.508      -3.039              97               0
   52        1483.030     243.644           0.000       0.000              52               0
  144         -93.683    1022.446          -4.422       2.957             144              -0
   75        -754.715     552.078           0.000       0.000              75              -0
  131         312.342    1029.321          -1.791      -1.604             131               0
  193         -25.815   -2178.666           0.000       0.000             193               0
  200       -1466.828     744.374          -0.181      -0.348             200              -0
   97       -1352.838   -2992.022           0.000       0.000              97              -0
   29       -1031.765    1003.026           0.678      -3.109              29               0
   99        1237.363    1457.485           0.000       0.000              99               0
   52        -143.508   -1067.183          -4.716       2.829              52              -0
  181        1617.974   -2277.941           0.000       0.000             181              -0
  158        1152.840    1110.351          -0.902      -2.472             158               0
   61         780.139     357.687           0.000       0.000              61               0
  154        1158.926     791.446          -0.170      -0.370             154              -0
  167       -1493.623   -2800.599           0.000       0.000             167              -0
  122       -2163.804    -147.910           0.860      -3.185             122               0
    8        1569.003   -2096.943           0.000       0.000               8               0
  209         -34.574    2011.493          -5.032       2.692             209              -0
   52       -1809.675     780.948           0.000       0.000              52              -0
   17       -1528.100      33.801          -1.465      -2.163              17               0
   54         155.596   -3212.897           0.000       0.000              54               0
  105       -1128.785    -281.440          -0.158      -0.392             105              -0
  175         175.789    1854.748           0.000       0.000             175              -0
   48        -420.117    -402.144           1.057      -3.266              48               0
  211        2114.677       8.063           0.000       0.000             211               0
   43        1719.713      79.346          -5.373       2.544              43              -0
   41       -2826.106    -372.094           0.000       0.000              41              -0
   42         710.950    -425.969          -0.709      -2.760              42               0
  253       -1258.962     501.897           0.000       0.000             253               0
   57        1068.870     167.954          -0.144      -0.417              57              -0
    8         -16.894    -170.699           0.000       0.000               8              -0
   55        -665.026   -1343.391           1.270      -3.355              55               0
  171        2233.388    -382.983           0.000       0.000             171               0
  140       -1312.769     794.885          -5.744       2.382             140              -0
   53       -2631.128    -845.169           0.000       0.000              53              -0
   16         697.233    -589.006          -1.926      -2.048              16               0
  233        -543.890     166.797           0.000       0.000             233               0
  185         406.294     515.913          -0.129      -0.444             185              -0
    0         885.178   -1195.671           0.000       0.000              -0              -0
  198         359.615    -673.235           1.505      -3.452             198               0
  239        -270.804   -1217.792           0.000       0.000             239               0
   54        -544.438    -920.067          -6.152       2.204              54              -0
  171        -531.978    1126.116           0.000       0.000             171              -0
  159         657.466    -444.701          -0.480      -3.104             159               0
   19         164.708    -237.767           0.000       0.000              19               0
  190        -602.441    -765.481          -0.113      -0.474             190              -0
  201       -2508.193   -1165.264           0.000       0.000             201              -0
  108         611.102    -529.134           1.764      -3.559             108               0
  138         377.350   -1021.553           0.000       0.000             138               0
   33       -2499.543   -1611.337          -6.606       2.007              33              -0
  238         313.702   -1991.779           0.000       0.000             238              -0
  101        -669.725   -2655.297          -1.233      -2.926             101               0
   33        1723.137    1144.023           0.000       0.000              33               0
   40        -433.503     -91.098          -0.095      -0.508              40              -0
   51        -919.711   -1505.984           0.000       0.000              51              -0
   73         275.725     626.966           2.055      -3.680              73               0
  150        3164.635     -34.773           0.000       0.000             150               0
  180        1111.652   -1525.737          -7.114       1.785             180              -0
   47        1187.069    -791.309           0.000       0.000              47              -0
   27        2824.229    1619.198          -0.195      -3.530              27               0
  239        -410.835   -1190.904           0.000       0.000             239               0
   92        -923.154    1080.539          -0.075      -0.545              92              -0
  123        -655.978    -807.533           0.000       0.000             123              -0
  207         517.674   -1799.856           2.384      -3.816             207               0
   93         227.559    1536.361           0.000       0.000              93               0
   10         345.365     688.056          -7.693       1.533              10              -0
  103        -607.174    1079.921           0.000       0.000             103              -0
  193       -2015.644   -1533.422          -1.551      -3.227             193               0
  244        -983.079     882.552           0.000       0.000             244               0
   19         234.679    -103.796          -0.051      -0.589              19              -0
  100        1775.349    1317.314           0.000       0.000             100              -0
  120        -778.224     779.545           2.761      -3.972             120               0
  109       -2557.730     -97.027           0.000       0.000             109               0
  105       -1350.015     962.186          -8.359       1.243             105              -0
  244         705.002    1957.608           0.000       0.000             244              -0
   29         381.402   -1751.487           0.176      -4.084              29               0
  223       -1622.320    1613.148           0.000       0.000             223               0
  221         672.829   -2021.681          -0.024      -0.639             221              -0
  160       -1168.275    2377.585           0.000       0.000             160              -0
   22        2150.339    2215.097           3.201      -4.154              22               0
  131       -1344.775   -1237.029           0.000       0.000             131               0
  183         635.201   -1441.476          -9.138       0.904             183              -0
  196         -28.091    -792.863           0.000       0.000             196              -0
  231        1109.216   -2024.285          -0.856      -4.169             231               0
  115        2546.738   -1631.307           0.000       0.000             115               0
   28        -274.571    1987.918           0.008      -0.698              28              -0
  141          28.409    1045.957           0.000       0.000             141              -0
  144         870.334      87.387           3.724      -4.371             144               0
  250        -536.735    -845.393           0.000       0.000             250               0
   20       -2240.090     713.692         -10.069       0.499              20              -0
   64        -406.540     700.591           0.000       0.000              64              -0
  163        1202.650    1581.297           0.690      -4.854             163               0
  182         374.405   -1263.654           0.000       0.000             182               0
  154        2189.139    -511.230           0.046      -0.769             154              -0
   93        2552.929   -1121.436           0.000       0.000              93              -0
   92        -974.752    -338.514           4.357      -4.633              92               0
   77        1088.773    1226.738           0.000       0.000              77               0
   15         -29.961     141.118         -11.203       0.004              15              -0
  222         399.023     535.051           0.000       0.000             222              -0
  189        1923.849   -2598.936          -1.647      -4.885             189               0
  175         489.632    -242.525           0.000       0.000             175               0
  164         859.340   -1529.571           0.094      -0.857             164              -0
  210         897.858     151.750           0.000       0.000             210              -0
    7        -238.602   -1060.707           5.146      -4.960               7               0
  193         736.332    1207.300           0.000       0.000             193               0
  217        -804.907   -2397.142         -12.626      -0.615             217               0
  232         621.012     -35.423           0.000       0.000             232              -0
  203        2013.845    1626.670           1.469      -6.020             203               0
   99         -86.619    -827.499           0.000       0.000              99               0
   29         314.095     105.254           0.155      -0.970              29              -0
   89          25.310    1510.837           0.000       0.000              89              -0
   74         762.478     493.346           6.160      -5.380              74               0
   70        -528.301    -861.947           0.000       0.000              70               0
   54        -279.499     871.601         -14.474      -1.420              54               0
  183       -1146.668   -1118.026           0.000       0.000             183              -0
    6         531.087   -2092.366          -0.042      -6.852               6               0
   92       -2165.786    -300.821           0.000       0.000              92               0
  180         892.778   -1283.137           0.235      -1.119             180              -0
  145        -488.051    -340.805           0.000       0.000             145              -0
  227         892.594   -2179.990           7.520      -5.943             227               0
  183        1009.927   -1104.489           0.000       0.000             183               0
  138         393.705     318.814         -16.983      -2.512             138               0
  115        -101.746    -851.549           0.000       0.000             115              -0
    5        -176.412    -335.137           2.824      -8.048               5               0
  123        -337.433     263.389           0.000       0.000             123               0
   52        -836.884    -281.586           0.348      -1.327              52              -0
  179       -3167.296    -905.101           0.000       0.000             179              -0
  169        -238.965    1032.297           9.451      -6.743             169               0
  204       -1466.984     581.975           0.000       0.000             204               0
    5        3315.377     351.140         -20.607      -4.091               5               0
  149         -70.370   -1476.309           0.000       0.000             149              -0
  246         564.344    1795.245          -0.551      -9.966             246               0
   20         673.807       5.944           0.000       0.000              20               0
   69         534.186    -540.628           0.517      -1.640              69              -0
   43        -352.031    -293.000           0.000       0.000              43              -0
   64       -1237.426    -999.908          12.424      -7.975              64               0
   51       -1152.904    1249.798           0.000       0.000              51               0
  159        -384.958     129.874         -26.337      -6.586             159               0
   38        1503.051   -1385.778           0.000       0.000              38              -0
  190         915.438    1113.612           5.864     -12.598             190               0
  178         628.732    1300.374           0.000       0.000             178               0
   91        1035.685     -70.179           0.803      -2.168              91              -0
    4       -1042.243    2474.212           0.000       0.000               4              -0
   99        1149.821   -2573.069          17.632     -10.132              99               0
   45       -1754.216     843.554           0.000       0.000              45               0
  247       -1697.326    -196.245         -36.837     -11.159             247               0
   63         213.750     162.673           0.000       0.000              63              -0
   56         622.027    -808.113           3.685     -19.139              56               0
  150         -90.638     800.229           0.000       0.000             150               0
  169        -385.423    1485.955           1.390      -3.254             169              -0
  253         980.641   -1308.461           0.000       0.000             253              -0
   58        -656.372    -447.206          29.202     -14.924              58               0
   41        1491.909    -157.333           0.000       0.000              41               0
    3        -310.006    -231.288         -62.511     -22.340               3               0
  254       -1485.018    -440.724           0.000       0.000             254              -0
   41        -133.242    -158.413          19.573     -33.115              41               0
  164         169.414    1572.442           0.000       0.000             164               0
   49        -281.507      58.400           3.312      -6.810              49              -0
   60        1366.563     834.752           0.000       0.000              60              -0
  230        -560.125    1762.303          77.666     -34.999             230               0
   29        -549.203     887.896           0.000       0.000              29               0
   47        -819.758     336.212        -224.755     -92.995              47               0
  196         385.098     121.561           0.000       0.000             196              -0
  199        1124.640      17.238           0.000       0.000             199               0
