SINAL     NFT                         FFT                         NFT INVERSA     FFT INVERSA
-----     -----------------------     -----------------------     -----------     -----------
  106       63316.000       0.000           0.000       0.000             106               1
  239        -459.863   -1165.743         -25.491      46.464             239               0
   99         404.939     541.933           0.000       0.000              99              -0
  140        1445.312   -1292.851        -132.137      51.904             140               0
   55          94.574     -97.737           0.000       0.000              55               0
   83        1161.682     736.616         131.966      62.353              83              -0
   47        1285.118    -256.503           0.000       0.000              47              -0
  173        -123.773    -156.771         -29.212      39.897             173               0
   70        -520.243     298.882           0.000       0.000              70               0
  220        1875.230    2359.495          -3.084       5.020             220               0
  107        -215.742      16.930           0.000       0.000             107              -0
   64         400.167     239.068         -36.714      12.379              64               0
  192         -68.403     -80.125           0.000       0.000             192               0
  224         574.124    2029.531          49.563      26.467             224              -0
  244       -1056.084    -512.666           0.000       0.000             244              -0
   20          89.938     742.641          -8.324      20.451              20               0
    3         503.274     531.679           0.000       0.000               3               0
  121        -520.747     680.423          -1.763       2.578             121               0
   57        -789.948    2582.907           0.000       0.000              57              -0
  216       -1164.162    -860.999         -21.614       6.124             216               0
   66         720.103    1314.679           0.000       0.000              66               0
  110         192.683   -2949.056          29.892      17.901             110              -0
   30        -794.338     968.646           0.000       0.000              30              -0
  107         717.432    1061.098         -10.068      11.246             107               0
  231        -996.178   -1388.784           0.000       0.000             231               0
  248         230.578    -748.376          -1.286       1.695             248               0
  255         787.142    -187.880           0.000       0.000             255              -0
   51         846.008     718.597         -15.439       3.567              51               0
   76        -796.093    1036.173           0.000       0.000              76               0
  239       -1106.410    -663.392          21.037      14.045             239              -0
  185       -1207.348    -761.074           0.000       0.000             185              -0
   48       -2367.797    2981.988          -3.515      10.018              48               0
   38        -627.652   -1361.865           0.000       0.000              38               0
   47         225.657     201.282          -1.039       1.239              47               0
  147        -333.239    1005.177           0.000       0.000             147              -0
   30        1904.920    2390.829         -12.068       2.170              30               0
  160        -177.203    -366.671           0.000       0.000             160               0
  116         982.056     987.047          15.981      11.843             116              -0
  209         354.360     243.304           0.000       0.000             209              -0
   76       -1528.041    -969.848          -6.600       6.056              76               0
  168        1141.513     358.370           0.000       0.000             168               0
    8        1913.899    -913.463          -0.888       0.958               8               0
  175           4.828      53.045           0.000       0.000             175              -0
  168         932.108   -1075.250          -9.937       1.288             168               0
  136        1360.353     299.155           0.000       0.000             136               0
  236         958.645     416.614          12.699      10.413             236              -0
   95       -1180.499     230.730           0.000       0.000              95              -0
  140        -769.034     237.122          -3.928       5.957             140               0
  144         -29.020   -3072.194           0.000       0.000             144               0
   63        1194.717   -1429.106          -0.785       0.768              63               0
   25        1332.959    2150.850           0.000       0.000              25              -0
  170        -513.102    -959.763          -8.461       0.676             170               0
  100       -1704.106    -956.221           0.000       0.000             100               0
  209        -657.370     396.345          10.387       9.406             209              -0
    5        -643.043     867.900           0.000       0.000               5              -0
  156        2279.764   -1192.736          -5.127       3.851             156               0
  236        1594.679     718.059           0.000       0.000             236               0
  244        2133.814   -2275.763          -0.710       0.630             244               0
   25         145.510   -1292.187           0.000       0.000              25              -0
  106         900.721    -335.728          -7.375       0.226             106               0
  136         575.971    -527.694           0.000       0.000             136               0
   64          -5.332    1925.365           8.662       8.656              64              -0
  168         889.828    -294.123           0.000       0.000             168              -0
   34        -760.905    1852.995          -2.358       4.757              34               0
  137         911.874    -128.297           0.000       0.000             137               0
  253         834.093    1260.185          -0.653       0.524             253               0
   63       -1878.294   -1506.057           0.000       0.000              63              -0
   39        -620.991     676.821          -6.538      -0.120              39               0
   13       -1320.808    -196.776           0.000       0.000              13               0
  112        1909.961      12.456           7.321       8.072             112              -0
    3        1795.544    -394.362           0.000       0.000               3              -0
  185         861.639     790.186          -4.299       2.613             185               0
  179         600.473     111.648           0.000       0.000             179               0
  160         159.742    -570.838          -0.608       0.441             160               0
  203        -508.566    1265.371           0.000       0.000             203              -0
  123        -369.684    1936.797          -5.870      -0.397             123               0
  112        -130.374     483.498           0.000       0.000             112               0
   49        -808.460     102.329           6.244       7.603              49              -0
   73         -85.252    1065.402           0.000       0.000              73              -0
  120        1452.724    2188.292          -3.061       3.098             120               0
  156        -444.071   -1078.769           0.000       0.000             156               0
   81        1013.688     524.384          -0.571       0.373              81               0
  234          50.276     976.857           0.000       0.000             234              -0
  154       -1120.874    -793.099          -5.323      -0.623             154               0
   24        1795.830   -1133.679           0.000       0.000              24               0
   61         789.322    -931.377           5.356       7.216              61              -0
  179       -2799.505    -900.444           0.000       0.000             179              -0
  132         898.689   -1406.713          -3.761       1.807             132               0
  141         746.691    -559.371           0.000       0.000             141               0
   30         550.700    -581.346          -0.541       0.316              30               0
  117        -590.889     -79.778           0.000       0.000             117              -0
  207       -3242.022    -798.487          -4.865      -0.813             207               0
   95       -2230.093   -2215.362           0.000       0.000              95               0
   74         -37.758   -1240.055           4.607       6.890              74              -0
  223         199.698    -812.902           0.000       0.000             223              -0
   63        -676.732   -2462.872          -2.432       2.717              63               0
  106        1126.888     892.293           0.000       0.000             106               0
  147        -207.006    1627.390          -0.514       0.268             147               0
   84        -979.033    1254.633           0.000       0.000              84              -0
  251       -1309.681    2552.245          -4.473      -0.976             251               0
   71        1820.538     858.451           0.000       0.000              71               0
  102       -1442.252     651.334           3.965       6.610             102              -0
  218        -342.234     607.217           0.000       0.000             218              -0
  212         686.251    1197.645          -3.376       1.232             212               0
  143        -153.944     828.651           0.000       0.000             143               0
  115       -1435.720     408.612          -0.492       0.226             115               0
   55         501.168    1899.484           0.000       0.000              55              -0
   80       -1253.392   -1082.146          -4.133      -1.116              80               0
  168        2159.099    -196.904           0.000       0.000             168               0
  149        -757.451    2008.902           3.406       6.367             149              -0
  228        -352.616    -875.849           0.000       0.000             228              -0
  226       -1347.673    -937.270          -2.669       1.807             226               0
   94       -1362.172    -923.399           0.000       0.000              94               0
   82       -2438.716    -963.617          -0.472       0.190              82               0
  189         319.951    -444.895           0.000       0.000             189              -0
   99        -950.590   -2479.212          -3.834      -1.240              99               0
   71       -2190.757    3176.204           0.000       0.000              71               0
   77        2340.138    -187.214           2.912       6.152              77              -0
  155        1646.528     881.454           0.000       0.000             155              -0
   51         285.294    -470.734          -3.083       0.792              51               0
   35       -1755.808    -130.906           0.000       0.000              35               0
   94        1939.299   -2967.607          -0.455       0.157              94               0
  204       -1332.578   -1298.377           0.000       0.000             204              -0
   33           9.178    -203.355          -3.567      -1.351              33               0
   83          68.363    -271.778           0.000       0.000              83               0
   95        1342.010   -1238.478           2.471       5.959              95              -0
  105         528.321   -1306.908           0.000       0.000             105              -0
  203         412.698   -1583.230          -2.074       1.950             203               0
  201        -991.888   -1372.003           0.000       0.000             201               0
   55        1794.946     210.284          -0.439       0.128              55               0
  167        1591.997     793.265           0.000       0.000             167              -0
  183       -2384.609   -2227.244          -3.327      -1.450             183               0
   36       -1833.720     274.443           0.000       0.000              36               0
   29        -826.150     577.962           2.073       5.786              29              -0
  202        1187.595    1069.263           0.000       0.000             202              -0
  124       -1161.696    1982.688          -2.848       0.440             124               0
   54         523.013     553.225           0.000       0.000              54               0
    9       -1753.470   -1036.016          -0.425       0.101               9               0
   40         644.381   -1365.766           0.000       0.000              40              -0
  154        -829.783     539.612          -3.108      -1.541             154               0
   54         430.410     100.915           0.000       0.000              54               0
  124       -1503.505    -757.598           1.710       5.628             124              -0
  122        1200.510     -12.359           0.000       0.000             122              -0
  109        -696.990    -552.615          -2.432       1.025             109               0
  175        -353.389   -1080.614           0.000       0.000             175               0
   31         488.041   -1806.163          -0.411       0.077              31               0
   35        1199.058      95.272           0.000       0.000              35              -0
   43       -1212.886    2231.662          -2.908      -1.624              43               0
  246         371.723    -816.689           0.000       0.000             246               0
  166         907.609    -787.697           1.375       5.482             166              -0
  187        -557.080    -842.688           0.000       0.000             187              -0
   89        1277.669      11.007          -2.651       0.147              89               0
  105         846.175    2170.194           0.000       0.000             105               0
  214       -2009.407    -295.714          -0.399       0.055             214               0
  189        1144.479   -1546.918           0.000       0.000             189              -0
   44        -275.056    1651.726          -2.723      -1.701              44               0
   56        1511.144    -209.056           0.000       0.000              56               0
  252        2043.465    -813.065           1.066       5.347             252              -0
  100        -229.916   -1316.048           0.000       0.000             100              -0
  232        2083.890     287.495          -2.185       1.050             232               0
   34         262.801    1899.155           0.000       0.000              34               0
  233        -902.418    -156.967          -0.388       0.034             233               0
  226        -600.635     199.649           0.000       0.000             226              -0
  200       -2227.443    -790.341          -2.550      -1.772             200               0
  120        2059.205      75.721           0.000       0.000             120               0
  203        -306.680   -1462.490           0.777       5.221             203              -0
   50        -234.289     270.620           0.000       0.000              50              -0
   32         462.720   -1150.713          -2.482      -0.107              32               0
    1        -469.622     213.895           0.000       0.000               1               0
  199        -239.223    1402.325          -0.377       0.014             199               0
  198        -956.154    -885.134           0.000       0.000             198              -0
   77        -278.303    -581.947          -2.387      -1.840              77               0
   81         333.697   -1084.462           0.000       0.000              81               0
  223        2691.424     735.681           0.505       5.103             223              -0
  221        -756.348    -582.155           0.000       0.000             221              -0
  226         806.326    -517.421          -2.262       0.464             226               0
  226         983.906   -1150.201           0.000       0.000             226               0
   56        -701.871    1406.932          -0.368      -0.004              56               0
  240       -1068.098     725.750           0.000       0.000             240              -0
   87       -1576.009    2322.923          -2.234      -1.903              87               0
  139        1547.135     612.001           0.000       0.000             139               0
  239        1789.459    -811.243           0.247       4.991             239              -0
    6       -1274.711   -1883.127           0.000       0.000               6              -0
  226        -447.183    -508.589          -2.332      -0.331             226               0
   89         518.809    1244.621           0.000       0.000              89               0
   51       -1354.594   -1137.424          -0.358      -0.022              51               0
   22        -303.195     816.085           0.000       0.000              22              -0
   97       -1145.734   -1508.849          -2.088      -1.964              97               0
  139       -1549.962       5.207           0.000       0.000             139               0
  122       -1251.229    -611.743           0.002       4.884             122              -0
  228        1616.448     238.184           0.000       0.000             228              -0
  130         231.925    -236.841          -2.058       0.694             130               0
  122         693.870    1457.692           0.000       0.000             122               0
  254        -498.071   -1809.727          -0.349      -0.038             254              -0
  150         253.094     -52.700           0.000       0.000             150              -0
   97       -2360.434    -238.127          -1.948      -2.021              97               0
  176        1703.139   -1606.006           0.000       0.000             176               0
   89        -655.638    -531.585          -0.233       4.782              89              -0
  177        -560.252    -640.374           0.000       0.000             177              -0
  111          47.445    -322.810          -2.196      -0.536             111               0
  221        -163.558    -964.144           0.000       0.000             221               0
  179        -110.648    1709.978          -0.340      -0.054             179              -0
  134        -734.176      55.252           0.000       0.000             134              -0
  139        -570.586   -1482.530          -1.814      -2.077             139               0
   73         628.793    1932.008           0.000       0.000              73               0
  153       -1128.834   -1078.574          -0.459       4.683             153              -0
  253         726.014    2124.125           0.000       0.000             253              -0
   81        1017.694     350.434          -2.125       0.013              81               0
  129       -1834.557   -1503.095           0.000       0.000             129               0
    0        1093.159    1412.049          -0.332      -0.070              -0              -0
   30         206.293       4.827           0.000       0.000              30              -0
   96       -1285.263    2017.291          -1.684      -2.131              96               0
   54         475.868    1196.956           0.000       0.000              54               0
  167         952.489     598.534          -0.679       4.588             167              -0
    7         453.365    1606.716           0.000       0.000               7              -0
  246         427.908    -550.998          -2.069      -0.726             246               0
  192         488.864     223.251           0.000       0.000             192               0
   65         373.836   -1067.765          -0.324      -0.085              65              -0
  196         432.462     520.092           0.000       0.000             196              -0
   90       -1041.858   -1389.978          -1.558      -2.183              90               0
  235       -1865.924   -1021.091           0.000       0.000             235               0
   14        1331.866     793.131          -0.892       4.495              14              -0
  189         644.330   -1811.556           0.000       0.000             189              -0
  103        -194.503     996.924          -2.046       0.113             103               0
  255        -434.216   -1958.931           0.000       0.000             255               0
  249        -358.261    -964.904          -0.316      -0.100             249              -0
  138         -15.293    -165.020           0.000       0.000             138              -0
  212       -1513.106     625.388          -1.434      -2.234             212               0
  204        -751.125     759.043           0.000       0.000             204               0
  156        -637.599    -897.265          -1.101       4.404             156              -0
  116        -612.906   -1616.387           0.000       0.000             116              -0
  152         812.947   -1559.915          -1.948      -0.907             152               0
   44         956.355    -185.000           0.000       0.000              44               0
  251        -203.332   -1293.833          -0.308      -0.114             251              -0
  122       -2403.929   -1292.800           0.000       0.000             122              -0
   17        -301.737     816.042          -1.313      -2.285              17               0
   63        -678.616   -2993.762           0.000       0.000              63               0
  188       -1053.375    2234.609          -1.307       4.314             188              -0
    1         793.989    -728.500           0.000       0.000               1              -0
    9        1303.485     198.793          -2.004      -0.386               9               0
   56         -15.427    -344.586           0.000       0.000              56               0
  165        -534.848     502.078          -0.300      -0.128             165              -0
  239        2428.455    -399.192           0.000       0.000             239              -0
  118        -621.474     407.159          -1.193      -2.334             118               0
   30         402.784   -2465.858           0.000       0.000              30               0
  196         839.669   -1894.623          -1.510       4.226             196              -0
  210         162.221   -1123.475           0.000       0.000             210              -0
    8       -1604.788     349.034          -1.831      -1.082               8               0
  121        -398.128     282.098           0.000       0.000             121               0
   14        -226.678   -1406.813          -0.293      -0.142              14              -0
  244          76.406    1034.257           0.000       0.000             244              -0
  133         253.840    1819.093          -1.074      -2.384             133               0
  164        -136.207    -740.890           0.000       0.000             164               0
   64       -1193.453    -202.363          -1.712       4.138              64              -0
   42           4.318    -442.986           0.000       0.000              42              -0
   61        -111.281     511.240           0.000       0.000              61               0
  167        -608.000      -0.070           0.000       0.000             167               0
   17        -111.074    -511.115          -0.285      -0.156              17              -0
   69           4.109     443.172           0.000       0.000              69              -0
  194       -1193.484     202.064          -0.956      -2.433             194               0
  140        -136.280     740.764           0.000       0.000             140               0
  134         254.532   -1818.980          -1.914       4.050             134              -0
   29          76.739   -1033.769           0.000       0.000              29              -0
  181        -227.190    1407.086          -1.715      -1.255             181               0
  122        -398.082    -282.049           0.000       0.000             122               0
   75       -1604.491    -349.161          -0.278      -0.170              75              -0
  176         162.207    1123.996           0.000       0.000             176              -0
  196         839.221    1895.157          -0.837      -2.482             196               0
   23         401.991    2465.820           0.000       0.000              23               0
   45        -621.133    -407.622          -2.116       3.962              45              -0
   74        2428.336     399.908           0.000       0.000              74              -0
  217        -534.878    -502.274          -1.888      -0.768             217               0
  223         -15.499     344.633           0.000       0.000             223               0
   57        1303.473    -198.287          -0.270      -0.185              57              -0
  223         793.367     728.749           0.000       0.000             223              -0
  251       -1052.966   -2234.643          -0.717      -2.531             251               0
  108        -679.762    2993.820           0.000       0.000             108               0
  198        -301.658    -816.081          -2.319       3.873             198              -0
  140       -2404.306    1292.234           0.000       0.000             140              -0
   93        -203.409    1293.782          -1.598      -1.430              93               0
  195         956.447     185.372           0.000       0.000             195               0
  117         812.272    1560.248          -0.262      -0.199             117              -0
  157        -613.661    1615.991           0.000       0.000             157              -0
  155        -638.006     896.664          -0.596      -2.581             155               0
   69        -750.935    -759.578           0.000       0.000              69               0
   37       -1512.770    -625.884          -2.526       3.783              37              -0
   34         -15.139     165.167           0.000       0.000              34              -0
   51        -358.457     964.901          -1.929      -0.677              51               0
   87        -434.697    1958.580           0.000       0.000              87               0
  160        -193.927    -997.143          -0.254      -0.213             160              -0
  208         643.910    1811.642           0.000       0.000             208              -0
  166        1331.967    -792.854          -0.473      -2.632             166               0
    0       -1866.393    1020.445           0.000       0.000              -0               0
  194       -1042.030    1389.329          -2.736       3.692             194              -0
   59         432.953    -520.236           0.000       0.000              59              -0
   27         373.670    1067.613          -1.478      -1.610              27               0
  135         489.068    -223.460           0.000       0.000             135               0
   35         427.805     550.686          -0.246      -0.228              35              -0
  186         453.965   -1606.963           0.000       0.000             186              -0
  140         952.636    -598.439          -0.348      -2.684             140               0
   90         476.033   -1197.010           0.000       0.000              90               0
    5       -1284.657   -2017.657          -2.951       3.598               5              -0
   91         206.421      -4.617           0.000       0.000              91              -0
  251        1093.490   -1411.466          -1.767      -1.165             251               0
   52       -1835.069    1502.589           0.000       0.000              52               0
  195        1017.963    -350.310          -0.238      -0.243             195              -0
  213         726.551   -2123.758           0.000       0.000             213              -0
   95       -1129.280    1078.341          -0.219      -2.738              95               0
  186         629.405   -1931.605           0.000       0.000             186               0
  196        -571.214    1482.580          -3.172       3.502             196              -0
   50        -734.143     -55.574           0.000       0.000              50              -0
   76        -110.012   -1709.789          -1.351      -1.799              76               0
   46        -163.847     964.443           0.000       0.000              46               0
  245          47.321     323.013          -0.230      -0.259             245              -0
   42        -560.473     640.355           0.000       0.000              42              -0
   19        -655.649     531.524          -0.086      -2.793              19               0
  106        1702.497    1606.569           0.000       0.000             106               0
  108       -2360.587     237.200          -3.400       3.403             108              -0
   58         253.284      52.793           0.000       0.000              58              -0
  203        -498.510    1809.351          -1.936      -0.960             203               0
    1         694.498   -1457.662           0.000       0.000               1               0
   26         231.889     236.963          -0.221      -0.275              26              -0
  203        1616.285    -237.590           0.000       0.000             203              -0
  199       -1251.812     611.371           0.052      -2.850             199               0
  122       -1550.028      -5.676           0.000       0.000             122               0
  134       -1146.094    1508.360          -3.637       3.299             134              -0
  223        -302.779    -816.303           0.000       0.000             223              -0
   26       -1354.727    1136.863          -1.216      -2.001              26               0
  162         519.482   -1244.499           0.000       0.000             162               0
  160        -447.233     508.624          -0.212      -0.292             160              -0
  165       -1274.943    1882.598           0.000       0.000             165              -0
   55        1789.543     811.391           0.197      -2.910              55               0
   78        1547.156    -611.985           0.000       0.000              78               0
  109       -1575.404   -2323.605          -3.885       3.191             109              -0
   90       -1067.660    -725.980           0.000       0.000              90              -0
  158        -700.997   -1406.848          -1.632      -1.612             158               0
  241         983.874    1150.846           0.000       0.000             241               0
  193         806.257     517.760          -0.202      -0.310             193              -0
  120        -756.276     581.865           0.000       0.000             120              -0
   50        2691.779    -734.700           0.348      -2.973              50               0
   50         333.060    1084.694           0.000       0.000              50               0
  135        -278.699     581.800          -4.146       3.078             135              -0
  158        -956.475     884.591           0.000       0.000             158              -0
  245        -238.657   -1402.509          -1.068      -2.223             245               0
   28        -469.396    -213.847           0.000       0.000              28               0
   85         462.458    1150.937          -0.192      -0.329              85              -0
  231        -234.130    -270.664           0.000       0.000             231              -0
  221        -306.960    1462.355           0.508      -3.039             221               0
  149        2059.119     -75.175           0.000       0.000             149               0
   62       -2227.848     789.439          -4.422       2.957              62              -0
   76        -600.319    -200.062           0.000       0.000              76              -0
  107        -902.082     156.423          -1.791      -1.604             107               0
   25         263.970   -1899.096           0.000       0.000              25               0
  219        2084.238    -286.493          -0.181      -0.348             219              -0
   87        -230.178    1316.115           0.000       0.000              87              -0
   86        2043.360     813.618           0.678      -3.109              86               0
  206        1510.876     209.312           0.000       0.000             206               0
  119        -274.676   -1651.781          -4.716       2.829             119              -0
  141        1143.736    1547.368           0.000       0.000             141              -0
   73       -2009.538     294.738          -0.902      -2.472              73               0
  173         847.140   -2169.927           0.000       0.000             173               0
  186        1277.598     -10.266          -0.170      -0.370             186              -0
   35        -557.434     842.674           0.000       0.000              35              -0
   24         907.321     787.988           0.860      -3.185              24               0
  167         371.244     816.567           0.000       0.000             167               0
   39       -1212.137   -2232.071          -5.032       2.692              39              -0
  133        1199.147     -94.441           0.000       0.000             133              -0
   61         487.237    1806.550          -1.465      -2.163              61               0
   90        -353.943    1080.418           0.000       0.000              90               0
  100        -697.178     552.228          -0.158      -0.392             100              -0
   46        1200.366      12.671           0.000       0.000              46              -0
    7       -1503.896     756.980           1.057      -3.266               7               0
  120         430.425    -100.932           0.000       0.000             120               0
  253        -829.638    -539.849          -5.373       2.544             253              -0
  201         643.818    1365.979           0.000       0.000             201              -0
  219       -1753.841    1035.088          -0.709      -2.760             219               0
   63         523.266    -553.489           0.000       0.000              63               0
  112       -1160.956   -1983.216          -0.144      -0.417             112              -0
  193        1187.942   -1068.685           0.000       0.000             193              -0
  174        -826.189    -577.946           1.270      -3.355             174               0
   58       -1833.623    -274.632           0.000       0.000              58               0
   76       -2384.821    2226.588          -5.744       2.382              76              -0
   38        1592.858    -792.738           0.000       0.000              38              -0
   76        1795.049    -209.356          -1.926      -2.048              76               0
   78        -992.337    1371.991           0.000       0.000              78               0
  238         412.380    1583.467          -0.129      -0.444             238              -0
  168         528.035    1307.035           0.000       0.000             168              -0
  229        1341.558    1238.758           1.505      -3.452             229               0
    4          68.102     271.640           0.000       0.000               4               0
  224           8.964     203.378          -6.152       2.204             224              -0
  243       -1332.906    1298.010           0.000       0.000             243              -0
   54        1938.286    2967.929          -0.480      -3.104              54               0
   73       -1755.911     129.761           0.000       0.000              73               0
  227         285.413     470.351          -0.113      -0.474             227              -0
  145        1646.890    -881.274           0.000       0.000             145              -0
   91        2339.562     187.655           1.764      -3.559              91               0
  187       -2190.219   -3176.817           0.000       0.000             187               0
  238        -951.506    2479.155          -6.606       2.007             238              -0
   11         319.553     444.865           0.000       0.000              11              -0
  213       -2439.223     962.658          -1.233      -2.926             213               0
   60       -1362.342     922.690           0.000       0.000              60               0
   71       -1347.715     936.444          -0.095      -0.508              71              -0
  104        -352.589     875.127           0.000       0.000             104              -0
   78        -756.372   -2009.554           2.055      -3.680              78               0
   26        2159.150     197.510           0.000       0.000              26               0
    2       -1253.810    1081.273          -7.114       1.785               2              -0
   77         501.828   -1899.744           0.000       0.000              77              -0
  107       -1435.515    -409.298          -0.195      -3.530             107               0
  249        -153.401    -828.949           0.000       0.000             249               0
  157         686.743   -1197.554          -0.075      -0.545             157              -0
  180        -342.076    -607.414           0.000       0.000             180              -0
    3       -1441.809    -651.949           2.384      -3.816               3               0
  135        1820.902    -858.036           0.000       0.000             135               0
  128       -1308.946   -2552.653          -7.693       1.533             128              -0
   88        -978.427   -1254.659           0.000       0.000              88              -0
   86        -206.169   -1626.995          -1.551      -3.227              86               0
  164        1127.257    -891.136           0.000       0.000             164               0
  240        -677.597    2463.210          -0.051      -0.589             240              -0
   93         199.409     813.195           0.000       0.000              93              -0
  161         -38.409    1240.273           2.761      -3.972             161               0
  234       -2231.001    2214.593           0.000       0.000             234               0
  141       -3241.891     797.171          -8.359       1.243             141              -0
   70        -590.188      79.461           0.000       0.000              70              -0
   44         551.065     581.502           0.176      -4.084              44               0
  142         746.829     559.615           0.000       0.000             142               0
   47         898.225    1406.921          -0.024      -0.639              47              -0
   98       -2799.508     899.288           0.000       0.000              98              -0
   77         789.652     931.382           3.201      -4.154              77               0
  170        1795.631    1133.900           0.000       0.000             170               0
   45       -1121.012     792.154          -9.138       0.904              45              -0
   66          50.987    -977.330           0.000       0.000              66              -0
  194        1014.097    -524.289          -0.856      -4.169             194               0
  180        -444.196    1078.156           0.000       0.000             180               0
   12        1453.617   -2188.250           0.008      -0.698              12              -0
   56         -84.933   -1065.508           0.000       0.000              56              -0
   71        -808.300    -102.717           3.724      -4.371              71               0
   97        -129.980    -483.802           0.000       0.000              97               0
  253        -368.787   -1937.019         -10.069       0.499             253              -0
  141        -507.774   -1265.317           0.000       0.000             141              -0
  136         160.000     571.053           0.690      -4.854             136               0
  106         600.929    -111.482           0.000       0.000             106               0
  235         862.277    -789.831           0.046      -0.769             235              -0
  181        1795.603     395.049           0.000       0.000             181              -0
   29        1909.729     -11.824           4.357      -4.633              29               0
   39       -1321.106     196.280           0.000       0.000              39               0
   33        -620.717    -676.988         -11.203       0.004              33              -0
   30       -1878.432    1505.306           0.000       0.000              30              -0
  161         835.021   -1260.116          -1.647      -4.885             161               0
  210         912.038     128.480           0.000       0.000             210               0
   13        -760.013   -1853.238           0.094      -0.857              13              -0
  226         890.070     294.517           0.000       0.000             226              -0
  116          -4.396   -1925.142           5.146      -4.960             116               0
  102         576.151     528.301           0.000       0.000             102               0
  245         900.890     336.345         -12.626      -0.615             245               0
  222         145.442    1292.480           0.000       0.000             222              -0
   66        2133.352    2276.324           1.469      -6.020              66               0
   50        1594.955    -717.726           0.000       0.000              50               0
    8        2279.065    1193.348           0.155      -0.970               8              -0
   40        -643.150    -868.287           0.000       0.000              40              -0
  162        -657.399    -396.463           6.160      -5.380             162               0
  139       -1704.289     955.715           0.000       0.000             139               0
   47        -512.962     959.365         -14.474      -1.420              47               0
   36        1334.034   -2150.331           0.000       0.000              36              -0
  140        1194.269    1429.877          -0.042      -6.852             140               0
  144         -30.122    3071.968           0.000       0.000             144               0
   51        -768.884    -237.864           0.235      -1.119              51              -0
   75       -1180.021    -231.400           0.000       0.000              75              -0
   69         959.289    -416.447           7.520      -5.943              69               0
  183        1360.716    -298.703           0.000       0.000             183               0
  220         931.842    1075.474         -16.983      -2.512             220               0
  158           5.037     -53.214           0.000       0.000             158              -0
  119        1913.704     913.879           2.824      -8.048             119               0
   33        1141.388    -358.227           0.000       0.000              33               0
  113       -1528.408     969.046           0.348      -1.327             113              -0
   66         354.691    -243.625           0.000       0.000              66              -0
  135         982.474    -987.003           9.451      -6.743             135               0
  194        -177.219     366.254           0.000       0.000             194               0
  203        1905.673   -2390.437         -20.607      -4.091             203               0
   39        -333.125   -1005.174           0.000       0.000              39              -0
   61         225.541    -201.062          -0.551      -9.966              61               0
  128        -628.373    1361.436           0.000       0.000             128               0
   31       -2366.794   -2982.834           0.517      -1.640              31              -0
   34       -1207.288     760.916           0.000       0.000              34              -0
   69       -1106.210     662.905          12.424      -7.975              69               0
   99        -795.159   -1036.553           0.000       0.000              99               0
  181         846.779    -718.190         -26.337      -6.586             181               0
  136         787.362     188.323           0.000       0.000             136              -0
   88         230.475     748.526           5.864     -12.598              88               0
   93        -996.341    1388.220           0.000       0.000              93               0
  100         718.112   -1061.115           0.803      -2.168             100              -0
   45        -793.704    -968.753           0.000       0.000              45              -0
  214         192.120    2948.949          17.632     -10.132             214               0
  201         720.773   -1314.857           0.000       0.000             201               0
   15       -1164.201     860.213         -36.837     -11.159              15               0
   50        -788.588   -2583.471           0.000       0.000              50              -0
  238        -519.886    -680.558           3.685     -19.139             238               0
  205         504.052    -531.517           0.000       0.000             205               0
  225          90.665    -742.570           1.390      -3.254             225              -0
   13       -1055.593     512.203           0.000       0.000              13              -0
  119         575.572   -2029.364          29.202     -14.924             119               0
  152         -67.689      80.251           0.000       0.000             152               0
  147         401.042    -238.927         -62.511     -22.340             147               0
  249        -214.799     -17.133           0.000       0.000             249              -0
  144        1876.867   -2358.790          19.573     -33.115             144               0
  255        -519.318    -298.702           0.000       0.000             255               0
  210        -122.614     156.970           3.312      -6.810             210              -0
  196        1286.366     257.037           0.000       0.000             196              -0
    1        1163.262    -736.068          77.666     -34.999               1               0
  127          96.234      98.060           0.000       0.000             127               0
  179        1447.077    1293.418        -224.755     -92.995             179               0
  201         408.267    -541.754           0.000       0.000             201              -0
  121        -453.622    1165.607           0.000       0.000             121               0
