SINAL     NFT                         FFT                         NFT INVERSA     FFT INVERSA
-----     -----------------------     -----------------------     -----------     -----------
    4       66427.000       0.000           0.000       0.000               4               0
   72         396.278    -256.026           0.000      -0.000              72               0
   94        1332.395    -363.148           0.000       0.000              94               0
   51        1105.178     -13.311           0.000      -0.000              51               0
  129       -1125.010     -22.362           0.000       0.000             129               0
  110        -767.610   -2164.653           0.000      -0.000             110               0
    0        2064.789   -1315.709           0.000       0.000               0               0
  242       -1961.982    -249.244           0.000      -0.000             242               0
  248        -592.497     923.475           0.000       0.000             248               0
  190       -2117.558    -600.273           0.000      -0.000             190               0
  209       -1776.236   -1234.713           0.000       0.000             209               0
  120       -2125.066     -43.324           0.000      -0.000             120               0
  185       -2068.640    -511.219           0.000       0.000             185               0
  239         245.978   -2295.492           0.000      -0.000             239               0
  198       -2856.741   -1235.259           0.000       0.000             198               0
  252        -292.342    1735.499           0.000      -0.000             252               0
  132         242.539    -484.929           0.000       0.000             132               0
  218        -987.515   -1738.999           0.000      -0.000             218               0
  157       -1330.972     976.072           0.000       0.000             157               0
  135        1578.185   -2258.303           0.000      -0.000             135               0
   14       -2349.420   -1054.801           0.000       0.000              14               0
  235         435.305       9.761           0.000      -0.000             235               0
  244       -1813.011    1780.591           0.000       0.000             244               0
  254       -2592.776    2083.243           0.000      -0.000             254               0
  116        -152.581     -29.932           0.000       0.000             116               0
  196        1450.415    1638.327           0.000      -0.000             196               0
  194       -2702.861     541.502           0.000       0.000             194               0
  200        -836.971    -963.644           0.000      -0.000             200               0
   77       -1396.858    -797.781           0.000       0.000              77               0
   28         -89.485   -2951.594           0.000      -0.000              28               0
  104        -108.739    -357.223           0.000       0.000             104               0
  233        -204.083     715.828           0.000      -0.000             233               0
  145       -1240.687    -191.675           0.000       0.000             145               0
  132        -915.195    -727.725           0.000      -0.000             132               0
   81       -2656.092     975.418           0.000       0.000              81               0
  239        2217.580     676.085           0.000      -0.000             239               0
  243        2365.920   -1142.309           0.000       0.000             243               0
  232         788.654     371.214           0.000      -0.000             232               0
   14       -2143.073    2141.715           0.000       0.000              14               0
  200        -570.570     111.397           0.000      -0.000             200               0
  120       -1033.157    1146.721           0.000       0.000             120               0
   86        -630.446      81.933           0.000      -0.000              86               0
  170         617.632    1144.067           0.000       0.000             170               0
  198         643.231    -610.782           0.000      -0.000             198               0
  121        2320.345   -1012.836           0.000       0.000             121               0
   96         244.995    -168.727           0.000      -0.000              96               0
   93        -334.578    1053.580           0.000       0.000              93               0
  158       -2025.741   -1045.643           0.000      -0.000             158               0
   15        1322.969    -267.440           0.000       0.000              15               0
   15        1868.395     150.709           0.000      -0.000              15               0
  160       -1574.912    -848.828           0.000       0.000             160               0
   71       -2578.587     326.879           0.000      -0.000              71               0
  119        1257.750     859.336           0.000       0.000             119               0
   82        -715.423    -818.743           0.000      -0.000              82               0
  139       -3289.400    1973.194           0.000       0.000             139               0
  132        -531.731     122.731           0.000      -0.000             132               0
   85       -1130.975    -407.566           0.000       0.000              85               0
  229         305.670   -2313.222           0.000      -0.000             229               0
  171        1133.319     545.793           0.000       0.000             171               0
  246        -988.626    1453.836           0.000      -0.000             246               0
  207        -723.632     602.106           0.000       0.000             207               0
  225        1965.887     434.112           0.000      -0.000             225               0
   29         665.414   -2080.672           0.000       0.000              29               0
  129        -274.226    -635.472           0.000      -0.000             129               0
   99         417.251    -227.041           0.000       0.000              99               0
  163       -1639.057   -1401.275           0.000      -0.000             163               0
    5        1276.489     737.743           0.000       0.000               5               0
  144         386.646     417.957           0.000      -0.000             144               0
   67        1780.387   -1138.459           0.000       0.000              67               0
  162        1575.729    1705.933           0.000      -0.000             162               0
   89          47.927     -27.876           0.000       0.000              89               0
   50        -792.393    -994.819           0.000      -0.000              50               0
   51         -81.934   -3193.448           0.000       0.000              51               0
  216        1039.585      -6.545           0.000      -0.000             216               0
  189        -642.900     691.899           0.000       0.000             189               0
  114         518.517    -523.120           0.000      -0.000             114               0
   58        -724.959   -2175.866           0.000       0.000              58               0
  182        2739.818    -307.592           0.000      -0.000             182               0
    8        -162.958     802.684           0.000       0.000               8               0
   13        -833.347    2865.624           0.000      -0.000              13               0
   20        -654.295    -189.147           0.000       0.000              20               0
  214       -2911.705    1225.937           0.000      -0.000             214               0
  230        -762.048   -1268.022           0.000       0.000             230               0
  199       -1277.427   -1507.390           0.000      -0.000             199               0
  186         475.955   -2100.062           0.000       0.000             186               0
   96        -301.143    -934.906           0.000      -0.000              96               0
  206         751.451     343.000           0.000       0.000             206               0
  235        -766.773       7.381           0.000      -0.000             235               0
   55          64.332   -1555.214           0.000       0.000              55               0
   96        1789.426   -1064.643           0.000      -0.000              96               0
   92       -1258.391     -29.685           0.000       0.000              92               0
  186        -380.809    -316.405           0.000      -0.000             186               0
  100        1052.192    1395.990           0.000       0.000             100               0
   27        -860.917   -1397.850           0.000      -0.000              27               0
  211        1023.138    2591.546           0.000       0.000             211               0
   62         120.680    2502.755           0.000      -0.000              62               0
   90         382.397     340.059           0.000       0.000              90               0
  189       -1675.438    -435.722           0.000      -0.000             189               0
   26       -1260.645     726.570           0.000       0.000              26               0
  198         313.973     841.686           0.000      -0.000             198               0
  223          25.373   -1966.008           0.000       0.000             223               0
   40       -2025.418     287.040           0.000      -0.000              40               0
  167        -444.642   -1168.812           0.000       0.000             167               0
  227         -47.966   -1835.933           0.000      -0.000             227               0
    7       -1471.010    1544.263           0.000       0.000               7               0
  118       -2282.991    -880.702           0.000      -0.000             118               0
  144         239.415   -1892.935           0.000       0.000             144               0
  159        -364.815     442.284           0.000      -0.000             159               0
   84       -2416.755      63.549           0.000       0.000              84               0
  198        -337.727    -597.046           0.000      -0.000             198               0
  112        1187.841     244.274           0.000       0.000             112               0
   27        1094.286    1103.677           0.000      -0.000              27               0
  140        2782.641    2149.165           0.000       0.000             140               0
  104         782.039     560.204           0.000      -0.000             104               0
   68        2439.008     -69.489           0.000       0.000              68               0
  155        -618.751     549.692           0.000      -0.000             155               0
  159       -1447.907     846.114           0.000       0.000             159               0
  237         819.425     267.431           0.000      -0.000             237               0
  185        2045.280     639.832           0.000       0.000             185               0
   98         440.472   -1244.857           0.000      -0.000              98               0
   93         782.835   -1237.310           0.000       0.000              93               0
    7        1366.586    -564.871           0.000      -0.000               7               0
   91       -1759.571   -1987.094           0.000       0.000              91               0
  123        -903.106    1353.581           0.000      -0.000             123               0
  131        1115.297     689.375           0.000       0.000             131               0
   90        -658.560     -81.603           0.000      -0.000              90               0
  169        -233.611     848.716           0.000       0.000             169               0
  217       -1891.446     199.925           0.000      -0.000             217               0
  230        -749.915    -263.097           0.000       0.000             230               0
  230        -347.690    -566.513           0.000      -0.000             230               0
  232        1205.879     540.463           0.000       0.000             232               0
   96         -37.980      79.700           0.000      -0.000              96               0
  102         372.852      14.690           0.000       0.000             102               0
  148        1667.190   -1761.438           0.000      -0.000             148               0
   45         327.075    1315.077           0.000       0.000              45               0
  150         227.984     369.738           0.000      -0.000             150               0
  185         104.015    -410.063           0.000       0.000             185               0
   21       -1712.613     436.889           0.000      -0.000              21               0
    7       -2562.225     443.826           0.000       0.000               7               0
  193         927.950    -378.775           0.000      -0.000             193               0
  112       -2174.891    -212.138           0.000       0.000             112               0
   42        2401.353   -1605.876           0.000      -0.000              42               0
   11        1171.763    -916.116           0.000       0.000              11               0
   77        -154.118     320.940           0.000      -0.000              77               0
  228        2449.623    -816.238           0.000       0.000             228               0
  113        -483.028    -499.437           0.000      -0.000             113               0
  197        1322.408   -1001.979           0.000       0.000             197               0
   29        -259.590   -1284.582           0.000      -0.000              29               0
   31         527.751    -386.013           0.000       0.000              31               0
  206       -1231.345     342.240           0.000      -0.000             206               0
    6        -384.677    1649.282           0.000       0.000               6               0
   56       -1546.815   -1387.315           0.000      -0.000              56               0
   15        -180.037     634.242           0.000       0.000              15               0
   41        -542.885   -1932.797           0.000      -0.000              41               0
   11        3671.840     488.651           0.000       0.000              11               0
  160         691.048    -904.868           0.000      -0.000             160               0
  255       -2233.686    -530.037           0.000       0.000             255               0
   67       -1903.456       1.343           0.000      -0.000              67               0
  231         720.642    1190.879           0.000       0.000             231               0
  152        -288.052   -1434.544           0.000      -0.000             152               0
  243         764.667   -1259.005           0.000       0.000             243               0
  224       -1017.717    -468.985           0.000      -0.000             224               0
  150        1522.823     272.554           0.000       0.000             150               0
   53       -2617.910     423.877           0.000      -0.000              53               0
   99         -52.440    -303.881           0.000       0.000              99               0
  234        2070.972     -74.080           0.000      -0.000             234               0
  239       -1416.687   -1303.881           0.000       0.000             239               0
  243        -416.010    -246.095           0.000      -0.000             243               0
  173         508.452     130.562           0.000       0.000             173               0
  139        1437.739    -301.961           0.000      -0.000             139               0
  211         331.480   -1377.252           0.000       0.000             211               0
   77         784.220   -1635.986           0.000      -0.000              77               0
   57        -701.673    -112.473           0.000       0.000              57               0
   94         700.690      12.407           0.000      -0.000              94               0
  177         735.329     331.248           0.000       0.000             177               0
  172        2223.267   -1357.574           0.000      -0.000             172               0
   30        -341.348    1068.340           0.000       0.000              30               0
  246        -779.506    1751.214           0.000      -0.000             246               0
  114        -510.977     836.646           0.000       0.000             114               0
   68        -173.409    -212.664           0.000      -0.000              68               0
    1        1684.303     654.657           0.000       0.000               1               0
   85       -1529.490    1678.713           0.000      -0.000              85               0
   37         690.562     319.902           0.000       0.000              37               0
   88        -913.847    1310.034           0.000      -0.000              88               0
   53          18.330    2552.954           0.000       0.000              53               0
  251        -412.422    -435.626           0.000      -0.000             251               0
  209         406.292    -826.679           0.000       0.000             209               0
  154       -1570.308    1822.377           0.000      -0.000             154               0
  133        -629.309     808.352           0.000       0.000             133               0
  182       -2443.771     723.170           0.000      -0.000             182               0
  151         528.084    -239.170           0.000       0.000             151               0
  168       -1643.204    -390.466           0.000      -0.000             168               0
  172         944.870    -240.819           0.000       0.000             172               0
  199         710.346    1638.066           0.000      -0.000             199               0
   87       -1427.481    2200.044           0.000       0.000              87               0
  254         454.910    2059.428           0.000      -0.000             254               0
   91         940.375     374.234           0.000       0.000              91               0
  215        -381.482    1061.996           0.000      -0.000             215               0
   50       -2536.472   -1018.693           0.000       0.000              50               0
  245       -1736.869    1219.477           0.000      -0.000             245               0
  239         640.308    -638.976           0.000       0.000             239               0
   37         -95.570   -1080.823           0.000      -0.000              37               0
  215         624.522    1268.148           0.000       0.000             215               0
    9       -2556.881    -199.674           0.000      -0.000               9               0
   15        -626.283    -412.002           0.000       0.000              15               0
  183         838.278    1823.238           0.000      -0.000             183               0
   78        -117.309   -1410.768           0.000       0.000              78               0
  246        2423.590     524.986           0.000      -0.000             246               0
   35        -589.959   -1324.952           0.000       0.000              35               0
   51        -416.774    -889.021           0.000      -0.000              51               0
   16         960.950     672.614           0.000       0.000              16               0
  216         476.490     249.248           0.000      -0.000             216               0
   16       -3303.285     990.727           0.000       0.000              16               0
  145          73.930    -842.191           0.000      -0.000             145               0
   43        1456.024   -1848.179           0.000       0.000              43               0
  215        -184.580     798.767           0.000      -0.000             215               0
   72        -743.008   -1124.911           0.000       0.000              72               0
  181         905.557    1054.090           0.000      -0.000             181               0
  123         601.402   -1384.112           0.000       0.000             123               0
  158        -109.751     490.756           0.000      -0.000             158               0
  118         117.754       8.308           0.000       0.000             118               0
  169        1654.471   -2534.827           0.000      -0.000             169               0
   22       -2092.109    1459.958           0.000       0.000              22               0
   92        -125.667    -677.216           0.000      -0.000              92               0
  167         789.835   -1106.801           0.000       0.000             167               0
  218       -1291.020    -930.588           0.000      -0.000             218               0
  115        2002.878   -1161.517           0.000       0.000             115               0
   26         346.821     877.990           0.000      -0.000              26               0
  185        -252.480      99.540           0.000       0.000             185               0
   17       -1305.711    -895.492           0.000      -0.000              17               0
    2        -801.824    -611.940           0.000       0.000               2               0
  163         496.132       8.522           0.000      -0.000             163               0
  227       -1377.522    -806.181           0.000       0.000             227               0
  169         950.136     948.119           0.000      -0.000             169               0
   78         619.750     658.937           0.000       0.000              78               0
  125         116.618     -27.739           0.000      -0.000             125               0
  150        1646.187    -516.128           0.000       0.000             150               0
  118        -384.753     666.518           0.000      -0.000             118               0
  101         709.892     -10.371           0.000       0.000             101               0
  200        -824.246   -1389.174           0.000      -0.000             200               0
  132        1667.372     827.463           0.000       0.000             132               0
   37       -1642.716    -685.048           0.000      -0.000              37               0
  166        -341.394     804.843           0.000       0.000             166               0
  240         515.359     767.416           0.000      -0.000             240               0
  152        1513.273    -467.407           0.000       0.000             152               0
  241         825.695     397.668           0.000      -0.000             241               0
  204        1511.987    -277.786           0.000       0.000             204               0
  107        -383.580     995.097           0.000      -0.000             107               0
  143        -730.711   -1960.110           0.000       0.000             143               0
  136         809.496     273.428           0.000      -0.000             136               0
  193         921.793     506.885           0.000       0.000             193               0
  152       -2533.525     103.805           0.000      -0.000             152               0
  241        2119.983    -717.382           0.000       0.000             241               0
   53         261.581   -2297.754           0.000      -0.000              53               0
   91        -765.865     499.030           0.000       0.000              91               0
   65        -970.487   -2198.347           0.000      -0.000              65               0
  219       -2739.000      -0.142           0.000       0.000             219               0
   27        -970.906    2198.308           0.000       0.000              27               0
   41        -765.320    -499.097           0.000       0.000              41               0
  139         261.219    2297.965           0.000       0.000             139               0
   51        2119.701     717.879           0.000       0.000              51               0
   39       -2533.447    -104.830           0.000       0.000              39               0
  219         922.313    -506.600           0.000       0.000             219               0
   81         809.621    -272.984           0.000       0.000              81               0
  224        -731.305    1959.794           0.000       0.000             224               0
  223        -382.916    -995.406           0.000       0.000             223               0
  231        1512.150     278.269           0.000       0.000             231               0
  204         825.890    -397.412           0.000       0.000             204               0
   17        1513.014     467.852           0.000       0.000              17               0
  212         515.330    -767.319           0.000       0.000             212               0
  138        -341.384    -804.809           0.000       0.000             138               0
   75       -1642.841     684.606           0.000       0.000              75               0
  207        1667.736    -826.763           0.000       0.000             207               0
  188        -824.743    1388.992           0.000       0.000             188               0
   21         709.948      10.485           0.000       0.000              21               0
  133        -384.434    -666.616           0.000       0.000             133               0
  134        1646.027     516.735           0.000       0.000             134               0
   89         116.460      27.711           0.000       0.000              89               0
  179         619.854    -658.736           0.000       0.000             179               0
  214         950.129    -947.572           0.000       0.000             214               0
   62       -1378.016     805.955           0.000       0.000              62               0
  185         496.014      -8.213           0.000       0.000             185               0
  107        -802.225     611.824           0.000       0.000             107               0
   71       -1305.958     895.052           0.000       0.000              71               0
   69        -252.219     -99.687           0.000       0.000              69               0
   25         347.341    -877.680           0.000       0.000              25               0
   52        2002.365    1162.443           0.000       0.000              52               0
  143       -1291.500     930.224           0.000       0.000             143               0
  228         789.426    1107.002           0.000       0.000             228               0
   49        -126.119     676.956           0.000       0.000              49               0
   94       -2091.482   -1460.571           0.000       0.000              94               0
   44        1653.824    2535.424           0.000       0.000              44               0
  174         117.669      -8.546           0.000       0.000             174               0
   41        -109.581    -490.823           0.000       0.000              41               0
  219         600.945    1384.197           0.000       0.000             219               0
   49         905.718   -1053.880           0.000       0.000              49               0
   18        -743.558    1124.633           0.000       0.000              18               0
   67        -184.274    -798.815           0.000       0.000              67               0
    9        1455.245    1848.651           0.000       0.000               9               0
  241          73.153     841.836           0.000       0.000             241               0
   90       -3302.989    -992.113           0.000       0.000              90               0
  186         476.913    -249.171           0.000       0.000             186               0
  173         961.183    -672.231           0.000       0.000             173               0
   81        -417.143     888.969           0.000       0.000              81               0
  219        -590.210    1324.549           0.000       0.000             219               0
   93        2423.734    -524.388           0.000       0.000              93               0
  215        -118.086    1410.408           0.000       0.000             215               0
   81         838.540   -1823.219           0.000       0.000              81               0
   93        -626.898     411.753           0.000       0.000              93               0
  228       -2557.009     198.589           0.000       0.000             228               0
  181         625.058   -1267.998           0.000       0.000             181               0
  113         -96.032    1080.765           0.000       0.000             113               0
   14         639.787     638.842           0.000       0.000              14               0
  158       -1736.803   -1220.299           0.000       0.000             158               0
   23       -2536.683    1017.568           0.000       0.000              23               0
   83        -380.728   -1062.531           0.000       0.000              83               0
  243         940.675    -374.299           0.000       0.000             243               0
  162         455.475   -2059.588           0.000       0.000             162               0
   40       -1426.724   -2200.502           0.000       0.000              40               0
  208         711.017   -1637.514           0.000       0.000             208               0
  224         944.552     241.442           0.000       0.000             224               0
  135       -1643.515     389.986           0.000       0.000             135               0
  101         527.835     239.227           0.000       0.000             101               0
  142       -2443.628    -724.148           0.000       0.000             142               0
  230        -628.888    -808.662           0.000       0.000             230               0
  186       -1569.435   -1822.751           0.000       0.000             186               0
  176         406.296     826.966           0.000       0.000             176               0
  233        -412.416     435.207           0.000       0.000             233               0
  173          19.310   -2553.103           0.000       0.000             173               0
  222        -913.206   -1310.128           0.000       0.000             222               0
   13         690.822    -319.531           0.000       0.000              13               0
   41       -1528.664   -1679.035           0.000       0.000              41               0
  161        1684.765    -653.738           0.000       0.000             161               0
  147        -173.511     212.811           0.000       0.000             147               0
  213        -510.617    -836.726           0.000       0.000             213               0
   72        -778.668   -1751.164           0.000       0.000              72               0
   37        -340.508   -1067.831           0.000       0.000              37               0
   45        2223.096    1358.786           0.000       0.000              45               0
  137         735.407    -330.723           0.000       0.000             137               0
  237         700.595     -11.780           0.000       0.000             237               0
   51        -701.683     112.717           0.000       0.000              51               0
  121         783.796    1636.611           0.000       0.000             121               0
  241         331.089    1377.426           0.000       0.000             241               0
  225        1437.575     302.419           0.000       0.000             225               0
  227         508.222    -130.296           0.000       0.000             227               0
  172        -416.335     246.166           0.000       0.000             172               0
  110       -1417.020    1303.479           0.000       0.000             110               0
  201        2070.946      74.737           0.000       0.000             201               0
   22         -52.945     303.856           0.000       0.000              22               0
  131       -2617.730    -424.701           0.000       0.000             131               0
  226        1523.048    -271.827           0.000       0.000             226               0
    5       -1017.888     468.923           0.000       0.000               5               0
  177         764.279    1259.408           0.000       0.000             177               0
   82        -288.596    1434.280           0.000       0.000              82               0
  249         720.837   -1190.732           0.000       0.000             249               0
   48       -1903.624      -1.793           0.000       0.000              48               0
  187       -2233.464     529.455           0.000       0.000             187               0
   45         691.395     905.121           0.000       0.000              45               0
  182        3671.994    -487.313           0.000       0.000             182               0
  122        -543.932    1932.615           0.000       0.000             122               0
  111        -180.059    -634.388           0.000       0.000             111               0
   75       -1547.334    1386.664           0.000       0.000              75               0
  130        -384.015   -1649.501           0.000       0.000             130               0
  253       -1230.982    -342.386           0.000       0.000             253               0
  241         527.921     386.496           0.000       0.000             241               0
   37        -259.745    1284.668           0.000       0.000              37               0
  238        1322.253    1002.412           0.000       0.000             238               0
   66        -482.985     499.233           0.000       0.000              66               0
  116        2449.428     816.968           0.000       0.000             116               0
  203        -154.106    -320.999           0.000       0.000             203               0
   66        1171.462     916.596           0.000       0.000              66               0
   97        2400.348    1606.524           0.000       0.000              97               0
  238       -2175.379     211.131           0.000       0.000             238               0
  205         927.539     378.824           0.000       0.000             205               0
  111       -2562.321    -444.903           0.000       0.000             111               0
   42       -1712.191    -437.527           0.000       0.000              42               0
   64         104.240     410.008           0.000       0.000              64               0
   49         228.359    -369.811           0.000       0.000              49               0
  218         327.762   -1314.823           0.000       0.000             218               0
   22        1666.647    1762.077           0.000       0.000              22               0
    7         372.701     -14.749           0.000       0.000               7               0
   41         -38.016     -79.835           0.000       0.000              41               0
   54        1205.871    -540.065           0.000       0.000              54               0
   48        -348.217     566.397           0.000       0.000              48               0
   43        -750.254     262.709           0.000       0.000              43               0
  223       -1891.356    -200.724           0.000       0.000             223               0
  237        -233.130    -848.831           0.000       0.000             237               0
  221        -658.358      81.389           0.000       0.000             221               0
   97        1115.605    -688.999           0.000       0.000              97               0
   43        -902.705   -1353.546           0.000       0.000              43               0
   43       -1759.863    1986.788           0.000       0.000              43               0
    4        1366.842     565.327           0.000       0.000               4               0
  200         782.595    1237.497           0.000       0.000             200               0
  132         440.254    1244.660           0.000       0.000             132               0
   18        2045.505    -639.514           0.000       0.000              18               0
  154         819.202    -267.395           0.000       0.000             154               0
   17       -1447.717    -846.758           0.000       0.000              17               0
  255        -618.187    -549.942           0.000       0.000             255               0
  115        2439.223      70.199           0.000       0.000             115               0
   88         782.243    -560.166           0.000       0.000              88               0
   32        2783.169   -2148.231           0.000       0.000              32               0
   52        1094.153   -1102.992           0.000       0.000              52               0
   25        1187.281    -243.500           0.000       0.000              25               0
   57        -338.689     597.180           0.000       0.000              57               0
   12       -2417.132     -64.205           0.000       0.000              12               0
  220        -364.782    -442.078           0.000       0.000             220               0
  134         238.417    1893.220           0.000       0.000             134               0
  226       -2283.573     879.777           0.000       0.000             226               0
  186       -1470.414   -1544.638           0.000       0.000             186               0
  115         -48.526    1836.139           0.000       0.000             115               0
  131        -445.159    1168.513           0.000       0.000             131               0
    4       -2025.243    -287.801           0.000       0.000               4               0
  165          24.942    1965.777           0.000       0.000             165               0
  249         314.223    -841.973           0.000       0.000             249               0
  175       -1260.459    -727.110           0.000       0.000             175               0
  209       -1675.310     434.997           0.000       0.000             209               0
  114         382.864    -340.302           0.000       0.000             114               0
    8         121.740   -2502.879           0.000       0.000               8               0
    2        1024.045   -2590.772           0.000       0.000               2               0
  129        -861.332    1397.934           0.000       0.000             129               0
   45        1052.702   -1395.407           0.000       0.000              45               0
  158        -381.021     316.673           0.000       0.000             158               0
  159       -1258.203      29.632           0.000       0.000             159               0
    6        1789.189    1065.572           0.000       0.000               6               0
  118          63.625    1555.293           0.000       0.000             118               0
  142        -766.790      -7.672           0.000       0.000             142               0
  240         751.537    -342.550           0.000       0.000             240               0
  124        -301.585     935.112           0.000       0.000             124               0
  182         475.026    2100.288           0.000       0.000             182               0
  234       -1278.174    1506.735           0.000       0.000             234               0
  159        -762.639    1267.294           0.000       0.000             159               0
   75       -2911.166   -1227.296           0.000       0.000              75               0
  174        -653.934     188.627           0.000       0.000             174               0
  243        -831.944   -2865.943           0.000       0.000             243               0
   18        -162.099    -802.305           0.000       0.000              18               0
  155        2739.914     308.988           0.000       0.000             155               0
   96        -725.725    2175.789           0.000       0.000              96               0
    1         518.432     523.150           0.000       0.000               1               0
  155        -642.517    -692.070           0.000       0.000             155               0
  246        1039.715       7.253           0.000       0.000             246               0
  222         -83.015    3193.473           0.000       0.000             222               0
  219        -792.550     994.144           0.000       0.000             219               0
  203          48.303      27.475           0.000       0.000             203               0
  232        1576.580   -1705.473           0.000       0.000             232               0
  142        1779.950    1139.080           0.000       0.000             142               0
  145         386.620    -417.948           0.000       0.000             145               0
  207        1276.434    -737.173           0.000       0.000             207               0
   51       -1639.699    1400.829           0.000       0.000              51               0
   92         417.234     227.134           0.000       0.000              92               0
   26        -274.388     635.400           0.000       0.000              26               0
   45         664.822    2080.616           0.000       0.000              45               0
  240        1965.791    -433.910           0.000       0.000             240               0
  144        -723.817    -602.632           0.000       0.000             144               0
  201        -988.187   -1454.196           0.000       0.000             201               0
   24        1133.412    -545.122           0.000       0.000              24               0
   15         304.505    2313.357           0.000       0.000              15               0
   94       -1131.458     406.843           0.000       0.000              94               0
  131        -532.017    -123.276           0.000       0.000             131               0
  249       -3288.744   -1974.353           0.000       0.000             249               0
  171        -715.297     818.542           0.000       0.000             171               0
   47        1258.045    -858.968           0.000       0.000              47               0
   86       -2578.479    -327.605           0.000       0.000              86               0
  213       -1574.624     848.340           0.000       0.000             213               0
    0        1868.885    -150.125           0.000       0.000               0               0
   73        1322.744     267.902           0.000       0.000              73               0
  199       -2026.101    1044.796           0.000       0.000             199               0
  234        -333.856   -1053.824           0.000       0.000             234               0
  144         245.359     168.879           0.000       0.000             144               0
    7        2320.135    1013.523           0.000       0.000               7               0
  110         642.837     610.657           0.000       0.000             110               0
  203         617.742   -1144.124           0.000       0.000             203               0
   57        -630.697     -82.307           0.000       0.000              57               0
  119       -1032.869   -1147.181           0.000       0.000             119               0
   98        -570.552    -111.695           0.000       0.000              98               0
   46       -2142.060   -2142.368           0.000       0.000              46               0
    7         789.301    -370.597           0.000       0.000               7               0
   16        2365.643    1143.203           0.000       0.000              16               0
  199        2217.240    -675.387           0.000       0.000             199               0
  177       -2656.252    -976.095           0.000       0.000             177               0
  190        -915.476     727.641           0.000       0.000             190               0
  255       -1240.678     191.316           0.000       0.000             255               0
   85        -203.720    -715.695           0.000       0.000              85               0
  117        -108.845     357.604           0.000       0.000             117               0
  246         -90.596    2951.634           0.000       0.000             246               0
  248       -1397.211     797.011           0.000       0.000             248               0
  245        -837.301     962.962           0.000       0.000             245               0
   90       -2702.355    -542.865           0.000       0.000              90               0
   43        1451.271   -1638.017           0.000       0.000              43               0
  209        -152.774      29.762           0.000       0.000             209               0
  252       -2592.064   -2084.155           0.000       0.000             252               0
  184       -1811.964   -1780.805           0.000       0.000             184               0
  142         435.641      -9.049           0.000       0.000             142               0
   38       -2349.338    1054.461           0.000       0.000              38               0
   26        1577.814    2258.859           0.000       0.000              26               0
  174       -1330.503    -976.493           0.000       0.000             174               0
  207        -987.701    1738.757           0.000       0.000             207               0
   52         242.705     484.806           0.000       0.000              52               0
  183        -291.678   -1735.457           0.000       0.000             183               0
  209       -2856.792    1234.695           0.000       0.000             209               0
  144         245.674    2295.566           0.000       0.000             144               0
  178       -2068.452     510.299           0.000       0.000             178               0
  103       -2124.416      42.542           0.000       0.000             103               0
    9       -1775.781    1234.018           0.000       0.000               9               0
  242       -2116.623     599.282           0.000       0.000             242               0
   47        -590.908    -923.782           0.000       0.000              47               0
   82       -1960.479     248.725           0.000       0.000              82               0
  217        2065.933    1316.466           0.000       0.000             217               0
    1        -766.846    2164.108           0.000       0.000               1               0
  130       -1122.854      21.545           0.000       0.000             130               0
   74        1107.955      13.398           0.000       0.000              74               0
   17        1335.910     363.329           0.000       0.000              17               0
    0         403.210     255.841           0.000       0.000               0               0
