SINAL     NFT                         FFT                         NFT INVERSA     FFT INVERSA
-----     -----------------------     -----------------------     -----------     -----------
  184       66672.000       0.000           0.000       0.000             184               0
    7        1197.974     934.202           0.000      -0.000               7               0
  191           2.614   -1430.408           0.000       0.000             191               0
  128          88.298   -1390.543           0.000      -0.000             128               0
   72       -2007.474    3057.739           0.000       0.000              72               0
  216        1020.725    -176.206           0.000      -0.000             216               0
  247        1298.621    2477.158           0.000       0.000             247               0
  127         341.579    1629.277           0.000      -0.000             127               0
  149        -743.834    -315.730           0.000       0.000             149               0
   92         454.354    1092.526           0.000      -0.000              92               0
   81         219.779   -1364.701           0.000       0.000              81               0
  154        2564.020    -922.017           0.000      -0.000             154               0
  119        1083.023     454.276           0.000       0.000             119               0
   31         511.935     525.592           0.000      -0.000              31               0
  178         -28.128     215.755           0.000       0.000             178               0
  122        1490.264    -678.858           0.000      -0.000             122               0
   40         281.546     878.980           0.000       0.000              40               0
   57        1584.567    1234.873           0.000      -0.000              57               0
  101       -2875.251     -85.177           0.000       0.000             101               0
  117         509.861     351.560           0.000      -0.000             117               0
  209         364.548    -405.970           0.000       0.000             209               0
   64         203.625    1037.068           0.000      -0.000              64               0
   48         447.209   -1019.324           0.000       0.000              48               0
  119        -120.981    -690.207           0.000      -0.000             119               0
  103         770.332    -554.476           0.000       0.000             103               0
    2       -2819.461     502.285           0.000      -0.000               2               0
  194        -916.688     678.241           0.000       0.000             194               0
   33        1505.064    -849.654           0.000      -0.000              33               0
   75          92.016    -872.061           0.000       0.000              75               0
  226         960.717    -346.680           0.000      -0.000             226               0
  227        -286.042     747.732           0.000       0.000             227               0
  112        -562.736    1022.384           0.000      -0.000             112               0
   37        1305.184      98.312           0.000       0.000              37               0
   27       -1396.441    -373.235           0.000      -0.000              27               0
  104        -857.097    -641.390           0.000       0.000             104               0
  157        1557.206    1252.377           0.000      -0.000             157               0
  103        2019.700   -1702.440           0.000       0.000             103               0
  222       -1456.013     945.323           0.000      -0.000             222               0
  108         -49.991     779.709           0.000       0.000             108               0
  215        -593.970     189.734           0.000      -0.000             215               0
   63       -3085.524      23.736           0.000       0.000              63               0
   26         873.602    1911.410           0.000      -0.000              26               0
  133        1289.145     864.753           0.000       0.000             133               0
  192        -209.056    -986.193           0.000      -0.000             192               0
   77        -252.450     694.190           0.000       0.000              77               0
   73        -430.910     487.709           0.000      -0.000              73               0
  202       -1012.319   -1136.422           0.000       0.000             202               0
  227        -252.003     385.148           0.000      -0.000             227               0
  164       -2768.454     564.968           0.000       0.000             164               0
  239         243.119    1819.295           0.000      -0.000             239               0
  254        -438.519     140.629           0.000       0.000             254               0
  126         419.701    1969.575           0.000      -0.000             126               0
   22       -1541.954    1543.127           0.000       0.000              22               0
  108         436.896     751.994           0.000      -0.000             108               0
   58         225.001   -1770.644           0.000       0.000              58               0
  209        -385.525     195.581           0.000      -0.000             209               0
  201         508.802   -1171.797           0.000       0.000             201               0
  243        -829.410   -1836.521           0.000      -0.000             243               0
  100        -383.817      56.077           0.000       0.000             100               0
  157       -1501.174    -385.206           0.000      -0.000             157               0
  198         621.099    -542.869           0.000       0.000             198               0
  218       -1143.600    2640.845           0.000      -0.000             218               0
    6        -702.383    -105.485           0.000       0.000               6               0
  204       -2917.405     752.915           0.000      -0.000             204               0
   17          95.791      20.842           0.000       0.000              17               0
  237        -272.460   -1248.365           0.000      -0.000             237               0
  134         275.292    -327.381           0.000       0.000             134               0
   17        1920.666    -720.415           0.000      -0.000              17               0
  191       -1274.481    2683.997           0.000       0.000             191               0
  170        -531.652     770.456           0.000      -0.000             170               0
  210        1604.250    -913.156           0.000       0.000             210               0
  201         288.185    1743.935           0.000      -0.000             201               0
  250          31.538    -453.736           0.000       0.000             250               0
   69        -377.862     610.413           0.000      -0.000              69               0
  245        1001.404   -1186.510           0.000       0.000             245               0
  236        1603.616   -1079.009           0.000      -0.000             236               0
   30        1393.515    -323.986           0.000       0.000              30               0
  194       -3337.552     184.560           0.000      -0.000             194               0
  205         -54.948     764.016           0.000       0.000             205               0
   31        1465.382    1454.329           0.000      -0.000              31               0
  149       -1061.001    1317.268           0.000       0.000             149               0
  114        1540.637    -264.457           0.000      -0.000             114               0
   83       -2370.916      40.914           0.000       0.000              83               0
  159        2823.528     384.491           0.000      -0.000             159               0
  239         105.228    1943.507           0.000       0.000             239               0
   83       -1275.462    -291.933           0.000      -0.000              83               0
  162         421.161   -1778.185           0.000       0.000             162               0
   44        -492.135   -1660.556           0.000      -0.000              44               0
  128         643.558   -1227.259           0.000       0.000             128               0
  252         549.003     254.388           0.000      -0.000             252               0
  174       -1015.179    -105.010           0.000       0.000             174               0
   60       -1825.201    1558.163           0.000      -0.000              60               0
   97        -193.275    -529.674           0.000       0.000              97               0
  214        -368.780   -1555.353           0.000      -0.000             214               0
  165        -258.990   -1504.462           0.000       0.000             165               0
  218        -493.259    -147.385           0.000      -0.000             218               0
  126        -237.844   -1521.674           0.000       0.000             126               0
  241         990.516   -1050.618           0.000      -0.000             241               0
  247        2026.772     687.921           0.000       0.000             247               0
   36        -730.085     -31.440           0.000      -0.000              36               0
   59        -227.601     565.704           0.000       0.000              59               0
  252        3125.465     152.374           0.000      -0.000             252               0
  177        -543.571    1825.905           0.000       0.000             177               0
   61        2962.320    -173.639           0.000      -0.000              61               0
  133        -228.949    -943.319           0.000       0.000             133               0
  104         576.674    1330.088           0.000      -0.000             104               0
   35         536.570   -1114.124           0.000       0.000              35               0
   76       -1767.948    -331.202           0.000      -0.000              76               0
   71        -393.775    -949.654           0.000       0.000              71               0
  164        1871.924     -34.485           0.000      -0.000             164               0
  198        1078.615     579.454           0.000       0.000             198               0
  175         713.388   -1416.574           0.000      -0.000             175               0
  200        -649.411   -2172.106           0.000       0.000             200               0
   41        -656.112     264.810           0.000      -0.000              41               0
   57        -939.650     392.558           0.000       0.000              57               0
  245         538.364       0.847           0.000      -0.000             245               0
  182         555.726    1580.715           0.000       0.000             182               0
   68           0.139    1241.229           0.000      -0.000              68               0
  153        -665.874    2321.645           0.000       0.000             153               0
   48       -1958.439    -507.407           0.000      -0.000              48               0
   53       -1520.489      20.960           0.000       0.000              53               0
   54        2403.711   -1609.317           0.000      -0.000              54               0
  176         764.789   -1346.485           0.000       0.000             176               0
   79       -1186.267    -134.683           0.000      -0.000              79               0
  110       -1239.414     767.372           0.000       0.000             110               0
   38         331.865    1245.391           0.000      -0.000              38               0
  134       -1686.245     665.164           0.000       0.000             134               0
  145         820.085   -2204.630           0.000      -0.000             145               0
   65       -2204.043     577.918           0.000       0.000              65               0
   40         322.221    1605.618           0.000      -0.000              40               0
  130        -116.092    1651.208           0.000       0.000             130               0
  250       -1111.512     512.451           0.000      -0.000             250               0
   61        -736.860    1600.601           0.000       0.000              61               0
   74         950.813    -575.865           0.000      -0.000              74               0
  251        -135.105   -1024.955           0.000       0.000             251               0
  236        -831.614   -1793.211           0.000      -0.000             236               0
    9         544.048    1004.472           0.000       0.000               9               0
   73        1431.449     131.839           0.000      -0.000              73               0
  113         379.617   -3120.447           0.000       0.000             113               0
   46          42.437    -940.523           0.000      -0.000              46               0
   13          39.899     826.328           0.000       0.000              13               0
   24        1018.093    2237.568           0.000      -0.000              24               0
   80        1668.374    -409.069           0.000       0.000              80               0
  195        -470.580    1921.105           0.000      -0.000             195               0
   59        -659.614     226.180           0.000       0.000              59               0
  222         275.969    -655.346           0.000      -0.000             222               0
  235         634.613    -124.857           0.000       0.000             235               0
   50       -1989.593     751.200           0.000      -0.000              50               0
  181        -510.400    -896.190           0.000       0.000             181               0
  154       -1479.865   -2102.493           0.000      -0.000             154               0
  113         257.488    1965.509           0.000       0.000             113               0
   11        -158.643    2393.011           0.000      -0.000              11               0
   91         667.254    -715.652           0.000       0.000              91               0
   78        -136.620     153.957           0.000      -0.000              78               0
   75         789.345    -425.332           0.000       0.000              75               0
  137       -1196.277     728.530           0.000      -0.000             137               0
  229        3542.196    -118.557           0.000       0.000             229               0
  111       -1289.421    -117.948           0.000      -0.000             111               0
  155        1041.115   -2153.081           0.000       0.000             155               0
  173        2504.615    -165.002           0.000      -0.000             173               0
   63        -648.368     783.048           0.000       0.000              63               0
  223         492.462    1060.925           0.000      -0.000             223               0
   95        -507.600    1008.237           0.000       0.000              95               0
   58       -1004.817    1790.271           0.000      -0.000              58               0
   90       -1424.177    2956.667           0.000       0.000              90               0
   59        1384.542    -802.593           0.000      -0.000              59               0
   95        -391.854    -366.899           0.000       0.000              95               0
   14       -1616.815    2344.099           0.000      -0.000              14               0
   26         384.143   -1383.008           0.000       0.000              26               0
  172       -2197.209    1292.232           0.000      -0.000             172               0
    9         -79.445     833.529           0.000       0.000               9               0
  229         816.499    1527.185           0.000      -0.000             229               0
   37        2962.576    2289.798           0.000       0.000              37               0
  245         249.922    -268.247           0.000      -0.000             245               0
  226           8.769    -526.485           0.000       0.000             226               0
  125        -456.672    1316.041           0.000      -0.000             125               0
   51        -473.657    2360.579           0.000       0.000              51               0
  224         878.138    1031.448           0.000      -0.000             224               0
   82        2208.620    1928.095           0.000       0.000              82               0
   52        1304.055   -1059.790           0.000      -0.000              52               0
   10         322.288    -191.411           0.000       0.000              10               0
   71        -499.714     -52.463           0.000      -0.000              71               0
   15       -1330.205    1143.071           0.000       0.000              15               0
  248        1312.805   -1152.518           0.000      -0.000             248               0
  211       -1455.782    1510.939           0.000       0.000             211               0
  125       -1781.985    -741.634           0.000      -0.000             125               0
  103        -167.394   -1039.936           0.000       0.000             103               0
  108         193.776   -1394.403           0.000      -0.000             108               0
   43         935.120    -888.137           0.000       0.000              43               0
  183       -1830.430    -499.730           0.000      -0.000             183               0
  230          78.928     362.129           0.000       0.000             230               0
  120        1449.193    -914.647           0.000      -0.000             120               0
   36         -11.837     988.905           0.000       0.000              36               0
  212         822.986     903.669           0.000      -0.000             212               0
  139        -170.487     908.772           0.000       0.000             139               0
   63         335.462   -1669.386           0.000      -0.000              63               0
   46        1310.098     -48.928           0.000       0.000              46               0
   81         989.771     717.464           0.000      -0.000              81               0
  138         844.314   -2133.303           0.000       0.000             138               0
  183       -1110.942     521.606           0.000      -0.000             183               0
   96         214.644     727.076           0.000       0.000              96               0
   38        -374.053   -1342.476           0.000      -0.000              38               0
  175        -561.162     117.319           0.000       0.000             175               0
  106        1264.879     395.485           0.000      -0.000             106               0
  115         342.934     823.207           0.000       0.000             115               0
   68         748.352   -1926.541           0.000      -0.000              68               0
    2        1026.956    1690.503           0.000       0.000               2               0
  249        -104.231     -59.110           0.000      -0.000             249               0
  221       -1364.100      -3.851           0.000       0.000             221               0
  236         336.964     837.369           0.000      -0.000             236               0
  223         906.845       7.101           0.000       0.000             223               0
  106         -97.494    1186.879           0.000      -0.000             106               0
   62         289.423   -1727.904           0.000       0.000              62               0
  239        2061.454    1028.430           0.000      -0.000             239               0
  249       -1374.903    -513.019           0.000       0.000             249               0
  191         264.814     512.691           0.000      -0.000             191               0
  179        -496.771   -1438.497           0.000       0.000             179               0
  195       -1376.059     515.489           0.000      -0.000             195               0
  161        1870.734     629.673           0.000       0.000             161               0
   29         810.230     452.703           0.000      -0.000              29               0
  166        1246.961     514.409           0.000       0.000             166               0
  150       -1386.143    -478.004           0.000      -0.000             150               0
   52         663.947   -1468.842           0.000       0.000              52               0
  236         187.606   -2079.495           0.000      -0.000             236               0
   98         868.795    1267.213           0.000       0.000              98               0
    4         201.047    1029.287           0.000      -0.000               4               0
   57         676.099      -1.701           0.000       0.000              57               0
   48         229.717   -1518.036           0.000      -0.000              48               0
  206        1513.109     -24.820           0.000       0.000             206               0
  254        -459.449    -470.886           0.000      -0.000             254               0
  201         684.185    1764.572           0.000       0.000             201               0
   96         -89.606    1269.844           0.000      -0.000              96               0
   81         367.540     798.846           0.000       0.000              81               0
  239         425.557    1996.930           0.000      -0.000             239               0
   26       -1066.023    -527.345           0.000       0.000              26               0
  248        3173.777     107.893           0.000      -0.000             248               0
   59         295.543     826.237           0.000       0.000              59               0
   73         439.856    -557.951           0.000      -0.000              73               0
  243        -185.569     594.397           0.000       0.000             243               0
  208        -652.173     821.669           0.000      -0.000             208               0
  210        -713.556    -846.775           0.000       0.000             210               0
  107        -840.403    1195.239           0.000      -0.000             107               0
  235       -1414.707    1938.348           0.000       0.000             235               0
   91         805.968   -1966.144           0.000      -0.000              91               0
   79        1012.371    -667.333           0.000       0.000              79               0
   67       -2103.691     684.257           0.000      -0.000              67               0
  120         206.833    -799.416           0.000       0.000             120               0
  216       -1045.618    1009.348           0.000      -0.000             216               0
   34        -232.430    1065.565           0.000       0.000              34               0
  158        1427.094    1099.422           0.000      -0.000             158               0
  191        -656.297    1353.753           0.000       0.000             191               0
   18        -226.737     815.701           0.000      -0.000              18               0
   17        1145.495   -1823.106           0.000       0.000              17               0
  118         299.147    -686.727           0.000      -0.000             118               0
   38       -1000.357     634.788           0.000       0.000              38               0
   53        1051.912   -2341.349           0.000      -0.000              53               0
   81         336.000       0.193           0.000       0.000              81               0
   75        1050.987    2341.586           0.000       0.000              75               0
  174       -1000.227    -635.411           0.000       0.000             174               0
  187         299.032     686.699           0.000       0.000             187               0
   98        1144.802    1823.006           0.000       0.000              98               0
   62        -226.652    -816.433           0.000       0.000              62               0
   69        -655.812   -1354.370           0.000       0.000              69               0
  212        1427.386   -1099.154           0.000       0.000             212               0
   98        -232.368   -1065.731           0.000       0.000              98               0
   21       -1045.386   -1009.607           0.000       0.000              21               0
  138         206.466     799.492           0.000       0.000             138               0
  141       -2103.354    -685.008           0.000       0.000             141               0
   41        1012.381     667.692           0.000       0.000              41               0
  116         805.144    1965.985           0.000       0.000             116               0
  141       -1414.196   -1939.297           0.000       0.000             141               0
  156        -839.896   -1195.535           0.000       0.000             156               0
  194        -713.649     846.429           0.000       0.000             194               0
  176        -651.607    -822.115           0.000       0.000             176               0
  162        -184.994    -594.515           0.000       0.000             162               0
  106         440.029     557.942           0.000       0.000             106               0
   78         296.227    -826.338           0.000       0.000              78               0
  107        3173.818    -106.946           0.000       0.000             107               0
  115       -1066.368     526.647           0.000       0.000             115               0
  162         426.328   -1997.070           0.000       0.000             162               0
   84         367.842    -798.781           0.000       0.000              84               0
   98         -89.095   -1269.894           0.000       0.000              98               0
   22         684.845   -1764.080           0.000       0.000              22               0
  254        -459.453     471.057           0.000       0.000             254               0
   38        1513.222      25.538           0.000       0.000              38               0
  144         229.190    1518.115           0.000       0.000             144               0
  170         676.099       1.694           0.000       0.000             170               0
   46         201.397   -1029.298           0.000       0.000              46               0
    2         869.190   -1266.606           0.000       0.000               2               0
  128         186.834    2079.815           0.000       0.000             128               0
  250         663.315    1468.867           0.000       0.000             250               0
  106       -1386.237     477.174           0.000       0.000             106               0
  120        1247.334    -514.292           0.000       0.000             120               0
   92         810.388    -452.604           0.000       0.000              92               0
   15        1870.647    -629.114           0.000       0.000              15               0
   36       -1376.193    -515.847           0.000       0.000              36               0
   92        -497.220    1438.272           0.000       0.000              92               0
   49         264.988    -512.785           0.000       0.000              49               0
  208       -1374.857     512.399           0.000       0.000             208               0
  116        2061.977   -1027.790           0.000       0.000             116               0
  184         288.719    1727.830           0.000       0.000             184               0
   64         -97.103   -1187.205           0.000       0.000              64               0
  187         906.803      -6.933           0.000       0.000             187               0
  227         337.025    -837.348           0.000       0.000             227               0
   33       -1364.127       3.368           0.000       0.000              33               0
  185        -104.001      58.930           0.000       0.000             185               0
   37        1027.676   -1690.059           0.000       0.000              37               0
   43         747.693    1926.814           0.000       0.000              43               0
  201         343.187    -823.294           0.000       0.000             201               0
   83        1264.842    -395.051           0.000       0.000              83               0
  121        -561.338    -117.405           0.000       0.000             121               0
   63        -374.520    1342.261           0.000       0.000              63               0
   77         214.865    -727.172           0.000       0.000              77               0
   32       -1110.626    -521.846           0.000       0.000              32               0
  201         843.864    2133.493           0.000       0.000             201               0
  219         990.108    -717.389           0.000       0.000             219               0
  221        1309.989      49.347           0.000       0.000             221               0
   81         334.707    1669.223           0.000       0.000              81               0
  125        -170.253    -909.235           0.000       0.000             125               0
  107         823.220    -903.547           0.000       0.000             107               0
   67         -11.579    -988.823           0.000       0.000              67               0
  209        1448.693     915.181           0.000       0.000             209               0
  213          78.630    -362.125           0.000       0.000             213               0
  217       -1830.696     499.181           0.000       0.000             217               0
  199         934.849     888.437           0.000       0.000             199               0
  202         193.094    1394.282           0.000       0.000             202               0
   14        -168.038    1039.497           0.000       0.000              14               0
  254       -1782.358     740.479           0.000       0.000             254               0
  142       -1455.000   -1511.784           0.000       0.000             142               0
  253        1312.561    1152.640           0.000       0.000             253               0
  106       -1329.779   -1143.894           0.000       0.000             106               0
  151        -499.396      52.076           0.000       0.000             151               0
   59         322.628     191.221           0.000       0.000              59               0
  151        1304.013    1059.631           0.000       0.000             151               0
  209        2209.240   -1927.969           0.000       0.000             209               0
  237         878.170   -1031.554           0.000       0.000             237               0
  242        -473.096   -2360.941           0.000       0.000             242               0
   62        -456.238   -1316.090           0.000       0.000              62               0
  252           8.712     526.468           0.000       0.000             252               0
  218         250.071     267.931           0.000       0.000             218               0
  166        2963.260   -2289.130           0.000       0.000             166               0
   46         816.495   -1526.910           0.000       0.000              46               0
  240         -79.718    -833.507           0.000       0.000             240               0
   90       -2196.993   -1292.802           0.000       0.000              90               0
  245         383.609    1383.056           0.000       0.000             245               0
  106       -1616.074   -2344.741           0.000       0.000             106               0
   47        -391.763     366.866           0.000       0.000              47               0
   70        1384.208     802.696           0.000       0.000              70               0
  252       -1423.345   -2957.427           0.000       0.000             252               0
   12       -1004.068   -1790.437           0.000       0.000              12               0
  233        -506.968   -1008.158           0.000       0.000             233               0
  245         493.064   -1060.466           0.000       0.000             245               0
  123        -647.741    -782.847           0.000       0.000             123               0
  145        2504.790     166.325           0.000       0.000             145               0
  161        1040.196    2153.573           0.000       0.000             161               0
   94       -1289.342     117.373           0.000       0.000              94               0
   59        3542.075     119.622           0.000       0.000              59               0
  126       -1196.358    -728.949           0.000       0.000             126               0
  245         789.102     425.601           0.000       0.000             245               0
   66        -136.716    -154.073           0.000       0.000              66               0
  230         666.840     715.610           0.000       0.000             230               0
  211        -158.077   -2393.224           0.000       0.000             211               0
   74         257.847   -1964.967           0.000       0.000              74               0
   72       -1480.778    2102.352           0.000       0.000              72               0
  133        -510.764     895.869           0.000       0.000             133               0
  169       -1989.166    -751.971           0.000       0.000             169               0
   66         634.859     125.098           0.000       0.000              66               0
   65         275.796     655.307           0.000       0.000              65               0
  206        -659.444    -226.687           0.000       0.000             206               0
   70        -469.607   -1921.299           0.000       0.000              70               0
  197        1668.462     409.638           0.000       0.000             197               0
   79        1018.754   -2237.126           0.000       0.000              79               0
  102          40.066    -825.798           0.000       0.000             102               0
   37          42.122     941.074           0.000       0.000              37               0
   31         378.632    3120.576           0.000       0.000              31               0
  219        1431.386    -131.688           0.000       0.000             219               0
  223         544.045   -1004.236           0.000       0.000             223               0
  101        -832.440    1792.980           0.000       0.000             101               0
   80        -135.488    1024.607           0.000       0.000              80               0
   62         950.409     575.680           0.000       0.000              62               0
  234        -736.636   -1601.229           0.000       0.000             234               0
  216       -1111.427    -513.031           0.000       0.000             216               0
  223        -115.541   -1651.366           0.000       0.000             223               0
  147         322.552   -1605.327           0.000       0.000             147               0
  186       -2203.871    -578.246           0.000       0.000             186               0
   80         819.382    2204.962           0.000       0.000              80               0
  230       -1686.021    -665.982           0.000       0.000             230               0
    2         332.356   -1245.271           0.000       0.000               2               0
  134       -1239.124    -767.543           0.000       0.000             134               0
  234       -1185.977     134.616           0.000       0.000             234               0
  199         764.723    1346.917           0.000       0.000             199               0
   16        2403.008    1609.940           0.000       0.000              16               0
  100       -1520.849     -21.791           0.000       0.000             100               0
    9       -1958.513     506.322           0.000       0.000               9               0
   23        -664.755   -2322.161           0.000       0.000              23               0
  193           0.885   -1241.176           0.000       0.000             193               0
   82         556.463   -1580.274           0.000       0.000              82               0
  138         538.370      -0.339           0.000       0.000             138               0
   19        -939.486    -392.586           0.000       0.000              19               0
   58        -655.796    -264.580           0.000       0.000              58               0
  117        -649.742    2172.160           0.000       0.000             117               0
   81         713.340    1416.646           0.000       0.000              81               0
  222        1079.080    -579.229           0.000       0.000             222               0
  206        1871.850      35.195           0.000       0.000             206               0
   57        -394.321     949.533           0.000       0.000              57               0
   60       -1767.882     330.533           0.000       0.000              60               0
  102         536.587    1114.067           0.000       0.000             102               0
  145         577.361   -1330.033           0.000       0.000             145               0
  103        -228.877     943.199           0.000       0.000             103               0
  185        2962.415     174.327           0.000       0.000             185               0
  158        -542.900   -1826.182           0.000       0.000             158               0
  197        3125.453    -151.208           0.000       0.000             197               0
  113        -227.760    -565.656           0.000       0.000             113               0
  244        -730.042      31.349           0.000       0.000             244               0
  156        2027.009    -686.966           0.000       0.000             156               0
   37         989.812    1051.276           0.000       0.000              37               0
  207        -238.712    1521.649           0.000       0.000             207               0
   83        -493.525     147.242           0.000       0.000              83               0
  179        -259.642    1504.395           0.000       0.000             179               0
  231        -369.433    1554.968           0.000       0.000             231               0
  233        -193.640     529.151           0.000       0.000             233               0
  117       -1824.710   -1558.982           0.000       0.000             117               0
   54       -1014.916     104.717           0.000       0.000              54               0
  173         549.363    -254.089           0.000       0.000             173               0
  161         643.186    1227.592           0.000       0.000             161               0
  251        -492.660    1660.266           0.000       0.000             251               0
  113         420.583    1777.869           0.000       0.000             113               0
  190       -1275.431     290.821           0.000       0.000             190               0
  203         106.267   -1943.877           0.000       0.000             203               0
  143        2823.566    -383.654           0.000       0.000             143               0
   39       -2370.984     -41.863           0.000       0.000              39               0
   43        1540.659     264.659           0.000       0.000              43               0
  240       -1060.519   -1317.923           0.000       0.000             240               0
   31        1465.891   -1453.868           0.000       0.000              31               0
   38         -54.993    -763.888           0.000       0.000              38               0
    8       -3337.248    -185.489           0.000       0.000               8               0
  184        1393.976     324.617           0.000       0.000             184               0
  231        1603.388    1079.563           0.000       0.000             231               0
  119        1000.871    1186.575           0.000       0.000             119               0
   80        -377.760    -610.830           0.000       0.000              80               0
  103          31.433     453.454           0.000       0.000             103               0
  208         288.860   -1743.983           0.000       0.000             208               0
  220        1603.804     913.584           0.000       0.000             220               0
  141        -531.670    -770.966           0.000       0.000             141               0
  184       -1273.482   -2684.315           0.000       0.000             184               0
  118        1920.451     721.369           0.000       0.000             118               0
    3         274.868     327.572           0.000       0.000               3               0
   48        -273.168    1248.165           0.000       0.000              48               0
   40          95.387     -21.102           0.000       0.000              40               0
  139       -2917.321    -754.070           0.000       0.000             139               0
  165        -702.257     105.035           0.000       0.000             165               0
   62       -1142.509   -2641.161           0.000       0.000              62               0
  111         621.003     543.399           0.000       0.000             111               0
   82       -1501.253     384.817           0.000       0.000              82               0
  145        -383.594     -56.035           0.000       0.000             145               0
   47        -829.764    1836.284           0.000       0.000              47               0
   45         508.626    1171.675           0.000       0.000              45               0
   92        -385.325    -195.965           0.000       0.000              92               0
  243         224.548    1770.293           0.000       0.000             243               0
   74         437.099    -752.492           0.000       0.000              74               0
  216       -1541.371   -1544.063           0.000       0.000             216               0
  145         420.516   -1969.528           0.000       0.000             145               0
   52        -438.436    -140.828           0.000       0.000              52               0
    2         243.618   -1819.218           0.000       0.000               2               0
  169       -2768.170    -565.708           0.000       0.000             169               0
   89        -251.519    -385.023           0.000       0.000              89               0
  174       -1012.385    1136.093           0.000       0.000             174               0
  230        -430.354    -488.008           0.000       0.000             230               0
  134        -251.832    -694.254           0.000       0.000             134               0
   81        -208.953     986.005           0.000       0.000              81               0
  148        1289.701    -864.609           0.000       0.000             148               0
  228         874.074   -1911.090           0.000       0.000             228               0
  187       -3085.426     -24.602           0.000       0.000             187               0
   45        -593.370    -189.907           0.000       0.000              45               0
  122         -49.301    -779.669           0.000       0.000             122               0
  196       -1455.057    -945.530           0.000       0.000             196               0
  240        2019.740    1703.200           0.000       0.000             240               0
  168        1557.701   -1251.862           0.000       0.000             168               0
   58        -857.290     641.229           0.000       0.000              58               0
  193       -1396.138     372.707           0.000       0.000             193               0
  247        1305.620     -98.011           0.000       0.000             247               0
   68        -562.134   -1022.593           0.000       0.000              68               0
  144        -285.335    -747.623           0.000       0.000             144               0
  217         960.989     347.248           0.000       0.000             217               0
   18          92.034     872.183           0.000       0.000              18               0
  149        1504.883     850.022           0.000       0.000             149               0
  220        -916.524    -678.673           0.000       0.000             220               0
  102       -2818.813    -503.131           0.000       0.000             102               0
   49         770.846     554.851           0.000       0.000              49               0
   99        -120.685     690.153           0.000       0.000              99               0
  138         447.385    1019.240           0.000       0.000             138               0
  116         204.440   -1037.185           0.000       0.000             116               0
  156         364.856     406.010           0.000       0.000             156               0
   76         510.253    -351.533           0.000       0.000              76               0
  161       -2874.595      84.036           0.000       0.000             161               0
    4        1585.916   -1234.453           0.000       0.000               4               0
  210         282.563    -878.743           0.000       0.000             210               0
  232        1490.675     679.433           0.000       0.000             232               0
  197         -27.445    -215.837           0.000       0.000             197               0
  191         512.904    -525.414           0.000       0.000             191               0
   54        1084.017    -453.763           0.000       0.000              54               0
   96        2564.281     922.979           0.000       0.000              96               0
  197         219.758    1364.515           0.000       0.000             197               0
  155         455.308   -1092.666           0.000       0.000             155               0
   16        -743.104     315.216           0.000       0.000              16               0
  224         343.266   -1629.463           0.000       0.000             224               0
  123        1300.604   -2476.601           0.000       0.000             123               0
  239        1021.740     176.704           0.000       0.000             239               0
  232       -2004.813   -3058.010           0.000       0.000             232               0
  205          90.382    1391.169           0.000       0.000             205               0
  123           5.865    1430.474           0.000       0.000             123               0
  159        1205.453    -933.770           0.000       0.000             159               0
