SINAL     NFT                         FFT                         NFT INVERSA     FFT INVERSA
-----     -----------------------     -----------------------     -----------     -----------
  125       63955.000       0.000           0.000       0.000             125               1
   53        -910.548    1569.272         -25.491      46.464              53               0
    9       -1116.744     771.832           0.000       0.000               9              -0
  140         434.162    -643.782        -132.137      51.904             140               0
   33       -1465.131     642.910           0.000       0.000              33               0
  164       -1389.571   -2467.503         131.966      62.353             164              -0
   56         406.622   -1021.538           0.000       0.000              56              -0
   58        -756.822     873.318         -29.212      39.897              58               0
   61        1288.033     592.026           0.000       0.000              61               0
  208        1099.679     -59.101          -3.084       5.020             208               0
   68         322.439     451.794           0.000       0.000              68              -0
  187       -1266.787    1304.726         -36.714      12.379             187               0
  172         472.744    1651.604           0.000       0.000             172               0
  214        -652.355    -658.119          49.563      26.467             214              -0
   84       -2049.878    -407.439           0.000       0.000              84              -0
  154         679.396   -1352.421          -8.324      20.451             154               0
   29        -608.865     346.472           0.000       0.000              29               0
   96        -931.175   -2231.709          -1.763       2.578              96               0
  157        -972.939     261.299           0.000       0.000             157              -0
  249        -398.381    1060.739         -21.614       6.124             249               0
   31        1498.546    3459.992           0.000       0.000              31               0
   70        -900.218    -926.433          29.892      17.901              70              -0
   79       -1525.418   -1052.554           0.000       0.000              79              -0
  183       -1972.510    -641.491         -10.068      11.246             183               0
  113       -1086.376     532.553           0.000       0.000             113               0
    7         568.693     185.073          -1.286       1.695               7               0
  252        1677.949     618.810           0.000       0.000             252              -0
    6         217.243    -507.690         -15.439       3.567               6               0
  244       -2146.046     626.936           0.000       0.000             244               0
   33        2000.791     748.022          21.037      14.045              33              -0
   34       -1194.170    1398.962           0.000       0.000              34              -0
   80         150.141    -319.505          -3.515      10.018              80               0
   21        -762.223    -642.386           0.000       0.000              21               0
  224        -541.161   -1132.135          -1.039       1.239             224               0
  211          87.886    -159.291           0.000       0.000             211              -0
  123         563.361     180.147         -12.068       2.170             123               0
  182          84.389    -763.055           0.000       0.000             182               0
  179        -825.053     631.169          15.981      11.843             179              -0
   78         797.826    1095.954           0.000       0.000              78              -0
  102        -478.103    -929.706          -6.600       6.056             102               0
  118        1860.630     331.306           0.000       0.000             118               0
   49         812.861    1556.148          -0.888       0.958              49               0
  247         498.769    -183.163           0.000       0.000             247              -0
  237        -594.278    1137.972          -9.937       1.288             237               0
   52         645.824   -2730.745           0.000       0.000              52               0
   13        1869.804    -129.118          12.699      10.413              13              -0
  148         234.962     364.710           0.000       0.000             148              -0
  231          86.268    -205.259          -3.928       5.957             231               0
   86        1104.310    -215.754           0.000       0.000              86               0
  124        -255.419    1827.656          -0.785       0.768             124               0
  224        -384.447    -381.469           0.000       0.000             224              -0
  205          33.743   -1310.568          -8.461       0.676             205               0
   45         262.009   -1326.351           0.000       0.000              45               0
  190        -158.389     552.554          10.387       9.406             190              -0
   20         818.479    1363.743           0.000       0.000              20              -0
  197         299.049    -739.019          -5.127       3.851             197               0
  106        1123.368    2129.879           0.000       0.000             106               0
   51        -723.714    -820.285          -0.710       0.630              51               0
  173        -353.783    -139.674           0.000       0.000             173              -0
   54         692.409    1860.907          -7.375       0.226              54               0
   83        1244.934       0.549           0.000       0.000              83               0
  169        -290.642   -1119.007           8.662       8.656             169              -0
   90         149.205    -941.933           0.000       0.000              90              -0
  133        -705.093    -416.957          -2.358       4.757             133               0
   82         268.591      67.546           0.000       0.000              82               0
   14       -1622.932   -1065.831          -0.653       0.524              14               0
  252        -156.244   -1036.749           0.000       0.000             252              -0
   59       -1236.874     997.136          -6.538      -0.120              59               0
   91         931.625    -532.265           0.000       0.000              91               0
   16       -1616.272    -456.069           7.321       8.072              16              -0
  187        -447.178    2398.014           0.000       0.000             187              -0
  167         392.300    1055.083          -4.299       2.613             167               0
  142         853.332    2794.317           0.000       0.000             142               0
   99         135.104    -575.388          -0.608       0.441              99               0
  174        -192.503   -1264.350           0.000       0.000             174              -0
   79        -338.289     527.349          -5.870      -0.397              79               0
  150         644.236      99.181           0.000       0.000             150               0
  179          -5.947      37.351           6.244       7.603             179              -0
  180         816.455     483.273           0.000       0.000             180              -0
   45         663.784    -562.567          -3.061       3.098              45               0
  198       -1522.449    -213.831           0.000       0.000             198               0
   92        1162.322    1518.994          -0.571       0.373              92               0
   26        -181.108    -455.503           0.000       0.000              26              -0
  190         502.349    1304.932          -5.323      -0.623             190               0
   35         116.265     258.594           0.000       0.000              35               0
  249         804.158     312.785           5.356       7.216             249              -0
   22           2.564     384.247           0.000       0.000              22              -0
   25        1105.098   -2410.223          -3.761       1.807              25               0
   11        1365.884     629.108           0.000       0.000              11               0
    4          93.062     837.644          -0.541       0.316               4               0
   59        -491.903    -112.255           0.000       0.000              59              -0
   83        1210.006     820.162          -4.865      -0.813              83               0
   66         616.760    1534.314           0.000       0.000              66               0
  205       -1638.009     -99.359           4.607       6.890             205              -0
   44        -134.485   -1470.810           0.000       0.000              44              -0
   75        -688.283   -1287.775          -2.432       2.717              75               0
  213        1824.053    -198.723           0.000       0.000             213               0
    1        -260.106    -382.583          -0.514       0.268               1               0
   82        2420.921     406.857           0.000       0.000              82              -0
  244       -1187.413     441.813          -4.473      -0.976             244               0
  174        1897.174    1678.548           0.000       0.000             174               0
  232        -855.185     841.052           3.965       6.610             232              -0
  123         352.375    1649.125           0.000       0.000             123              -0
   75       -1913.379     829.605          -3.376       1.232              75               0
  238       -1609.007    -544.238           0.000       0.000             238               0
  104          90.155     857.486          -0.492       0.226             104               0
  131         532.261    1735.002           0.000       0.000             131              -0
   24         -46.925    1939.899          -4.133      -1.116              24               0
  100        2221.853    1372.358           0.000       0.000             100               0
   39         346.182    -138.682           3.406       6.367              39              -0
   31        1515.997     195.507           0.000       0.000              31              -0
   22         782.286   -1576.067          -2.669       1.807              22               0
  231        -784.213    1173.908           0.000       0.000             231               0
   18        2114.551    -264.611          -0.472       0.190              18               0
  195       -1046.255     697.587           0.000       0.000             195              -0
   33        -200.867   -1864.215          -3.834      -1.240              33               0
   32       -1048.457     292.237           0.000       0.000              32               0
  158        1029.029    -667.945           2.912       6.152             158              -0
  241        1244.124     559.170           0.000       0.000             241              -0
   73         688.797    -849.668          -3.083       0.792              73               0
  251        -198.168    2060.683           0.000       0.000             251               0
  254         863.971     815.289          -0.455       0.157             254               0
  231         293.032     965.952           0.000       0.000             231              -0
   47        -477.164    -590.468          -3.567      -1.351              47               0
  183        1374.659   -1069.658           0.000       0.000             183               0
   87       -1355.240    -458.401           2.471       5.959              87              -0
  237        -714.030    1111.421           0.000       0.000             237              -0
   96        -653.415    1438.122          -2.074       1.950              96               0
  174       -1066.017     170.861           0.000       0.000             174               0
  237        -515.902    -785.687          -0.439       0.128             237               0
   73        -199.318    2451.606           0.000       0.000              73              -0
   83         869.498     319.072          -3.327      -1.450              83               0
  247        2178.379    1754.830           0.000       0.000             247               0
   29         -55.749    -828.673           2.073       5.786              29              -0
   88        -658.009     487.716           0.000       0.000              88              -0
  184        -182.039    -732.945          -2.848       0.440             184               0
  137       -1067.428    -735.880           0.000       0.000             137               0
  114       -1220.217     -51.513          -0.425       0.101             114               0
   72         416.832     913.862           0.000       0.000              72              -0
   94         818.827    -422.634          -3.108      -1.541              94               0
   51         923.724    -176.978           0.000       0.000              51               0
  108         300.167    -191.224           1.710       5.628             108              -0
   54       -2399.207     437.603           0.000       0.000              54              -0
   89        1363.655   -1110.613          -2.432       1.025              89               0
  239        1386.821    -227.158           0.000       0.000             239               0
   78        -298.789    -988.796          -0.411       0.077              78               0
   43        -297.534     613.737           0.000       0.000              43              -0
   83         138.437    1506.407          -2.908      -1.624              83               0
  123       -1337.241   -1208.192           0.000       0.000             123               0
   56       -1259.123    2105.600           1.375       5.482              56              -0
  144       -2219.386     926.955           0.000       0.000             144              -0
  124       -2077.820    1717.595          -2.651       0.147             124               0
   73        -353.883     -65.180           0.000       0.000              73               0
  206        -381.791     683.302          -0.399       0.055             206               0
   72         217.863    -329.257           0.000       0.000              72              -0
   84        -292.237      20.652          -2.723      -1.701              84               0
   98         455.176     474.952           0.000       0.000              98               0
  205        -189.307   -2204.560           1.066       5.347             205              -0
   34        -793.860     -40.030           0.000       0.000              34              -0
  166         232.090    1684.585          -2.185       1.050             166               0
  113         406.155     186.560           0.000       0.000             113               0
  192       -1153.992    -833.739          -0.388       0.034             192               0
  148          38.584    -420.751           0.000       0.000             148              -0
  135          57.380     115.913          -2.550      -1.772             135               0
  174          51.701     725.071           0.000       0.000             174               0
  107         859.797     495.264           0.777       5.221             107              -0
    7        1794.086    1265.603           0.000       0.000               7              -0
  177        1641.792   -1104.261          -2.482      -0.107             177               0
   37         -43.478     132.284           0.000       0.000              37               0
   77       -1108.926     783.102          -0.377       0.014              77               0
  179         338.809    -312.396           0.000       0.000             179              -0
  143        1003.922   -1222.626          -2.387      -1.840             143               0
  101         790.691    -571.284           0.000       0.000             101               0
  208       -1321.654    1171.623           0.505       5.103             208              -0
  177         897.348    2856.691           0.000       0.000             177              -0
  188        -941.950   -1267.036          -2.262       0.464             188               0
  125        -978.517    -155.322           0.000       0.000             125               0
  224         539.666    1093.476          -0.368      -0.004             224               0
   59        1504.772     467.802           0.000       0.000              59              -0
  204       -2346.794     950.733          -2.234      -1.903             204               0
   20        -110.646   -2196.337           0.000       0.000              20               0
  192         770.918      82.472           0.247       4.991             192              -0
  171         383.179     350.349           0.000       0.000             171              -0
   85         244.145    -778.329          -2.332      -0.331              85               0
   79         827.814    -516.550           0.000       0.000              79               0
   65       -1180.820      77.373          -0.358      -0.022              65               0
   79        1275.088    -125.622           0.000       0.000              79              -0
   66         459.680    -553.871          -2.088      -1.964              66               0
  112       -1254.214   -3898.154           0.000       0.000             112               0
  238       -2190.615    -816.152           0.002       4.884             238              -0
  211        -927.973      41.642           0.000       0.000             211              -0
  118        -118.418     578.052          -2.058       0.694             118               0
   26        2193.287    1769.801           0.000       0.000              26               0
   23        1487.983    -255.156          -0.349      -0.038              23              -0
  163         932.299     434.180           0.000       0.000             163              -0
  114        -214.544     -10.737          -1.948      -2.021             114               0
  222         355.481    -420.220           0.000       0.000             222               0
  133        2341.435    1120.524          -0.233       4.782             133              -0
  129        1121.966     586.372           0.000       0.000             129              -0
  134       -1360.782     -45.966          -2.196      -0.536             134               0
  236        -869.173    -246.282           0.000       0.000             236               0
   18       -1230.029     -80.771          -0.340      -0.054              18              -0
  202        1016.682    1357.877           0.000       0.000             202              -0
  175         215.603   -2748.461          -1.814      -2.077             175               0
   80        1415.658   -2882.269           0.000       0.000              80               0
  187         235.584     761.807          -0.459       4.683             187              -0
   39        -449.710   -2104.842           0.000       0.000              39              -0
   87        -427.133     279.298          -2.125       0.013              87               0
  226       -1589.999     212.854           0.000       0.000             226               0
  171        1048.453    1424.460          -0.332      -0.070             171              -0
  176        -706.196    2721.381           0.000       0.000             176              -0
   21        -684.084    -562.415          -1.684      -2.131              21               0
  206         -37.145       9.688           0.000       0.000             206               0
  122         -87.031    -147.749          -0.679       4.588             122              -0
  186       -1930.166    2884.351           0.000       0.000             186              -0
  158         318.041   -2869.920          -2.069      -0.726             158               0
  134        -341.696    1254.072           0.000       0.000             134               0
  108         994.140    -121.436          -0.324      -0.085             108              -0
  135         533.760   -1468.681           0.000       0.000             135              -0
  201         -78.699   -1403.060          -1.558      -2.183             201               0
   82         607.986   -2242.405           0.000       0.000              82               0
   34        1597.830   -1387.036          -0.892       4.495              34              -0
    4        1692.843      82.239           0.000       0.000               4              -0
  173         304.777    -442.138          -2.046       0.113             173               0
   58          48.303   -2280.747           0.000       0.000              58               0
  190        1484.309      28.136          -0.316      -0.100             190              -0
   97       -1575.493    -219.291           0.000       0.000              97              -0
  238       -1260.410    1330.309          -1.434      -2.234             238               0
   37         916.340    -516.246           0.000       0.000              37               0
  211         446.338     589.138          -1.101       4.404             211              -0
   31         288.185    1350.495           0.000       0.000              31              -0
  134       -1919.748     532.465          -1.948      -0.907             134               0
  157        3138.971    -669.656           0.000       0.000             157               0
  141         493.455     431.607          -0.308      -0.114             141              -0
  147        2282.158    2685.145           0.000       0.000             147              -0
   59         573.464    1025.063          -1.313      -2.285              59               0
  218       -1851.695    -284.288           0.000       0.000             218               0
   55         585.925   -1207.710          -1.307       4.314              55              -0
    3        -278.240     755.855           0.000       0.000               3              -0
   78         985.938    -663.561          -2.004      -0.386              78               0
  191        1216.322    1867.512           0.000       0.000             191               0
  166         669.236     921.914          -0.300      -0.128             166              -0
   11         373.759     -55.359           0.000       0.000              11              -0
  132       -1579.333   -1322.345          -1.193      -2.334             132               0
   50        -840.040   -4369.153           0.000       0.000              50               0
  201       -1789.027     639.459          -1.510       4.226             201              -0
  253         136.531    -398.208           0.000       0.000             253              -0
  247        -304.907    1238.684          -1.831      -1.082             247               0
  177         870.392    1549.173           0.000       0.000             177               0
   86       -2839.079   -2164.848          -0.293      -0.142              86              -0
  243       -1903.001     -79.285           0.000       0.000             243              -0
  206        1623.707    1493.558          -1.074      -2.384             206               0
   53        -590.304     145.628           0.000       0.000              53               0
   70       -2259.243    -191.685          -1.712       4.138              70              -0
  132       -3081.513    1042.329           0.000       0.000             132              -0
  218        -458.016    -659.444           0.000       0.000             218               0
  242          77.000      -0.000           0.000       0.000             242               0
   38        -458.517     659.121          -0.285      -0.156              38              -0
   80       -3081.252   -1043.491           0.000       0.000              80              -0
  135       -2258.915     190.898          -0.956      -2.433             135               0
   94        -589.725    -145.970           0.000       0.000              94               0
   33        1624.282   -1492.957          -1.914       4.050              33              -0
  119       -1903.180      78.934           0.000       0.000             119              -0
   74       -2839.391    2163.772          -1.715      -1.255              74               0
  105         871.391   -1549.138           0.000       0.000             105               0
  136        -304.301   -1238.594          -0.278      -0.170             136              -0
   39         136.463     398.529           0.000       0.000              39              -0
  204       -1788.674    -639.591          -0.837      -2.482             204               0
   81        -841.161    4368.987           0.000       0.000              81               0
   45       -1579.238    1321.255          -2.116       3.962              45              -0
  132         374.385      54.910           0.000       0.000             132              -0
  226         670.037    -922.128          -1.888      -0.768             226               0
  202        1217.260   -1867.164           0.000       0.000             202               0
  114         985.799     663.911          -0.270      -0.185             114              -0
   47        -277.898    -755.970           0.000       0.000              47              -0
   11         585.585    1207.815          -0.717      -2.531              11               0
  105       -1851.497     283.272           0.000       0.000             105               0
  230         574.422   -1025.288          -2.319       3.873             230              -0
   39        2283.349   -2684.393           0.000       0.000              39              -0
  158         493.738    -431.148          -1.598      -1.430             158               0
   62        3138.526     670.768           0.000       0.000              62               0
  215       -1919.831    -533.211          -0.262      -0.199             215              -0
  240         288.773   -1350.320           0.000       0.000             240              -0
  119         446.587    -588.718          -0.596      -2.581             119               0
  177         916.019     516.697           0.000       0.000             177               0
   84       -1260.088   -1330.520          -2.526       3.783              84              -0
   96       -1575.225     219.148           0.000       0.000              96              -0
   64        1484.661     -27.206          -1.929      -0.677              64               0
   10          47.691    2280.991           0.000       0.000              10               0
  109         304.916     442.214          -0.254      -0.213             109              -0
   47        1693.058     -81.494           0.000       0.000              47              -0
  126        1597.261    1387.821          -0.473      -2.632             126               0
   38         607.002    2242.586           0.000       0.000              38               0
    2         -79.302    1402.780          -2.736       3.692               2              -0
  207         533.202    1468.443           0.000       0.000             207              -0
   13         993.869     121.269          -1.478      -1.610              13               0
  146        -341.549   -1254.334           0.000       0.000             146               0
   78         316.776    2869.612          -0.246      -0.228              78              -0
  212       -1929.334   -2885.443           0.000       0.000             212              -0
   67         -86.988     147.704          -0.348      -2.684              67               0
   55         -37.170      -9.853           0.000       0.000              55               0
  141        -684.285     561.802          -2.951       3.598             141              -0
  186        -705.135   -2721.838           0.000       0.000             186              -0
  146        1048.913   -1423.846          -1.767      -1.165             146               0
  104       -1589.957    -213.045           0.000       0.000             104               0
  138        -426.822    -279.031          -0.238      -0.243             138              -0
  122        -450.138    2104.878           0.000       0.000             122              -0
  132         236.173    -761.538          -0.219      -2.738             132               0
  130        1414.826    2882.919           0.000       0.000             130               0
  243         214.666    2748.021          -3.172       3.502             243              -0
   25        1016.981   -1358.043           0.000       0.000              25              -0
  204       -1230.200      80.189          -1.351      -1.799             204               0
   67        -869.134     245.770           0.000       0.000              67               0
  106       -1360.368      45.229          -0.230      -0.259             106              -0
  149        1122.702    -586.248           0.000       0.000             149              -0
    8        2341.924   -1119.775          -0.086      -2.793               8               0
  108         355.216     420.350           0.000       0.000             108               0
  195        -214.473      10.541          -3.400       3.403             195              -0
  158         932.605    -433.954           0.000       0.000             158              -0
  222        1487.909     255.502          -1.936      -0.960             222               0
  197        2193.514   -1769.082           0.000       0.000             197               0
   56        -118.800    -577.799          -0.221      -0.275              56              -0
  219        -928.396     -41.569           0.000       0.000             219              -0
   15       -2190.988     815.880           0.052      -2.850              15               0
   39       -1255.225    3897.699           0.000       0.000              39               0
   40         459.817     553.557          -3.637       3.299              40              -0
  211        1275.041     125.731           0.000       0.000             211              -0
  144       -1180.769     -77.952          -1.216      -2.001             144               0
   91         827.784     516.684           0.000       0.000              91               0
  104         243.893     778.141          -0.212      -0.292             104              -0
  186         383.294    -350.475           0.000       0.000             186              -0
  183         770.808     -82.273           0.197      -2.910             183               0
  156        -111.659    2195.952           0.000       0.000             156               0
  172       -2346.360    -952.042          -3.885       3.191             172              -0
  241        1505.157    -467.609           0.000       0.000             241              -0
   28         539.865   -1093.443          -1.632      -1.612              28               0
  226        -978.680     154.940           0.000       0.000             226               0
  145        -942.203    1266.292          -0.202      -0.310             145              -0
  164         898.398   -2856.704           0.000       0.000             164              -0
  144       -1321.119   -1171.838           0.348      -2.973             144               0
  103         790.785     571.769           0.000       0.000             103               0
  216        1003.555    1222.888          -4.146       3.078             216              -0
  144         338.590     312.218           0.000       0.000             144              -0
  122       -1108.596    -783.664          -1.068      -2.223             122               0
  221         -43.083    -132.333           0.000       0.000             221               0
  114        1641.666    1104.558          -0.192      -0.329             114              -0
  158        1794.414   -1265.292           0.000       0.000             158              -0
  112         859.663    -495.063           0.508      -3.039             112               0
  237          51.659    -725.059           0.000       0.000             237               0
  109          57.194    -115.822          -4.422       2.957             109              -0
  184          38.189     420.778           0.000       0.000             184              -0
  209       -1154.367     833.172          -1.791      -1.604             209               0
   69         406.211    -186.742           0.000       0.000              69               0
  221         232.479   -1684.552          -0.181      -0.348             221              -0
  197        -793.993      39.999           0.000       0.000             197              -0
  231        -190.038    2204.369           0.678      -3.109             231               0
  170         455.245    -475.152           0.000       0.000             170               0
  127        -292.379     -20.957          -4.716       2.829             127              -0
   33         217.566     329.033           0.000       0.000              33              -0
  106        -381.827    -683.730          -0.902      -2.472             106               0
  112        -354.250      64.723           0.000       0.000             112               0
  150       -2077.498   -1718.564          -0.170      -0.370             150              -0
  164       -2218.983    -927.798           0.000       0.000             164              -0
   76       -1258.141   -2105.853           0.860      -3.185              76               0
   94       -1337.243    1207.848           0.000       0.000              94               0
  168         139.337   -1506.379          -5.032       2.692             168              -0
  115        -297.030    -613.557           0.000       0.000             115              -0
  185        -298.722     988.874          -1.465      -2.163             185               0
    2        1387.020     227.654           0.000       0.000               2               0
   69        1363.111    1110.960          -0.158      -0.392              69              -0
   69       -2399.035    -438.565           0.000       0.000              69              -0
  168         300.492     191.259           1.057      -3.266             168               0
  192         923.857     177.182           0.000       0.000             192               0
  231         818.669     422.704          -5.373       2.544             231              -0
  198         416.944    -913.851           0.000       0.000             198              -0
  141       -1220.348      51.134          -0.709      -2.760             141               0
  186       -1067.515     735.448           0.000       0.000             186               0
  187        -182.057     732.603          -0.144      -0.417             187              -0
   63        -657.563    -488.214           0.000       0.000              63              -0
   53         -55.580     828.265           1.270      -3.355              53               0
  152        2179.165   -1754.462           0.000       0.000             152               0
    7         869.422    -319.007          -5.744       2.382               7              -0
  246        -198.703   -2451.661           0.000       0.000             246              -0
   36        -516.291     785.621          -1.926      -2.048              36               0
  208       -1065.948    -171.416           0.000       0.000             208               0
  178        -652.800   -1438.426          -0.129      -0.444             178              -0
    5        -713.481   -1111.460           0.000       0.000               5              -0
  198       -1354.971     458.175           1.505      -3.452             198               0
   53        1374.657    1070.087           0.000       0.000              53               0
  205        -477.156     590.003          -6.152       2.204             205              -0
  102         293.676    -966.151           0.000       0.000             102              -0
   80         864.438    -815.165          -0.480      -3.104              80               0
   41        -197.283   -2060.607           0.000       0.000              41               0
   33         688.780     850.095          -0.113      -0.474              33              -0
  144        1244.417    -558.681           0.000       0.000             144              -0
   86        1028.657     668.352           1.764      -3.559              86               0
  232       -1048.431    -292.527           0.000       0.000             232               0
    9        -201.357    1864.012          -6.606       2.007               9              -0
  159       -1045.657    -698.220           0.000       0.000             159              -0
  139        2114.698     265.120          -1.233      -2.926             139               0
  118        -783.700   -1174.224           0.000       0.000             118               0
   67         782.078    1576.202          -0.095      -0.508              67              -0
  216        1516.181    -195.383           0.000       0.000             216              -0
   12         346.215     138.351           2.055      -3.680              12               0
   83        2222.211   -1372.072           0.000       0.000              83               0
  230         -46.544   -1940.126          -7.114       1.785             230              -0
  193         532.631   -1734.772           0.000       0.000             193              -0
   84          90.107    -857.265          -0.195      -3.530              84               0
  201       -1609.393     543.696           0.000       0.000             201               0
  112       -1912.871    -830.437          -0.075      -0.545             112              -0
  192         353.251   -1649.028           0.000       0.000             192              -0
  192        -854.536    -841.252           2.384      -3.816             192               0
  118        1897.958   -1677.695           0.000       0.000             118               0
  100       -1187.037    -441.865          -7.693       1.533             100              -0
  153        2421.246    -405.706           0.000       0.000             153              -0
   27        -260.233     382.798          -1.551      -3.227              27               0
  199        1823.898     199.594           0.000       0.000             199               0
   45        -688.919    1287.694          -0.051      -0.589              45              -0
  118        -135.043    1470.583           0.000       0.000             118              -0
   33       -1637.853      98.421           2.761      -3.972              33               0
  174         617.646   -1534.301           0.000       0.000             174               0
   55        1210.375    -819.672          -8.359       1.243              55              -0
  235        -491.870     112.142           0.000       0.000             235              -0
   63          93.621    -837.549           0.176      -4.084              63               0
  221        1366.283    -628.339           0.000       0.000             221               0
  150        1104.245    2410.620          -0.024      -0.639             150              -0
  249           2.657    -384.527           0.000       0.000             249              -0
   65         804.246    -312.661           3.201      -4.154              65               0
   57         116.303    -258.706           0.000       0.000              57               0
  154         502.739   -1304.763          -9.138       0.904             154              -0
   70        -181.262     455.439           0.000       0.000              70              -0
  231        1162.709   -1518.559          -0.856      -4.169             231               0
   55       -1522.540     213.520           0.000       0.000              55               0
  146         663.787     562.785           0.008      -0.698             146              -0
  207         816.607    -483.044           0.000       0.000             207              -0
  244          -5.977     -37.341           3.724      -4.371             244               0
   10         644.193     -98.986           0.000       0.000              10               0
  231        -338.204    -527.388         -10.069       0.499             231              -0
  153        -192.897    1264.232           0.000       0.000             153              -0
  178         134.988     574.965           0.690      -4.854             178               0
   14         854.231   -2794.300           0.000       0.000              14               0
   26         392.441   -1054.879           0.046      -0.769              26              -0
  111        -446.615   -2397.821           0.000       0.000             111              -0
  132       -1616.383     456.007           4.357      -4.633             132               0
  148         931.476     532.760           0.000       0.000             148               0
  165       -1236.594    -997.279         -11.203       0.004             165              -0
  144        -156.553    1037.028           0.000       0.000             144              -0
  133       -1623.111    1065.345          -1.647      -4.885             133               0
  162         268.883     -67.435           0.000       0.000             162               0
  141        -704.995     416.822           0.094      -0.857             141              -0
  250         149.181     941.994           0.000       0.000             250              -0
   37        -290.680    1118.694           5.146      -4.960              37               0
  199        1245.192      -0.509           0.000       0.000             199               0
  229         693.045   -1860.769         -12.626      -0.615             229               0
  245        -353.806     139.683           0.000       0.000             245              -0
  244        -723.722     819.876           1.469      -6.020             244               0
  255        1124.340   -2129.527           0.000       0.000             255               0
  142         298.922     739.213           0.155      -0.970             142              -0
   87         818.987   -1363.409           0.000       0.000              87              -0
  254        -158.171    -552.248           6.160      -5.380             254               0
  217         261.650    1326.702           0.000       0.000             217               0
  113          33.366    1310.496         -14.474      -1.420             113               0
   50        -384.433     381.032           0.000       0.000              50              -0
    4        -254.506   -1827.799          -0.042      -6.852               4               0
   94        1104.469     216.296           0.000       0.000              94               0
  194          86.345     205.334           0.235      -1.119             194              -0
  130         235.367    -364.540           0.000       0.000             130              -0
   88        1869.881     129.982           7.520      -5.943              88               0
   47         644.781    2730.802           0.000       0.000              47               0
   89        -593.863   -1138.520         -16.983      -2.512              89               0
  207         498.901     183.139           0.000       0.000             207              -0
   20         813.532   -1555.945           2.824      -8.048              20               0
   98        1860.625    -330.510           0.000       0.000              98               0
  181        -478.586     929.517           0.348      -1.327             181              -0
   29         798.071   -1095.758           0.000       0.000              29              -0
  209        -824.927    -631.256           9.451      -6.743             209               0
   63          84.213     763.208           0.000       0.000              63               0
  168         563.404    -179.918         -20.607      -4.091             168               0
   12          87.711     159.446           0.000       0.000              12              -0
   17        -541.619    1131.956          -0.551      -9.966              17               0
  173        -762.359     641.930           0.000       0.000             173               0
   72         150.119     319.219           0.517      -1.640              72              -0
  117       -1193.471   -1399.580           0.000       0.000             117              -0
  125        2001.082    -747.336          12.424      -7.975             125               0
   58       -2145.811    -627.536           0.000       0.000              58               0
  141         217.466     507.801         -26.337      -6.586             141               0
   64        1678.248    -618.265           0.000       0.000              64              -0
  209         568.490    -184.822           5.864     -12.598             209               0
   56       -1086.456    -532.772           0.000       0.000              56               0
   58       -1972.685     640.982           0.803      -2.168              58              -0
  170       -1525.419    1051.959           0.000       0.000             170              -0
  188        -899.963     925.662          17.632     -10.132             188               0
   51        1500.047   -3459.672           0.000       0.000              51               0
   73        -397.956   -1060.477         -36.837     -11.159              73               0
  200        -972.645    -261.126           0.000       0.000             200              -0
   18        -931.550    2231.584           3.685     -19.139              18               0
  168        -608.256    -346.675           0.000       0.000             168               0
  118         679.262    1352.644           1.390      -3.254             118              -0
   63       -2049.614     406.558           0.000       0.000              63              -0
  204        -651.833     657.552          29.202     -14.924             204               0
  111         473.933   -1651.719           0.000       0.000             111               0
  232       -1265.618   -1305.079         -62.511     -22.340             232               0
   82         323.539    -451.498           0.000       0.000              82              -0
  210        1100.493      59.585          19.573     -33.115             210               0
   41        1288.831    -591.487           0.000       0.000              41               0
  140        -755.844    -873.236           3.312      -6.810             140              -0
   62         407.132    1022.069           0.000       0.000              62              -0
  194       -1389.320    2466.962          77.666     -34.999             194               0
   23       -1463.189    -643.630           0.000       0.000              23               0
   17         436.194     643.771        -224.755     -92.995              17               0
  125       -1113.198    -772.408           0.000       0.000             125              -0
  201        -903.159   -1569.457           0.000       0.000             201               0
