SINAL     NFT                         FFT                         NFT INVERSA     FFT INVERSA
-----     -----------------------     -----------------------     -----------     -----------
  130       64840.000       0.000           0.000       0.000             130               1
  194        -223.708    -719.797         -25.491      46.464             194               0
  110       -1109.875     133.621           0.000       0.000             110              -0
   72         268.163     488.432        -132.137      51.904              72               0
  192         184.345    1229.467           0.000       0.000             192               0
  183        -306.347    -583.052         131.966      62.353             183              -0
   60         737.582    1922.558           0.000       0.000              60              -0
  215        1257.896    -316.215         -29.212      39.897             215               0
  238         -75.025    1000.200           0.000       0.000             238               0
    3        -869.790     418.150          -3.084       5.020               3               0
  146       -1228.472   -1509.855           0.000       0.000             146              -0
   39        -735.861    1667.225         -36.714      12.379              39               0
  220         530.282    -429.561           0.000       0.000             220               0
   74        -315.003    -557.671          49.563      26.467              74              -0
    8         632.288      35.010           0.000       0.000               8              -0
   28         495.441    -306.716          -8.324      20.451              28               0
  150       -2103.198   -1175.380           0.000       0.000             150               0
   83        1355.383    1071.966          -1.763       2.578              83               0
  211       -1744.124     422.396           0.000       0.000             211              -0
  178         404.561    -688.901         -21.614       6.124             178               0
   75       -1612.593      62.611           0.000       0.000              75               0
  243        1321.441    1187.841          29.892      17.901             243              -0
   93        -763.563      39.126           0.000       0.000              93              -0
   65        -812.905   -2107.454         -10.068      11.246              65               0
   68        -923.654   -1760.156           0.000       0.000              68               0
  182        -244.696   -1818.577          -1.286       1.695             182               0
   31         533.483   -1370.580           0.000       0.000              31              -0
   25         763.675   -1578.059         -15.439       3.567              25               0
  194         121.240     821.406           0.000       0.000             194               0
  165         264.198    -396.627          21.037      14.045             165              -0
  168        -202.730   -1226.206           0.000       0.000             168              -0
  182        1274.510   -3318.084          -3.515      10.018             182               0
   46        1239.330    1561.127           0.000       0.000              46               0
   22          91.475   -1304.701          -1.039       1.239              22               0
    4       -1925.465   -1636.055           0.000       0.000               4              -0
  141         676.026    -803.981         -12.068       2.170             141               0
  171        1606.405      55.456           0.000       0.000             171               0
   72       -1034.899    1025.761          15.981      11.843              72              -0
  118        1840.154    1634.665           0.000       0.000             118              -0
  232         507.318   -1761.079          -6.600       6.056             232               0
   85        -446.131    -161.933           0.000       0.000              85               0
  159       -1864.188    1765.830          -0.888       0.958             159               0
   32          94.524    -391.837           0.000       0.000              32              -0
  205       -2118.318   -1040.088          -9.937       1.288             205               0
    6         899.790     155.769           0.000       0.000               6               0
  123       -1304.986    -344.977          12.699      10.413             123              -0
  111        -520.819    -697.664           0.000       0.000             111              -0
  209        -102.922     404.167          -3.928       5.957             209               0
  104        -307.707     624.648           0.000       0.000             104               0
   15        1500.145     913.615          -0.785       0.768              15               0
  172         504.004    1672.935           0.000       0.000             172              -0
  228         611.473   -1013.296          -8.461       0.676             228               0
  207        1778.717     111.307           0.000       0.000             207               0
   70        2235.715   -1387.065          10.387       9.406              70              -0
  129        2076.718    -943.710           0.000       0.000             129              -0
   76         602.457    1597.469          -5.127       3.851              76               0
   40         653.259     794.028           0.000       0.000              40               0
   91         642.518    2223.728          -0.710       0.630              91               0
  204        1002.117   -1637.748           0.000       0.000             204              -0
   29       -2400.160     746.467          -7.375       0.226              29               0
   35        -410.024   -1431.383           0.000       0.000              35               0
   74         980.797    1381.419           8.662       8.656              74              -0
  175       -1029.194     503.576           0.000       0.000             175              -0
  228       -1142.111     176.808          -2.358       4.757             228               0
   75        -103.190     482.903           0.000       0.000              75               0
   31       -1532.764    -336.316          -0.653       0.524              31               0
   55          10.997    1480.359           0.000       0.000              55              -0
  240         263.668    2203.709          -6.538      -0.120             240               0
  242        -638.752     -25.540           0.000       0.000             242               0
  224        -271.519   -2647.366           7.321       8.072             224              -0
  123         741.845    -670.557           0.000       0.000             123              -0
  125         409.552    -970.114          -4.299       2.613             125               0
  226         402.143    1114.799           0.000       0.000             226               0
   83        -208.850     694.183          -0.608       0.441              83               0
   96        -825.003     736.039           0.000       0.000              96              -0
  228         164.395   -1952.766          -5.870      -0.397             228               0
   92        1390.639    -186.967           0.000       0.000              92               0
   95       -2499.276    1248.588           6.244       7.603              95              -0
  126        -578.234    -280.398           0.000       0.000             126              -0
  142        1550.698     968.092          -3.061       3.098             142               0
  186         -77.486    -880.136           0.000       0.000             186               0
  240       -1073.947     192.437          -0.571       0.373             240               0
   46        2472.541    1347.625           0.000       0.000              46              -0
  253         701.134    -702.194          -5.323      -0.623             253               0
  202         795.594   -1825.473           0.000       0.000             202               0
   63       -1189.021    1409.604           5.356       7.216              63              -0
   69         780.282       8.173           0.000       0.000              69              -0
   27        1088.044     945.155          -3.761       1.807              27               0
  173         570.224     -28.186           0.000       0.000             173               0
  223        -850.464     -91.245          -0.541       0.316             223               0
   60        1139.393    -566.888           0.000       0.000              60              -0
  199        1319.597   -2854.434          -4.865      -0.813             199               0
  127         431.336   -1789.549           0.000       0.000             127               0
  204         691.240   -1312.091           4.607       6.890             204              -0
   13       -1137.647    1198.977           0.000       0.000              13              -0
  138        -347.402     409.649          -2.432       2.717             138               0
  118       -1575.214    3065.557           0.000       0.000             118               0
  160         643.765     718.870          -0.514       0.268             160               0
  208        -811.549    -305.413           0.000       0.000             208              -0
   91          -9.561    -900.304          -4.473      -0.976              91               0
   64         -57.936    -528.266           0.000       0.000              64               0
   62         459.082   -2328.292           3.965       6.610              62              -0
  161         322.567   -1218.115           0.000       0.000             161              -0
    6        -944.902     898.776          -3.376       1.232               6               0
   21         348.689     525.045           0.000       0.000              21               0
  221         283.636       0.151          -0.492       0.226             221               0
  162         381.802    -871.669           0.000       0.000             162              -0
  213         459.307     797.479          -4.133      -1.116             213               0
   52        -450.877   -1189.706           0.000       0.000              52               0
  111         372.559     530.281           3.406       6.367             111              -0
  144       -1182.855    1240.833           0.000       0.000             144              -0
  159         120.858    1008.764          -2.669       1.807             159               0
   84        -966.644   -1846.302           0.000       0.000              84               0
  176       -1290.908    1788.182          -0.472       0.190             176               0
   66        1274.075      96.312           0.000       0.000              66              -0
   44        -815.678    3678.130          -3.834      -1.240              44               0
  248        1833.247    -534.807           0.000       0.000             248               0
  228        -288.251    -821.786           2.912       6.152             228              -0
  135       -2944.237     828.647           0.000       0.000             135              -0
   85         777.258    1058.956          -3.083       0.792              85               0
  246         624.533     958.520           0.000       0.000             246               0
   81         609.608     616.266          -0.455       0.157              81               0
   47        1486.865    -331.569           0.000       0.000              47              -0
  235         971.543    -176.875          -3.567      -1.351             235               0
  239       -1348.113    -869.311           0.000       0.000             239               0
  140        -193.834     119.260           2.471       5.959             140              -0
   48       -3521.085    -149.217           0.000       0.000              48              -0
   13         838.885     175.677          -2.074       1.950              13               0
  237         478.025     347.914           0.000       0.000             237               0
   39         397.663   -2239.908          -0.439       0.128              39               0
  149         756.509      68.129           0.000       0.000             149              -0
   98         134.258    -529.015          -3.327      -1.450              98               0
   64        2122.377   -1813.009           0.000       0.000              64               0
  244        -390.730   -1717.567           2.073       5.786             244              -0
    9        -565.300   -2686.187           0.000       0.000               9              -0
  214        1155.133     812.872          -2.848       0.440             214               0
  246        1631.588   -2091.596           0.000       0.000             246               0
  255       -1267.823    -150.035          -0.425       0.101             255               0
  120        -521.889    -180.101           0.000       0.000             120              -0
   14         528.167    1174.790          -3.108      -1.541              14               0
   98        1348.922    1287.016           0.000       0.000              98               0
  150         828.919    -858.640           1.710       5.628             150              -0
  227        1340.896     290.531           0.000       0.000             227              -0
  220          23.817   -1458.270          -2.432       1.025             220               0
  242        1738.030    -157.880           0.000       0.000             242               0
   69        1094.135     546.985          -0.411       0.077              69               0
  117        1360.656   -1727.081           0.000       0.000             117              -0
  170        -880.531    -341.976          -2.908      -1.624             170               0
  177       -1715.325     697.573           0.000       0.000             177               0
  101         448.077     145.208           1.375       5.482             101              -0
    5         313.000   -2373.772           0.000       0.000               5              -0
  202         223.861    -147.535          -2.651       0.147             202               0
   20        -487.169    -444.632           0.000       0.000              20               0
  134        -979.261     308.531          -0.399       0.055             134               0
   86        -939.789    -744.084           0.000       0.000              86              -0
  123       -2255.727    -468.196          -2.723      -1.701             123               0
  134         522.746     246.283           0.000       0.000             134               0
   43        -799.047    -403.428           1.066       5.347              43              -0
  221         685.258    1563.739           0.000       0.000             221              -0
  253        -300.664   -1032.368          -2.185       1.050             253               0
   46       -1290.845     593.248           0.000       0.000              46               0
  240         699.726     301.809          -0.388       0.034             240               0
  181        -411.929    -415.868           0.000       0.000             181              -0
  102          90.112   -1309.738          -2.550      -1.772             102               0
  110         602.665   -1164.193           0.000       0.000             110               0
   48         -49.576    1893.554           0.777       5.221              48              -0
   44         224.424   -2129.778           0.000       0.000              44              -0
  164        1153.061    -315.255          -2.482      -0.107             164               0
  222         432.509     347.891           0.000       0.000             222               0
   77       -1020.278    -181.052          -0.377       0.014              77               0
  209         -22.114     232.506           0.000       0.000             209              -0
  149         302.629     543.779          -2.387      -1.840             149               0
  221         309.257   -1770.943           0.000       0.000             221               0
  192       -2198.959   -1771.528           0.505       5.103             192              -0
  183       -1084.020    -652.142           0.000       0.000             183              -0
  197       -1115.221   -1946.050          -2.262       0.464             197               0
  216        -880.020    -341.688           0.000       0.000             216               0
  111        1658.704     131.372          -0.368      -0.004             111               0
   45        1052.893   -1831.160           0.000       0.000              45              -0
   31       -1196.774    1486.935          -2.234      -1.903              31               0
  173         514.157   -1730.273           0.000       0.000             173               0
   38        1054.037     661.499           0.247       4.991              38              -0
  158       -1500.147     980.973           0.000       0.000             158              -0
   17         -40.752     813.120          -2.332      -0.331              17               0
  166        2073.469    1385.061           0.000       0.000             166               0
  224        1902.452    1554.730          -0.358      -0.022             224               0
  170        -550.337    1422.307           0.000       0.000             170              -0
   52        -319.295    1212.576          -2.088      -1.964              52               0
  194       -1451.440    1598.507           0.000       0.000             194               0
   84       -2145.295    1050.588           0.002       4.884              84              -0
  116       -1438.219     558.000           0.000       0.000             116              -0
   18         462.420   -1498.663          -2.058       0.694              18               0
   35        -470.674    -579.091           0.000       0.000              35               0
  105        2057.970     530.358          -0.349      -0.038             105              -0
  153       -1760.262     380.053           0.000       0.000             153              -0
   11        -355.153    1263.458          -1.948      -2.021              11               0
   33        1133.650    1851.163           0.000       0.000              33               0
  212        -345.506    -663.966          -0.233       4.782             212              -0
   33         702.627   -1339.661           0.000       0.000              33              -0
  140        -288.226     418.296          -2.196      -0.536             140               0
  125        3897.349     319.813           0.000       0.000             125               0
   32         475.629    1413.539          -0.340      -0.054              32              -0
  158       -1807.096    1722.006           0.000       0.000             158              -0
   64        -569.866    -211.004          -1.814      -2.077              64               0
  204        2069.616    -737.583           0.000       0.000             204               0
   65        -677.111   -1295.732          -0.459       4.683              65              -0
  120        -386.028   -1956.480           0.000       0.000             120              -0
  186         413.755      82.215          -2.125       0.013             186               0
   55        1148.055    1410.512           0.000       0.000              55               0
  105       -1236.620   -1298.050          -0.332      -0.070             105              -0
   91         691.438    1327.273           0.000       0.000              91              -0
  203        -137.956     106.492          -1.684      -2.131             203               0
  160       -1429.922    1384.438           0.000       0.000             160               0
  166        1726.071    -113.373          -0.679       4.588             166              -0
  129        1140.295     555.459           0.000       0.000             129              -0
  131        -715.072     672.987          -2.069      -0.726             131               0
  251        2159.271    -632.575           0.000       0.000             251               0
  219         389.712   -1388.573          -0.324      -0.085             219              -0
   46        -841.714    1586.299           0.000       0.000              46              -0
  140        -850.676    1052.440          -1.558      -2.183             140               0
  250        2040.700    1759.327           0.000       0.000             250               0
  133        -668.560    -823.125          -0.892       4.495             133              -0
  141       -2574.163   -1652.741           0.000       0.000             141              -0
  217         926.245     461.915          -2.046       0.113             217               0
   17        -917.605      36.611           0.000       0.000              17               0
   98         271.868      80.281          -0.316      -0.100              98              -0
  207         533.357    -523.856           0.000       0.000             207              -0
   10         169.921     271.515          -1.434      -2.234              10               0
   62       -1538.574   -1285.818           0.000       0.000              62               0
   76        -320.124   -2913.689          -1.101       4.404              76              -0
  204         696.171     588.983           0.000       0.000             204              -0
  120          97.384     451.844          -1.948      -0.907             120               0
  197       -1920.464    -728.041           0.000       0.000             197               0
  224       -3146.000    -204.056          -0.308      -0.114             224              -0
  218         921.983     816.891           0.000       0.000             218              -0
   18        -235.120    1488.821          -1.313      -2.285              18               0
   83         587.278    1163.493           0.000       0.000              83               0
   62       -2236.138     260.174          -1.307       4.314              62              -0
  209        1182.460     237.999           0.000       0.000             209              -0
  240        -587.391     844.432          -2.004      -0.386             240               0
   54       -1030.793   -1064.070           0.000       0.000              54               0
  185         440.127     -27.992          -0.300      -0.128             185              -0
  104       -1130.395     762.019           0.000       0.000             104              -0
  215        -999.221     353.321          -1.193      -2.334             215               0
  132       -1380.773     576.619           0.000       0.000             132               0
  131        1099.982     263.435          -1.510       4.226             131              -0
   96       -1844.188    1014.073           0.000       0.000              96              -0
   79        1918.310    2030.514          -1.831      -1.082              79               0
  160        -717.111    -394.419           0.000       0.000             160               0
  231         -94.091   -1698.907          -0.293      -0.142             231              -0
   77         273.558    -208.270           0.000       0.000              77              -0
  119        1413.180    -457.165          -1.074      -2.384             119               0
   21        -885.011      66.993           0.000       0.000              21               0
  202        1867.288    -486.705          -1.712       4.138             202              -0
   79         291.374   -1478.602           0.000       0.000              79              -0
   91         -13.468     -38.480           0.000       0.000              91               0
  138        -840.000      -0.077           0.000       0.000             138               0
  178         -13.326      38.654          -0.285      -0.156             178              -0
   74         291.064    1478.729           0.000       0.000              74              -0
   45        1867.046     487.149          -0.956      -2.433              45               0
   30        -885.086     -67.408           0.000       0.000              30               0
   78        1412.982     457.552          -1.914       4.050              78              -0
   49         273.235     208.289           0.000       0.000              49              -0
  196         -94.882    1698.602          -1.715      -1.255             196               0
   19        -717.275     393.572           0.000       0.000              19               0
  192        1918.740   -2030.273          -0.278      -0.170             192              -0
  198       -1844.120   -1014.741           0.000       0.000             198              -0
  214        1099.868    -263.108          -0.837      -2.482             214               0
  192       -1380.898    -577.140           0.000       0.000             192               0
  217        -999.193    -353.694          -2.116       3.962             217              -0
  176       -1130.068    -762.359           0.000       0.000             176              -0
  255         440.122      28.248          -1.888      -0.768             255               0
   27       -1031.201    1063.599           0.000       0.000              27               0
   14        -586.979    -844.834          -0.270      -0.185              14              -0
  140        1182.419    -237.697           0.000       0.000             140              -0
  174       -2236.104    -261.086          -0.717      -2.531             174               0
  159         587.794   -1163.417           0.000       0.000             159               0
   41        -234.669   -1488.790          -2.319       3.873              41              -0
   20         921.927    -816.271           0.000       0.000              20              -0
   30       -3146.283     203.319          -1.598      -1.430              30               0
  126       -1920.338     727.528           0.000       0.000             126               0
   17          97.959    -451.707          -0.262      -0.199              17              -0
  227         696.510    -588.338           0.000       0.000             227              -0
   41        -321.130    2913.789          -0.596      -2.581              41               0
  182       -1538.816    1285.013           0.000       0.000             182               0
   51         170.344    -271.693          -2.526       3.783              51              -0
   65         533.338     523.876           0.000       0.000              65              -0
  102         271.886     -80.372          -1.929      -0.677             102               0
   46        -917.514     -37.047           0.000       0.000              46               0
    3         926.357    -461.589          -0.254      -0.213               3              -0
    6       -2574.635    1651.774           0.000       0.000               6              -0
  242        -668.281     822.393          -0.473      -2.632             242               0
  140        2041.522   -1759.043           0.000       0.000             140               0
   96        -850.313   -1052.815          -2.736       3.692              96              -0
  162        -840.856   -1586.383           0.000       0.000             162              -0
  205         389.710    1388.862          -1.478      -1.610             205               0
   84        2159.187     633.079           0.000       0.000              84               0
  119        -714.794    -673.449          -0.246      -0.228             119              -0
  115        1140.666    -555.154           0.000       0.000             115              -0
  124        1725.836     113.814          -0.348      -2.684             124               0
  115       -1429.622   -1384.975           0.000       0.000             115               0
   82        -137.775    -106.499          -2.951       3.598              82              -0
  253         691.893   -1326.873           0.000       0.000             253              -0
  220       -1236.928    1297.718          -1.767      -1.165             220               0
   60        1148.717   -1410.085           0.000       0.000              60               0
  166         413.737     -81.716          -0.238      -0.243             166              -0
  164        -386.688    1956.508           0.000       0.000             164              -0
   77        -677.302    1295.303          -0.219      -2.738              77               0
   11        2069.419     737.908           0.000       0.000              11               0
   41        -570.135     210.317          -3.172       3.502              41              -0
  226       -1806.272   -1722.958           0.000       0.000             226              -0
  194         476.700   -1413.374          -1.351      -1.799             194               0
   87        3897.492    -318.401           0.000       0.000              87               0
   91        -288.403    -418.244          -0.230      -0.259              91              -0
  118         702.013    1339.883           0.000       0.000             118              -0
  153        -345.839     663.451          -0.086      -2.793             153               0
  163        1134.098   -1851.085           0.000       0.000             163               0
  100        -355.044   -1263.528          -3.400       3.403             100              -0
  151       -1760.063    -380.523           0.000       0.000             151              -0
  220        2058.154    -529.512          -1.936      -0.960             220               0
   89        -471.138     579.070           0.000       0.000              89               0
   89         461.612    1498.600          -0.221      -0.275              89              -0
   93       -1438.368    -558.903           0.000       0.000              93              -0
  222       -2144.940   -1051.613           0.052      -2.850             222               0
  176       -1450.583   -1599.137           0.000       0.000             176               0
  153        -318.491   -1212.702          -3.637       3.299             153              -0
  107        -549.360   -1422.447           0.000       0.000             107              -0
  108        1903.365   -1553.924          -1.216      -2.001             108               0
  201        2073.821   -1384.054           0.000       0.000             201               0
  126         -40.797    -812.760          -0.212      -0.292             126              -0
   71       -1499.786    -981.038           0.000       0.000              71              -0
  220        1054.391    -660.540           0.197      -2.910             220               0
   61         513.439    1730.806           0.000       0.000              61               0
   47       -1196.238   -1486.963          -3.885       3.191              47              -0
  243        1052.424    1831.930           0.000       0.000             243              -0
  174        1658.468    -130.581          -1.632      -1.612             174               0
  229        -880.549     341.815           0.000       0.000             229               0
  195       -1116.065    1945.943          -0.202      -0.310             195              -0
   87       -1084.317     651.912           0.000       0.000              87              -0
    4       -2199.316    1770.863           0.348      -2.973               4               0
   65         309.041    1770.784           0.000       0.000              65               0
   54         302.971    -543.952          -4.146       3.078              54              -0
  235         -21.977    -232.546           0.000       0.000             235              -0
   86       -1020.128     180.715          -1.068      -2.223              86               0
  191         432.954    -347.666           0.000       0.000             191               0
   50        1153.067     315.844          -0.192      -0.329              50              -0
   96         223.680    2129.722           0.000       0.000              96              -0
   84         -48.909   -1893.620           0.508      -3.039              84               0
   41         602.271    1164.619           0.000       0.000              41               0
  226          89.578    1309.688          -4.422       2.957             226              -0
   96        -412.084     415.498           0.000       0.000              96              -0
  195         699.720    -301.751          -1.791      -1.604             195               0
   68       -1290.723    -593.669           0.000       0.000              68               0
  130        -300.871    1032.174          -0.181      -0.348             130              -0
  112         685.763   -1563.537           0.000       0.000             112              -0
    2        -799.245     403.318           0.678      -3.109               2               0
  254         522.675    -245.986           0.000       0.000             254               0
   92       -2255.956     467.594          -4.716       2.829              92              -0
  125        -939.808     743.790           0.000       0.000             125              -0
  221        -978.856    -308.813          -0.902      -2.472             221               0
   16        -486.928     444.599           0.000       0.000              16               0
  191         224.161     147.806          -0.170      -0.370             191              -0
  172         312.441    2373.826           0.000       0.000             172              -0
  215         448.185    -145.340           0.860      -3.185             215               0
   93       -1714.890    -698.151           0.000       0.000              93               0
  206        -880.030     341.848          -5.032       2.692             206              -0
  151        1360.658    1727.456           0.000       0.000             151              -0
  133        1094.674    -546.767          -1.465      -2.163             133               0
  250        1738.114     158.533           0.000       0.000             250               0
  113          23.444    1458.179          -0.158      -0.392             113              -0
  145        1341.147    -290.260           0.000       0.000             145              -0
  185         828.675     858.697           1.057      -3.266             185               0
  123        1349.276   -1286.757           0.000       0.000             123               0
   39         528.335   -1174.438          -5.373       2.544              39              -0
   69        -522.095     180.230           0.000       0.000              69              -0
    2       -1267.648     149.948          -0.709      -2.760               2               0
  180        1631.142    2092.262           0.000       0.000             180               0
  100        1155.290    -812.304          -0.144      -0.417             100              -0
   70        -566.281    2686.224           0.000       0.000              70              -0
  168        -391.076    1717.302           1.270      -3.355             168               0
   39        2121.839    1813.399           0.000       0.000              39               0
  244         133.943     528.666          -5.744       2.382             244              -0
  105         756.432     -68.054           0.000       0.000             105              -0
  222         396.747    2239.703          -1.926      -2.048             222               0
  167         477.926    -348.259           0.000       0.000             167               0
  163         838.447    -175.690          -0.129      -0.444             163              -0
   73       -3521.311     147.792           0.000       0.000              73              -0
  234        -193.545    -119.516           1.505      -3.452             234               0
   22       -1348.065     868.610           0.000       0.000              22               0
  104         971.899     176.835          -6.152       2.204             104              -0
  110        1486.850     331.637           0.000       0.000             110              -0
   45         609.728    -616.509          -0.480      -3.104              45               0
   68         624.707    -958.631           0.000       0.000              68               0
   33         777.223   -1058.862          -0.113      -0.474              33              -0
  163       -2944.053    -829.631           0.000       0.000             163              -0
  172        -288.126     821.578           1.764      -3.559             172               0
  228        1833.135     534.889           0.000       0.000             228               0
  186        -814.506   -3678.609          -6.606       2.007             186              -0
  110        1273.988     -95.735           0.000       0.000             110              -0
  143       -1290.505   -1788.376          -1.233      -2.926             143               0
   66        -967.164    1846.071           0.000       0.000              66               0
   81         121.281   -1008.911          -0.095      -0.508              81              -0
   94       -1182.285   -1241.136           0.000       0.000              94              -0
  106         372.952    -529.863           2.055      -3.680             106               0
   94        -451.089    1189.668           0.000       0.000              94               0
  113         459.779    -797.267          -7.114       1.785             113              -0
   15         381.610     871.881           0.000       0.000              15              -0
   94         283.683      -0.123          -0.195      -3.530              94               0
   66         348.822    -524.910           0.000       0.000              66               0
  109        -944.535    -898.804          -0.075      -0.545             109              -0
  198         322.336    1218.587           0.000       0.000             198              -0
  145         458.345    2328.409           2.384      -3.816             145               0
  222         -58.123     527.984           0.000       0.000             222               0
  109          -9.884     900.001          -7.693       1.533             109              -0
  171        -811.572     304.698           0.000       0.000             171              -0
    2         644.017    -719.135          -1.551      -3.227               2               0
  179       -1574.138   -3066.123           0.000       0.000             179               0
  213        -347.020    -409.457          -0.051      -0.589             213              -0
  242       -1136.856   -1198.911           0.000       0.000             242              -0
   89         691.253    1312.834           2.761      -3.972              89               0
  124         431.084    1789.938           0.000       0.000             124               0
   58        1318.870    2854.684          -8.359       1.243              58              -0
   19        1139.168     566.806           0.000       0.000              19              -0
   66        -850.428      90.592           0.176      -4.084              66               0
   85         570.467      28.035           0.000       0.000              85               0
  187        1088.461    -944.997          -0.024      -0.639             187              -0
   64         780.184      -8.034           0.000       0.000              64              -0
  239       -1188.463   -1409.908           3.201      -4.154             239               0
  131         795.252    1825.797           0.000       0.000             131               0
   74         701.089     702.068          -9.138       0.904              74              -0
  184        2472.827   -1347.019           0.000       0.000             184              -0
  112       -1074.134    -192.766          -0.856      -4.169             112               0
  186         -77.699     879.966           0.000       0.000             186               0
  115        1550.881    -967.729           0.008      -0.698             115              -0
  156        -578.675     280.109           0.000       0.000             156              -0
  224       -2498.715   -1249.421           3.724      -4.371             224               0
  122        1390.837     187.637           0.000       0.000             122               0
  211         163.672    1952.679         -10.069       0.499             211              -0
  117        -824.718    -736.640           0.000       0.000             117              -0
   15        -208.420    -694.361           0.690      -4.854              15               0
  236         402.684   -1114.515           0.000       0.000             236               0
  170         409.315     970.444           0.046      -0.769             170              -0
   12         741.571     670.865           0.000       0.000              12              -0
  110        -272.518    2646.956           4.357      -4.633             110               0
   16        -638.730      24.616           0.000       0.000              16               0
  238         264.448   -2204.027         -11.203       0.004             238              -0
  187          11.384   -1480.313           0.000       0.000             187              -0
   75       -1532.844     335.840          -1.647      -4.885              75               0
  226        -102.888    -483.013           0.000       0.000             226               0
    6       -1141.896    -177.256           0.094      -0.857               6              -0
   22       -1028.627    -504.006           0.000       0.000              22              -0
  166         981.551   -1380.938           5.146      -4.960             166               0
   40        -410.439    1431.319           0.000       0.000              40               0
  192       -2399.434    -747.320         -12.626      -0.615             192               0
  115        1002.248    1637.843           0.000       0.000             115              -0
  138         643.714   -2223.779           1.469      -6.020             138               0
  206         653.947    -793.737           0.000       0.000             206               0
  224         603.480   -1596.965           0.155      -0.970             224              -0
  125        2076.805     944.775           0.000       0.000             125              -0
   45        2235.352    1387.814           6.160      -5.380              45               0
   39        1778.604    -110.824           0.000       0.000              39               0
   45         610.939    1013.251         -14.474      -1.420              45               0
  163         504.472   -1672.990           0.000       0.000             163              -0
  161        1500.214    -913.031          -0.042      -6.852             161               0
   26        -307.815    -624.576           0.000       0.000              26               0
   50        -102.996    -403.938           0.235      -1.119              50              -0
   58        -521.233     697.689           0.000       0.000              58              -0
  110       -1305.059     344.593           7.520      -5.943             110               0
  124         899.796    -155.366           0.000       0.000             124               0
  136       -2118.667    1039.406         -16.983      -2.512             136               0
  152          94.550     391.659           0.000       0.000             152              -0
   26       -1863.349   -1766.432           2.824      -8.048              26               0
  161        -445.654     162.084           0.000       0.000             161               0
  188         507.240    1761.180           0.348      -1.327             188              -0
  141        1840.879   -1634.174           0.000       0.000             141              -0
  158       -1034.373   -1025.821           9.451      -6.743             158               0
  106        1606.655     -54.483           0.000       0.000             106               0
   53         675.638     804.618         -20.607      -4.091              53               0
  255       -1925.876    1635.618           0.000       0.000             255              -0
   94          91.528    1304.652          -0.551      -9.966              94               0
   63        1240.194   -1560.457           0.000       0.000              63               0
  245        1273.461    3318.766           0.517      -1.640             245              -0
  116        -203.107    1225.904           0.000       0.000             116              -0
  231         264.201     396.493          12.424      -7.975             231               0
  243         121.676    -821.281           0.000       0.000             243               0
   51         763.258    1578.519         -26.337      -6.586              51               0
  155         532.984    1370.783           0.000       0.000             155              -0
   30        -245.384    1818.396           5.864     -12.598              30               0
    0        -924.195    1759.577           0.000       0.000               0               0
   73        -813.393    2106.619           0.803      -2.168              73              -0
  160        -763.155     -40.074           0.000       0.000             160              -0
    5        1322.042   -1187.780          17.632     -10.132               5               0
  212       -1612.386     -63.299           0.000       0.000             212               0
  211         404.627     688.771         -36.837     -11.159             211               0
  248       -1743.558    -423.303           0.000       0.000             248              -0
  164        1356.127   -1071.563           3.685     -19.139             164               0
   55       -2103.167    1174.630           0.000       0.000              55               0
  205         496.025     306.631           1.390      -3.254             205              -0
  235         632.772     -35.004           0.000       0.000             235              -0
   53        -314.720     557.336          29.202     -14.924              53               0
  211         530.589     429.343           0.000       0.000             211               0
  255        -734.866   -1667.637         -62.511     -22.340             255               0
  196       -1228.280    1509.286           0.000       0.000             196              -0
   84        -868.664    -418.852          19.573     -33.115              84               0
   96         -73.510   -1000.442           0.000       0.000              96               0
   57        1258.926     316.388           3.312      -6.810              57              -0
   87         739.259   -1922.431           0.000       0.000              87              -0
   53        -305.274     582.904          77.666     -34.999              53               0
    3         186.423   -1229.505           0.000       0.000               3               0
  160         270.454    -488.255        -224.755     -92.995             160               0
   61       -1106.469    -133.872           0.000       0.000              61              -0
  114        -216.986     719.725           0.000       0.000             114               0
