SINAL     NFT                         FFT                         NFT INVERSA     FFT INVERSA
-----     -----------------------     -----------------------     -----------     -----------
  152       64715.000       0.000           0.000       0.000             152               0
  185        1113.846   -1223.101           0.000      -0.000             185               0
  246        2026.528     964.581           0.000       0.000             246               0
  229        1451.633    1304.376           0.000      -0.000             229               0
  171         154.233     306.704           0.000       0.000             171               0
    5        1133.855     311.151           0.000      -0.000               5               0
  251        -693.948   -2969.286           0.000       0.000             251               0
  228        2553.684     629.375           0.000      -0.000             228               0
  131        -757.661    -112.419           0.000       0.000             131               0
   33         343.421     204.544           0.000      -0.000              33               0
  121       -1476.391    -245.739           0.000       0.000             121               0
  120         836.652     850.474           0.000      -0.000             120               0
   86        2879.575    -625.017           0.000       0.000              86               0
  229       -1518.201     362.233           0.000      -0.000             229               0
   85        3521.350    2244.633           0.000       0.000              85               0
   16        -180.606    -778.138           0.000      -0.000              16               0
  186       -1767.764    1085.878           0.000       0.000             186               0
  239       -1816.575    -331.701           0.000      -0.000             239               0
  200         870.143    -487.723           0.000       0.000             200               0
  192          29.036   -2108.000           0.000      -0.000             192               0
  245         362.138     604.205           0.000       0.000             245               0
   77        -144.463    -380.676           0.000      -0.000              77               0
   39         405.083     355.530           0.000       0.000              39               0
  115        -629.317   -1266.404           0.000      -0.000             115               0
  105         165.757    1026.779           0.000       0.000             105               0
  231        3200.265     399.748           0.000      -0.000             231               0
  125        1147.521     572.342           0.000       0.000             125               0
   52         689.844    -713.740           0.000      -0.000              52               0
  124        -261.610     224.772           0.000       0.000             124               0
   46        1913.893    -220.628           0.000      -0.000              46               0
  227        -163.071   -1741.858           0.000       0.000             227               0
   36         684.537     891.672           0.000      -0.000              36               0
  228         393.439     204.083           0.000       0.000             228               0
  183         -83.316     643.704           0.000      -0.000             183               0
  125        1173.997   -1234.711           0.000       0.000             125               0
  202        -409.619   -1394.460           0.000      -0.000             202               0
  125       -3110.529    -907.051           0.000       0.000             125               0
   70        3430.875       1.526           0.000      -0.000              70               0
  243        1296.409    1373.112           0.000       0.000             243               0
   16       -1294.089   -1928.358           0.000      -0.000              16               0
  155       -1581.571   -2377.660           0.000       0.000             155               0
  168        -481.761     886.036           0.000      -0.000             168               0
  176        -305.975    -805.587           0.000       0.000             176               0
  213         863.619     277.100           0.000      -0.000             213               0
  117        1088.215    -690.934           0.000       0.000             117               0
   80        -831.289    2204.566           0.000      -0.000              80               0
  100        -242.035    1304.187           0.000       0.000             100               0
  103         367.907    -526.680           0.000      -0.000             103               0
  106        1092.414    -356.332           0.000       0.000             106               0
   71        1397.283     423.785           0.000      -0.000              71               0
   23        -246.478    -738.788           0.000       0.000              23               0
  131       -1739.575     860.346           0.000      -0.000             131               0
  115        -640.828     342.142           0.000       0.000             115               0
   47        1088.860    -250.257           0.000      -0.000              47               0
   77         809.476    2834.112           0.000       0.000              77               0
  192         450.861    -333.044           0.000      -0.000             192               0
  248       -1256.143     284.913           0.000       0.000             248               0
   12        -831.530     413.721           0.000      -0.000              12               0
  126        -799.476     751.477           0.000       0.000             126               0
   32         943.882    -872.489           0.000      -0.000              32               0
  129        1838.209    -112.400           0.000       0.000             129               0
  115       -1490.401    1103.527           0.000      -0.000             115               0
  145         610.465    -942.195           0.000       0.000             145               0
   56         397.545   -2330.120           0.000      -0.000              56               0
   50        1021.279   -1603.563           0.000       0.000              50               0
  245        -374.452     456.559           0.000      -0.000             245               0
    0         648.298    1288.223           0.000       0.000               0               0
  108          57.669    -242.885           0.000      -0.000             108               0
  205         278.990    -370.632           0.000       0.000             205               0
  145       -1806.094    -507.107           0.000      -0.000             145               0
   21         -10.606     785.806           0.000       0.000              21               0
   69        -473.479     -50.728           0.000      -0.000              69               0
   51        -420.374    2957.669           0.000       0.000              51               0
   67       -2003.366    2126.210           0.000      -0.000              67               0
  140        -655.244    -205.690           0.000       0.000             140               0
  227         305.796    -785.547           0.000      -0.000             227               0
  183       -1714.034      30.454           0.000       0.000             183               0
  140           2.383    -198.025           0.000      -0.000             140               0
  105         -63.480    -732.888           0.000       0.000             105               0
  191        -386.903    -175.176           0.000      -0.000             191               0
  161          67.006    -483.390           0.000       0.000             161               0
    8         334.328     398.960           0.000      -0.000               8               0
  229         744.231    2079.015           0.000       0.000             229               0
  211        3531.557   -1949.662           0.000      -0.000             211               0
  139       -1437.871     429.191           0.000       0.000             139               0
   63         252.604   -1016.250           0.000      -0.000              63               0
  225        -960.155    -349.421           0.000       0.000             225               0
  102       -1890.031   -1412.908           0.000      -0.000             102               0
   34         481.852   -2010.955           0.000       0.000              34               0
   59         452.059   -3891.438           0.000      -0.000              59               0
   77         945.646     131.768           0.000       0.000              77               0
   89        1244.244    -599.438           0.000      -0.000              89               0
  226        -925.262     793.216           0.000       0.000             226               0
   67         411.382    -575.813           0.000      -0.000              67               0
  163       -1935.776   -1149.887           0.000       0.000             163               0
  252       -1959.255     283.020           0.000      -0.000             252               0
  106         773.299   -1774.802           0.000       0.000             106               0
   71        -451.065   -1467.629           0.000      -0.000              71               0
  234        -200.706   -1054.510           0.000       0.000             234               0
   22        1292.697     292.140           0.000      -0.000              22               0
  181          74.520   -1621.738           0.000       0.000             181               0
    7         610.253    1410.239           0.000      -0.000               7               0
   16        -423.484   -1188.559           0.000       0.000              16               0
  122        1074.010    -106.789           0.000      -0.000             122               0
  114        1384.099      73.015           0.000       0.000             114               0
  220       -1932.268     639.650           0.000      -0.000             220               0
  245        -279.402      13.607           0.000       0.000             245               0
  237        1322.638    1568.930           0.000      -0.000             237               0
   55       -1099.274     351.127           0.000       0.000              55               0
  121         226.494    1137.017           0.000      -0.000             121               0
  234        -887.009     753.843           0.000       0.000             234               0
   39       -1255.466     343.848           0.000      -0.000              39               0
  186         363.748    -472.108           0.000       0.000             186               0
   43        -611.510   -2265.176           0.000      -0.000              43               0
   35       -1480.428    1101.555           0.000       0.000              35               0
  195        -961.425    1552.200           0.000      -0.000             195               0
   21       -2399.124    2116.177           0.000       0.000              21               0
   92        -661.746     237.957           0.000      -0.000              92               0
  160        -799.463     412.041           0.000       0.000             160               0
  241        2527.546     278.700           0.000      -0.000             241               0
   29        -989.645    1105.865           0.000       0.000              29               0
  185         454.731    1399.838           0.000      -0.000             185               0
  242       -2200.817    -296.788           0.000       0.000             242               0
  209        -785.456    -959.568           0.000      -0.000             209               0
  218        -302.809    -342.261           0.000       0.000             218               0
  111        1620.361    -629.970           0.000      -0.000             111               0
   14         379.124      55.592           0.000       0.000              14               0
    8       -1754.360     373.141           0.000      -0.000               8               0
   61        1018.972     958.084           0.000       0.000              61               0
  105        1255.941     -22.457           0.000      -0.000             105               0
   49        1050.889    1357.573           0.000       0.000              49               0
  170       -1007.909    -377.417           0.000      -0.000             170               0
  149       -2553.142    -438.430           0.000       0.000             149               0
   61        -812.807    -218.169           0.000      -0.000              61               0
  228         -91.021    1835.521           0.000       0.000             228               0
   86         829.879    1864.576           0.000      -0.000              86               0
   95       -2380.801    -900.034           0.000       0.000              95               0
  234        -450.008     724.030           0.000      -0.000             234               0
  235       -1161.265      81.828           0.000       0.000             235               0
  226       -2018.895   -1079.335           0.000      -0.000             226               0
  146         182.401     545.690           0.000       0.000             146               0
  159        -430.011     536.638           0.000      -0.000             159               0
  131         591.426    -106.874           0.000       0.000             131               0
  116        -346.405    -310.653           0.000      -0.000             116               0
  194         106.462   -1370.923           0.000       0.000             194               0
  248        -818.489    -402.093           0.000      -0.000             248               0
   34        1691.891    -699.605           0.000       0.000              34               0
  180         230.961    2750.844           0.000      -0.000             180               0
  231         759.997     507.991           0.000       0.000             231               0
    9        1904.095    1139.237           0.000      -0.000               9               0
  166        1890.099    -362.110           0.000       0.000             166               0
   72         -19.613     262.134           0.000      -0.000              72               0
   31         -76.442     951.346           0.000       0.000              31               0
   65        -561.676   -2182.929           0.000      -0.000              65               0
   49         470.000    1849.581           0.000       0.000              49               0
  129        -777.357    1429.467           0.000      -0.000             129               0
  108        3033.143     895.267           0.000       0.000             108               0
    8       -1372.170    -901.171           0.000      -0.000               8               0
   39         -68.412    -826.281           0.000       0.000              39               0
  106         877.067    -331.063           0.000      -0.000             106               0
  136        1963.635   -1249.487           0.000       0.000             136               0
   87        -202.344   -1415.626           0.000      -0.000              87               0
  124        -579.635    -999.134           0.000       0.000             124               0
   11        1089.968     705.909           0.000      -0.000              11               0
  232        -581.440   -1652.911           0.000       0.000             232               0
  163         448.014   -1048.272           0.000      -0.000             163               0
   16        1663.285      -2.564           0.000       0.000              16               0
  249        -503.210    1325.394           0.000      -0.000             249               0
  189         164.308     159.562           0.000       0.000             189               0
    0       -1648.498   -3110.831           0.000      -0.000              -0               0
  162        -947.958    -469.620           0.000       0.000             162               0
   61       -2667.043    2486.193           0.000      -0.000              61               0
   69        -433.484    -622.813           0.000       0.000              69               0
  229        1053.681   -1251.586           0.000      -0.000             229               0
  102        3713.079     368.314           0.000       0.000             102               0
  220       -1610.580    -720.166           0.000      -0.000             220               0
  200       -1882.978    -761.967           0.000       0.000             200               0
  182        2488.863    1819.100           0.000      -0.000             182               0
  172         700.714   -1054.747           0.000       0.000             172               0
  239         626.598    1059.063           0.000      -0.000             239               0
  155        -938.495    1417.382           0.000       0.000             155               0
  188        -960.594     -58.671           0.000      -0.000             188               0
  218       -2097.707    -577.284           0.000       0.000             218               0
   28         738.412    2011.520           0.000      -0.000              28               0
   51        -569.789    -442.679           0.000       0.000              51               0
  140       -2605.080   -1352.913           0.000      -0.000             140               0
  197        -616.795     597.467           0.000       0.000             197               0
  199        2979.749     228.543           0.000      -0.000             199               0
  134       -1410.539     521.792           0.000       0.000             134               0
   68        1037.239    -996.840           0.000      -0.000              68               0
   19       -1164.600     546.345           0.000       0.000              19               0
  180        1019.874   -4087.852           0.000      -0.000             180               0
  178         254.793    -633.498           0.000       0.000             178               0
  113         -83.389    -271.492           0.000      -0.000             113               0
   67        -604.865     -44.847           0.000       0.000              67               0
    0         349.452   -1031.469           0.000      -0.000              -0               0
  117        -720.796   -1163.023           0.000       0.000             117               0
  240        -529.260    -267.856           0.000      -0.000             240               0
  200        -803.265    1956.352           0.000       0.000             200               0
   75        1315.811    -589.178           0.000      -0.000              75               0
   59       -1236.722     716.490           0.000       0.000              59               0
   45        3053.104     516.595           0.000      -0.000              45               0
   66        -876.685     978.955           0.000       0.000              66               0
   31         550.008    -229.633           0.000      -0.000              31               0
  218        -755.163     225.280           0.000       0.000             218               0
   74        1817.859   -1177.739           0.000      -0.000              74               0
  192        1894.610   -2726.811           0.000       0.000             192               0
  133        -294.837   -1260.660           0.000      -0.000             133               0
  176         636.326     888.730           0.000       0.000             176               0
  219       -1740.165     413.111           0.000      -0.000             219               0
  156        -165.368     812.028           0.000       0.000             156               0
  228         333.386     603.938           0.000      -0.000             228               0
  226       -2951.630      99.163           0.000       0.000             226               0
   67       -1349.344    -294.888           0.000      -0.000              67               0
  170          72.966    1407.996           0.000       0.000             170               0
  166       -1003.227   -1934.111           0.000      -0.000             166               0
  185        -821.593    -451.418           0.000       0.000             185               0
  167       -2695.437     707.600           0.000      -0.000             167               0
   34         566.002    -278.527           0.000       0.000              34               0
  198        1936.158    1436.054           0.000      -0.000             198               0
  202         161.470    -759.095           0.000       0.000             202               0
   56         765.921     -13.535           0.000      -0.000              56               0
  168         -71.233       3.690           0.000       0.000             168               0
  208          30.568     721.692           0.000      -0.000             208               0
  250       -1342.118    -114.960           0.000       0.000             250               0
  174         131.962    -708.248           0.000      -0.000             174               0
  203        -368.623   -1880.322           0.000       0.000             203               0
  143        1059.318     353.188           0.000      -0.000             143               0
  148        1013.589    1117.280           0.000       0.000             148               0
  125        2403.088    -284.115           0.000      -0.000             125               0
    5        -146.423    1094.694           0.000       0.000               5               0
   94        1517.186     140.662           0.000      -0.000              94               0
  253       -2097.043    1207.664           0.000       0.000             253               0
   60        -595.800   -1812.188           0.000      -0.000              60               0
   85         200.861     254.370           0.000       0.000              85               0
   32        -564.825    1112.537           0.000      -0.000              32               0
  130        -133.374    1846.421           0.000       0.000             130               0
   40        1103.698    -440.780           0.000      -0.000              40               0
   21         306.065    1297.496           0.000       0.000              21               0
   12         203.079   -1337.679           0.000      -0.000              12               0
    7        2392.860      38.825           0.000       0.000               7               0
   27        1330.564     961.688           0.000      -0.000              27               0
  183       -1958.077     529.118           0.000       0.000             183               0
   25         657.842     123.100           0.000      -0.000              25               0
   38         116.203     260.861           0.000       0.000              38               0
   55         470.195     319.613           0.000      -0.000              55               0
  173         463.429   -1644.135           0.000       0.000             173               0
  251         952.479   -1103.282           0.000      -0.000             251               0
  133        -777.319    1340.759           0.000       0.000             133               0
  214         441.617    1495.777           0.000      -0.000             214               0
  175         -56.080    1275.327           0.000       0.000             175               0
    2        -576.694    1312.736           0.000      -0.000               2               0
   90        -837.705    -690.118           0.000       0.000              90               0
  226        -231.826    1273.473           0.000      -0.000             226               0
   72         419.269     129.593           0.000       0.000              72               0
  215         306.439    1707.868           0.000      -0.000             215               0
    6         271.000      -0.277           0.000       0.000               6               0
  132         306.978   -1708.154           0.000       0.000             132               0
   83         419.195    -129.682           0.000       0.000              83               0
  108        -231.562   -1273.704           0.000       0.000             108               0
  179        -837.976     689.618           0.000       0.000             179               0
   10        -576.135   -1313.253           0.000       0.000              10               0
  169         -55.481   -1275.471           0.000       0.000             169               0
  236         442.192   -1495.572           0.000       0.000             236               0
   17        -776.709   -1340.671           0.000       0.000              17               0
   58         952.306    1103.935           0.000       0.000              58               0
  197         462.921    1644.186           0.000       0.000             197               0
   24         470.302    -319.718           0.000       0.000              24               0
  164         116.291    -260.968           0.000       0.000             164               0
    0         657.784    -123.027           0.000       0.000              -0               0
   28       -1957.720    -529.914           0.000       0.000              28               0
  248        1331.315    -961.232           0.000       0.000             248               0
  146        2392.844     -37.901           0.000       0.000             146               0
  197         202.403    1337.586           0.000       0.000             197               0
   46         306.408   -1297.604           0.000       0.000              46               0
  117        1103.351     440.972           0.000       0.000             117               0
   41        -133.045   -1846.604           0.000       0.000              41               0
  220        -564.590   -1112.538           0.000       0.000             220               0
  161         200.830    -254.000           0.000       0.000             161               0
  193        -596.563    1811.957           0.000       0.000             193               0
  212       -2096.390   -1208.539           0.000       0.000             212               0
   55        1517.565    -140.170           0.000       0.000              55               0
  235        -145.837   -1094.671           0.000       0.000             235               0
  148        2403.080     285.006           0.000       0.000             148               0
  157        1013.731   -1116.815           0.000       0.000             157               0
  180        1059.084    -352.453           0.000       0.000             180               0
  107        -369.596    1880.381           0.000       0.000             107               0
   36         131.434     708.146           0.000       0.000              36               0
  228       -1342.291     114.318           0.000       0.000             228               0
  205          30.850    -721.752           0.000       0.000             205               0
   98         -71.196      -3.677           0.000       0.000              98               0
  246         765.890      13.818           0.000       0.000             246               0
  242         161.160     759.015           0.000       0.000             242               0
  156        1936.360   -1435.459           0.000       0.000             156               0
   22         565.208     278.806           0.000       0.000              22               0
  223       -2695.637    -708.384           0.000       0.000             223               0
  178        -821.814     451.362           0.000       0.000             178               0
   43       -1003.906    1933.625           0.000       0.000              43               0
  183          73.310   -1408.162           0.000       0.000             183               0
  182       -1349.667     294.448           0.000       0.000             182               0
   46       -2951.379    -100.244           0.000       0.000              46               0
  193         333.974    -603.878           0.000       0.000             193               0
   40        -164.985    -811.997           0.000       0.000              40               0
  167       -1739.710    -413.506           0.000       0.000             167               0
  108         637.051    -888.123           0.000       0.000             108               0
  140        -294.852    1261.036           0.000       0.000             140               0
  197        1894.014    2727.484           0.000       0.000             197               0
   65        1817.328    1177.992           0.000       0.000              65               0
  162        -755.219    -225.847           0.000       0.000             162               0
  188         549.938     229.552           0.000       0.000             188               0
   92        -876.171    -979.437           0.000       0.000              92               0
   68        3053.210    -515.601           0.000       0.000              68               0
   18       -1236.728    -716.821           0.000       0.000              18               0
   75        1315.456     589.605           0.000       0.000              75               0
   54        -802.878   -1956.483           0.000       0.000              54               0
  201        -529.439     268.105           0.000       0.000             201               0
    8        -721.147    1163.029           0.000       0.000               8               0
   78         349.128    1031.613           0.000       0.000              78               0
   94        -604.874      44.666           0.000       0.000              94               0
   89         -83.374     271.624           0.000       0.000              89               0
  242         254.673     633.885           0.000       0.000             242               0
   82        1018.396    4088.000           0.000       0.000              82               0
  146       -1164.465    -547.219           0.000       0.000             146               0
   83        1036.880     996.858           0.000       0.000              83               0
   32       -1410.276    -522.607           0.000       0.000              32               0
  133        2979.701    -227.737           0.000       0.000             133               0
   73        -617.188    -597.704           0.000       0.000              73               0
   58       -2605.682    1351.921           0.000       0.000              58               0
   71        -569.741     442.048           0.000       0.000              71               0
  190         739.007   -2011.461           0.000       0.000             190               0
   91       -2097.956     576.568           0.000       0.000              91               0
   77        -960.358      58.096           0.000       0.000              77               0
  163        -937.617   -1417.842           0.000       0.000             163               0
  206         627.365   -1058.692           0.000       0.000             206               0
  148         700.645    1054.998           0.000       0.000             148               0
  155        2489.311   -1818.190           0.000       0.000             155               0
   77       -1883.457     761.598           0.000       0.000              77               0
   62       -1610.342     719.643           0.000       0.000              62               0
   65        3713.417    -367.014           0.000       0.000              65               0
  179        1052.788    1251.946           0.000       0.000             179               0
   71        -434.236     622.370           0.000       0.000              71               0
  157       -2666.391   -2487.041           0.000       0.000             157               0
   42        -947.968     469.777           0.000       0.000              42               0
   14       -1649.222    3110.243           0.000       0.000              14               0
  225         164.759    -159.915           0.000       0.000             225               0
    7        -502.354   -1325.613           0.000       0.000               7               0
  164        1663.562       3.345           0.000       0.000             164               0
  168         447.661    1048.580           0.000       0.000             168               0
  252        -581.855    1652.576           0.000       0.000             252               0
  172        1090.317    -705.642           0.000       0.000             172               0
  172        -579.895     999.017           0.000       0.000             172               0
   29        -202.483    1415.454           0.000       0.000              29               0
  169        1963.400    1249.843           0.000       0.000             169               0
   25         876.822     331.026           0.000       0.000              25               0
   55         -68.830     825.922           0.000       0.000              55               0
  110       -1372.225     900.167           0.000       0.000             110               0
   18        3033.509    -894.821           0.000       0.000              18               0
   26        -777.082   -1430.040           0.000       0.000              26               0
  223         470.582   -1849.308           0.000       0.000             223               0
  205        -562.402    2182.687           0.000       0.000             205               0
   29         -75.962    -951.699           0.000       0.000              29               0
  251         -19.224    -262.276           0.000       0.000             251               0
  117        1890.194     362.479           0.000       0.000             117               0
  152        1904.339   -1138.866           0.000       0.000             152               0
  130         759.877    -507.940           0.000       0.000             130               0
  134         231.690   -2750.625           0.000       0.000             134               0
   18        1691.301     700.530           0.000       0.000              18               0
  186        -819.027     401.969           0.000       0.000             186               0
  112         105.768    1370.908           0.000       0.000             112               0
  170        -346.710     310.303           0.000       0.000             170               0
  124         591.129     106.825           0.000       0.000             124               0
   76        -430.165    -536.968           0.000       0.000              76               0
   35         182.165    -545.638           0.000       0.000              35               0
  192       -2019.580    1078.547           0.000       0.000             192               0
  254       -1161.279     -82.519           0.000       0.000             254               0
  127        -449.862    -724.353           0.000       0.000             127               0
  242       -2380.968     898.923           0.000       0.000             242               0
  144         830.702   -1864.639           0.000       0.000             144               0
   89         -90.527   -1835.448           0.000       0.000              89               0
   88        -813.056     218.098           0.000       0.000              88               0
   16       -2553.151     437.571           0.000       0.000              16               0
   34       -1007.497     376.872           0.000       0.000              34               0
  139        1051.787   -1357.340           0.000       0.000             139               0
  176        1256.045      22.860           0.000       0.000             176               0
   24        1019.084    -957.748           0.000       0.000              24               0
  200       -1754.277    -373.607           0.000       0.000             200               0
  197         379.373     -55.324           0.000       0.000             197               0
    2        1620.043     630.568           0.000       0.000               2               0
  154        -303.257     342.119           0.000       0.000             154               0
  154        -786.030     959.117           0.000       0.000             154               0
   69       -2200.831     295.643           0.000       0.000              69               0
   50         455.400   -1400.001           0.000       0.000              50               0
  159        -989.053   -1106.251           0.000       0.000             159               0
   47        2527.588    -277.875           0.000       0.000              47               0
   79        -799.725    -412.395           0.000       0.000              79               0
   57        -661.968    -238.379           0.000       0.000              57               0
    7       -2398.492   -2117.056           0.000       0.000               7               0
  246        -960.756   -1552.260           0.000       0.000             246               0
   53       -1479.832   -1101.518           0.000       0.000              53               0
   41        -611.929    2265.253           0.000       0.000              41               0
  174         363.752     472.062           0.000       0.000             174               0
   52       -1255.225    -344.446           0.000       0.000              52               0
   19        -886.421    -754.243           0.000       0.000              19               0
  206         227.155   -1136.896           0.000       0.000             206               0
   25       -1098.806    -351.417           0.000       0.000              25               0
  189        1323.433   -1568.284           0.000       0.000             189               0
   85        -279.383     -13.400           0.000       0.000              85               0
   41       -1931.674    -640.017           0.000       0.000              41               0
  160        1384.606     -72.205           0.000       0.000             160               0
  217        1074.077     107.500           0.000       0.000             217               0
  117        -423.775    1188.571           0.000       0.000             117               0
    5         610.889   -1409.760           0.000       0.000               5               0
    3          74.118    1622.102           0.000       0.000               3               0
  168        1292.794    -291.465           0.000       0.000             168               0
   72        -201.197    1054.791           0.000       0.000              72               0
    0        -451.558    1467.669           0.000       0.000              -0               0
  172         772.550    1774.985           0.000       0.000             172               0
  224       -1959.298    -283.730           0.000       0.000             224               0
  160       -1935.823    1149.265           0.000       0.000             160               0
   20         411.579     575.828           0.000       0.000              20               0
    3        -924.600    -793.462           0.000       0.000               3               0
   23        1244.433     600.094           0.000       0.000              23               0
   29         945.794    -131.014           0.000       0.000              29               0
   30         450.739    3891.801           0.000       0.000              30               0
    4         481.009    2010.798           0.000       0.000               4               0
  199       -1890.523    1411.842           0.000       0.000             199               0
  228        -959.925     348.713           0.000       0.000             228               0
  248         252.592    1015.945           0.000       0.000             248               0
  116       -1437.151    -429.972           0.000       0.000             116               0
  186        3531.282    1950.371           0.000       0.000             186               0
   84         744.769   -2079.210           0.000       0.000              84               0
  241         334.331    -398.870           0.000       0.000             241               0
  218          66.720     483.342           0.000       0.000             218               0
  214        -387.026     174.916           0.000       0.000             214               0
   63         -63.754     732.664           0.000       0.000              63               0
  236           2.184     197.736           0.000       0.000             236               0
   69       -1713.992     -31.274           0.000       0.000              69               0
    7         305.639     785.301           0.000       0.000               7               0
  254        -655.379     204.865           0.000       0.000             254               0
  161       -2002.484   -2127.387           0.000       0.000             161               0
  234        -419.034   -2957.746           0.000       0.000             234               0
   38        -473.198      50.818           0.000       0.000              38               0
  115         -10.143    -785.632           0.000       0.000             115               0
  207       -1805.899     506.670           0.000       0.000             207               0
  187         279.387     370.729           0.000       0.000             187               0
  120          58.003     242.788           0.000       0.000             120               0
   75         649.047   -1287.977           0.000       0.000              75               0
   49        -373.959    -456.329           0.000       0.000              49               0
  125        1021.065    1604.201           0.000       0.000             125               0
  119         396.944    2330.112           0.000       0.000             119               0
  141         610.224     941.916           0.000       0.000             141               0
   95       -1489.725   -1104.343           0.000       0.000              95               0
   63        1838.514     112.923           0.000       0.000              63               0
   59         943.514     872.531           0.000       0.000              59               0
  172        -799.290    -752.063           0.000       0.000             172               0
  154        -831.256    -414.175           0.000       0.000             154               0
  245       -1255.659    -285.488           0.000       0.000             245               0
    2         451.237     332.858           0.000       0.000               2               0
   83         810.740   -2833.930           0.000       0.000              83               0
   36        1088.833     250.790           0.000       0.000              36               0
  243        -640.741    -342.363           0.000       0.000             243               0
  139       -1738.966    -860.810           0.000       0.000             139               0
  162        -246.104     738.778           0.000       0.000             162               0
  216        1397.898    -423.329           0.000       0.000             216               0
    0        1092.478     356.700           0.000       0.000               0               0
  229         367.803     526.592           0.000       0.000             229               0
  147        -241.485   -1304.484           0.000       0.000             147               0
  237        -830.209   -2204.610           0.000       0.000             237               0
  218        1088.341     691.642           0.000       0.000             218               0
   89         863.792    -276.590           0.000       0.000              89               0
   61        -306.220     805.648           0.000       0.000              61               0
  148        -481.373    -885.897           0.000       0.000             148               0
  246       -1582.069    2377.391           0.000       0.000             246               0
  183       -1294.033    1927.629           0.000       0.000             183               0
  195        1297.624   -1372.889           0.000       0.000             195               0
  137        3430.883      -0.226           0.000       0.000             137               0
   45       -3110.810     906.132           0.000       0.000              45               0
  206        -409.418    1394.255           0.000       0.000             206               0
   82        1174.094    1234.771           0.000       0.000              82               0
   13         -82.697    -644.045           0.000       0.000              13               0
  222         393.992    -204.089           0.000       0.000             222               0
  166         685.260    -891.362           0.000       0.000             166               0
   49        -163.129    1741.804           0.000       0.000              49               0
  120        1914.238     221.012           0.000       0.000             120               0
   56        -261.188    -225.010           0.000       0.000              56               0
   44         690.145     713.769           0.000       0.000              44               0
    5        1148.263    -572.196           0.000       0.000               5               0
  213        3200.554    -398.798           0.000       0.000             213               0
  208         165.969   -1026.636           0.000       0.000             208               0
  186        -629.581    1266.227           0.000       0.000             186               0
   39         405.486    -355.490           0.000       0.000              39               0
  241        -144.286     380.583           0.000       0.000             241               0
  203         362.682    -603.995           0.000       0.000             203               0
   31          28.678    2107.976           0.000       0.000              31               0
  147         870.179     487.672           0.000       0.000             147               0
  130       -1816.404     330.704           0.000       0.000             130               0
  172       -1766.591   -1086.717           0.000       0.000             172               0
  245        -179.700     777.784           0.000       0.000             245               0
   78        3522.814   -2243.642           0.000       0.000              78               0
  157       -1517.421    -362.595           0.000       0.000             157               0
   58        2880.126     625.953           0.000       0.000              58               0
  206         837.268    -850.235           0.000       0.000             206               0
  238       -1475.819     245.277           0.000       0.000             238               0
  192         344.458    -204.431           0.000       0.000             192               0
   14        -756.473     112.180           0.000       0.000              14               0
   90        2555.079    -628.323           0.000       0.000              90               0
  122        -693.722    2968.966           0.000       0.000             122               0
  184        1135.562    -311.220           0.000       0.000             184               0
  160         156.291    -306.966           0.000       0.000             160               0
  156        1454.650   -1304.034           0.000       0.000             156               0
  231        2030.336    -963.742           0.000       0.000             231               0
  149        1120.184    1223.534           0.000       0.000             149               0
