SINAL     NFT                         FFT                         NFT INVERSA     FFT INVERSA
-----     -----------------------     -----------------------     -----------     -----------
  197       65563.000       0.000           0.000       0.000             197               1
   14       -1200.907     660.427         -25.491      46.464              14               0
    3        -239.759    -185.092           0.000       0.000               3              -0
  242         675.623    1123.828        -132.137      51.904             242               0
   79       -1738.984    1881.952           0.000       0.000              79               0
    7       -1463.653     370.094         131.966      62.353               7              -0
   69       -1775.414   -1926.418           0.000       0.000              69              -0
  191        1431.558   -1300.796         -29.212      39.897             191               0
   34         461.954    3161.732           0.000       0.000              34               0
   57       -2325.446    -759.604          -3.084       5.020              57               0
  142        1827.441    1184.725           0.000       0.000             142              -0
  231        -590.380    -581.060         -36.714      12.379             231               0
   42        -466.967    1009.160           0.000       0.000              42               0
   64        -648.760   -1280.671          49.563      26.467              64              -0
   89         142.234   -1036.946           0.000       0.000              89              -0
  103         427.393     822.068          -8.324      20.451             103               0
   47         500.201     -26.007           0.000       0.000              47               0
  100        -527.422    1438.562          -1.763       2.578             100               0
  254         131.640      34.238           0.000       0.000             254              -0
  115         480.306    -864.338         -21.614       6.124             115               0
   45        1523.674     780.710           0.000       0.000              45               0
  178         478.267    -124.197          29.892      17.901             178              -0
   74       -1118.495     897.460           0.000       0.000              74              -0
   66        -855.496    2168.525         -10.068      11.246              66               0
  245        1214.539    -504.182           0.000       0.000             245               0
  150        1409.093     206.399          -1.286       1.695             150               0
   64        -800.071     809.003           0.000       0.000              64              -0
   45        -289.957   -2999.252         -15.439       3.567              45               0
  179        1355.932     526.305           0.000       0.000             179               0
  212         310.250    1361.919          21.037      14.045             212              -0
   18        -989.941    -612.653           0.000       0.000              18              -0
  111         909.765     859.951          -3.515      10.018             111               0
   67         552.886    1878.207           0.000       0.000              67               0
  251       -2133.072    1420.283          -1.039       1.239             251               0
   18          36.301    -287.970           0.000       0.000              18              -0
   77        -405.489    1911.037         -12.068       2.170              77               0
   23        -256.896   -2578.862           0.000       0.000              23               0
  235       -1202.905    -406.483          15.981      11.843             235              -0
  237         379.524     147.707           0.000       0.000             237              -0
   21        -868.367     246.811          -6.600       6.056              21               0
  183        1833.233     598.418           0.000       0.000             183               0
  116         254.294    1983.753          -0.888       0.958             116               0
  176        -998.551     972.901           0.000       0.000             176              -0
   67        1214.742    -381.615          -9.937       1.288              67               0
  130        -511.172    -205.021           0.000       0.000             130               0
  140       -2458.052    -778.539          12.699      10.413             140              -0
  149        -250.587   -2039.960           0.000       0.000             149              -0
   90        -185.598     755.316          -3.928       5.957              90               0
  172        1150.586     453.744           0.000       0.000             172               0
  129       -1261.928     483.553          -0.785       0.768             129               0
  139        2277.399    1921.169           0.000       0.000             139              -0
  138          68.634    -196.958          -8.461       0.676             138               0
  246         930.273    -802.975           0.000       0.000             246               0
   12       -1220.367     839.368          10.387       9.406              12              -0
   18        1007.616   -1688.736           0.000       0.000              18              -0
   17        -468.505     998.924          -5.127       3.851              17               0
  209         138.983   -1487.969           0.000       0.000             209               0
  254         814.564     589.416          -0.710       0.630             254               0
   39         271.506    -108.335           0.000       0.000              39              -0
  157        -288.638    -171.238          -7.375       0.226             157               0
  119         442.692     325.894           0.000       0.000             119               0
  249        -306.316     441.157           8.662       8.656             249              -0
  233        -270.594     157.960           0.000       0.000             233              -0
  196         587.814   -2519.841          -2.358       4.757             196               0
    8        -101.335    1079.780           0.000       0.000               8               0
   51       -1114.452     -67.631          -0.653       0.524              51               0
   15         557.177    -709.862           0.000       0.000              15              -0
  226        1724.911    -668.369          -6.538      -0.120             226               0
    6         277.771    -304.872           0.000       0.000               6               0
   65         120.039     675.208           7.321       8.072              65              -0
   55        -958.021    -387.336           0.000       0.000              55              -0
  254         483.209    1775.522          -4.299       2.613             254               0
   71         637.592    2181.016           0.000       0.000              71               0
   38       -3331.512    -152.034          -0.608       0.441              38               0
  201       -2386.565   -1949.498           0.000       0.000             201              -0
  116         768.958     144.404          -5.870      -0.397             116               0
   32       -1825.417    -872.193           0.000       0.000              32               0
  247        2025.739     549.453           6.244       7.603             247              -0
    2         101.028    1572.028           0.000       0.000               2              -0
   84       -1387.388     382.778          -3.061       3.098              84               0
  153          12.192     831.361           0.000       0.000             153               0
  225        -623.381    1895.143          -0.571       0.373             225               0
   91        1211.825     407.322           0.000       0.000              91              -0
  166         898.406   -1266.240          -5.323      -0.623             166               0
  106          43.482     -25.205           0.000       0.000             106               0
  191         -66.911    -156.800           5.356       7.216             191              -0
  212       -1491.723    -465.297           0.000       0.000             212              -0
  143        -447.122    2596.335          -3.761       1.807             143               0
    1        -622.006     -94.543           0.000       0.000               1               0
  218         -16.073    -323.064          -0.541       0.316             218               0
   97        1764.564    -736.495           0.000       0.000              97              -0
  102       -1422.408      23.485          -4.865      -0.813             102               0
   64        1237.074     960.149           0.000       0.000              64               0
  220         757.724   -2127.227           4.607       6.890             220              -0
  177         -69.231      63.583           0.000       0.000             177              -0
   26       -1457.698   -1508.302          -2.432       2.717              26               0
   31       -1033.785     850.993           0.000       0.000              31               0
    1        -793.641      32.130          -0.514       0.268               1               0
  237          40.891      64.752           0.000       0.000             237              -0
  204        1301.255   -1499.473          -4.473      -0.976             204               0
  200         571.766     494.041           0.000       0.000             200               0
   60         483.960    -370.671           3.965       6.610              60              -0
  253          93.687     683.814           0.000       0.000             253              -0
   32       -1379.372    -388.920          -3.376       1.232              32               0
  106        -651.221   -1157.992           0.000       0.000             106               0
  253       -1211.651    2850.934          -0.492       0.226             253               0
  243         320.348    1639.449           0.000       0.000             243              -0
   41         445.309    1100.382          -4.133      -1.116              41               0
  105         524.563    -119.388           0.000       0.000             105               0
  227        2697.686     772.016           3.406       6.367             227              -0
  133         554.135   -1484.397           0.000       0.000             133              -0
   17       -1459.759   -3707.274          -2.669       1.807              17               0
   94        -417.170     854.895           0.000       0.000              94               0
  226        -475.675     506.225          -0.472       0.190             226               0
   43        1020.083     736.873           0.000       0.000              43              -0
   84       -2462.021   -1979.661          -3.834      -1.240              84               0
  176          46.651     659.305           0.000       0.000             176               0
  194       -1599.517    -525.869           2.912       6.152             194              -0
    1         -67.389       2.860           0.000       0.000               1              -0
  159       -1701.715   -1042.345          -3.083       0.792             159               0
   69        1931.117    1822.798           0.000       0.000              69               0
  193        -528.151     682.806          -0.455       0.157             193               0
  180        1214.747     879.321           0.000       0.000             180              -0
  114         574.897     327.776          -3.567      -1.351             114               0
    7        -490.142    1638.324           0.000       0.000               7               0
  131         549.863    1726.293           2.471       5.959             131              -0
  244        1848.386    -831.420           0.000       0.000             244              -0
   90         872.028     686.299          -2.074       1.950              90               0
   29         -99.049    -558.034           0.000       0.000              29               0
  246       -2556.587     393.575          -0.439       0.128             246               0
   88       -1120.297     193.847           0.000       0.000              88              -0
  241        1074.193     186.339          -3.327      -1.450             241               0
  159         870.375   -2408.528           0.000       0.000             159               0
  103        -799.726     219.295           2.073       5.786             103              -0
   93       -1019.190    2981.375           0.000       0.000              93              -0
   80         143.092    2068.438          -2.848       0.440              80               0
  132        1076.920    2330.495           0.000       0.000             132               0
   46        1019.053     -53.113          -0.425       0.101              46               0
    7        2551.496     895.372           0.000       0.000               7              -0
  197        1120.931    1506.467          -3.108      -1.541             197               0
   72        -179.659     955.062           0.000       0.000              72               0
  241        1427.501    -134.602           1.710       5.628             241              -0
    8          88.684     899.083           0.000       0.000               8              -0
  149         215.010     673.197          -2.432       1.025             149               0
  248        -391.293    1948.713           0.000       0.000             248               0
  127        1593.170     721.022          -0.411       0.077             127               0
   75        1713.735    -802.151           0.000       0.000              75              -0
   46        2551.056    -885.996          -2.908      -1.624              46               0
  158        -699.657     -72.260           0.000       0.000             158               0
  139        -845.358     574.125           1.375       5.482             139              -0
  226        1154.173    -443.507           0.000       0.000             226              -0
   94         579.717   -1781.965          -2.651       0.147              94               0
   55        -418.614   -1265.683           0.000       0.000              55               0
  219         666.017    -885.418          -0.399       0.055             219               0
   54          46.026    -567.459           0.000       0.000              54              -0
  125        2395.075      94.805          -2.723      -1.701             125               0
  246       -1321.662   -3159.410           0.000       0.000             246               0
    3        -806.561    1509.670           1.066       5.347               3              -0
  180        -824.570    1992.128           0.000       0.000             180              -0
  149         732.093   -2011.665          -2.185       1.050             149               0
   74        1697.478     480.964           0.000       0.000              74               0
  127        1112.212    -684.555          -0.388       0.034             127               0
   98        -748.428   -1093.999           0.000       0.000              98              -0
  224        -100.494    2831.922          -2.550      -1.772             224               0
  115        1236.743    -225.327           0.000       0.000             115               0
   97        -269.341    1227.049           0.777       5.221              97              -0
   79          16.470    -667.487           0.000       0.000              79              -0
   45        3326.357    -857.578          -2.482      -0.107              45               0
  111         184.808    -941.348           0.000       0.000             111               0
  187        -940.250    -704.942          -0.377       0.014             187               0
   13         -39.493    1614.799           0.000       0.000              13              -0
  247        2892.397    -212.295          -2.387      -1.840             247               0
  251        -742.961     817.633           0.000       0.000             251               0
   22        -281.879    -379.100           0.505       5.103              22              -0
  170        1079.360   -2293.373           0.000       0.000             170              -0
  204         452.376    -103.148          -2.262       0.464             204               0
   30         361.028    -519.022           0.000       0.000              30               0
  211          37.144     909.410          -0.368      -0.004             211               0
  124        -328.820    -741.156           0.000       0.000             124              -0
  105        1374.655     234.732          -2.234      -1.903             105               0
  146        1391.132   -1815.937           0.000       0.000             146               0
   30        1711.501    1919.119           0.247       4.991              30              -0
  184        -971.950   -1785.395           0.000       0.000             184              -0
   11        -311.976     468.864          -2.332      -0.331              11               0
  175        -556.532    1603.512           0.000       0.000             175               0
   67         419.750      51.137          -0.358      -0.022              67               0
    6        -267.744     250.860           0.000       0.000               6              -0
  145         150.882    1626.307          -2.088      -1.964             145               0
  172         167.617    1105.946           0.000       0.000             172               0
  106       -1275.819     179.205           0.002       4.884             106              -0
   66       -1157.495     696.557           0.000       0.000              66              -0
  217        1925.677     478.591          -2.058       0.694             217               0
  244        -884.444   -2440.483           0.000       0.000             244               0
  165        -114.088   -1045.783          -0.349      -0.038             165              -0
  212        2829.982     687.836           0.000       0.000             212              -0
  162        -269.420   -1664.900          -1.948      -2.021             162               0
   64        1143.536    1014.381           0.000       0.000              64               0
  119         -37.701    1982.275          -0.233       4.782             119              -0
  252       -1491.017   -1474.107           0.000       0.000             252              -0
  135        1780.398     673.003          -2.196      -0.536             135               0
  208        1244.749     765.938           0.000       0.000             208               0
  253       -1986.767   -1153.114          -0.340      -0.054             253              -0
    4        -370.963    -243.081           0.000       0.000               4              -0
  185        -202.794   -1922.261          -1.814      -2.077             185               0
  198         706.438    -799.994           0.000       0.000             198               0
  198        -877.349    -915.586          -0.459       4.683             198              -0
  164        1997.857    1587.511           0.000       0.000             164              -0
   62        1929.414     123.392          -2.125       0.013              62               0
   72        -551.916    -365.642           0.000       0.000              72               0
   15       -1291.920   -1128.617          -0.332      -0.070              15              -0
   76         -20.427     270.225           0.000       0.000              76              -0
  203        1051.759     352.915          -1.684      -2.131             203               0
  126       -1026.741    1317.028           0.000       0.000             126               0
  249       -3099.589    3547.828          -0.679       4.588             249              -0
   72        1563.238     797.193           0.000       0.000              72              -0
  164        -757.704    -667.210          -2.069      -0.726             164               0
  104       -1174.632     112.980           0.000       0.000             104               0
  181         348.107    -116.567          -0.324      -0.085             181              -0
   78        -341.550   -1513.315           0.000       0.000              78              -0
   68        1077.285    -193.299          -1.558      -2.183              68               0
   26         516.986   -2295.189           0.000       0.000              26               0
  104          95.042     -50.563          -0.892       4.495             104              -0
  130         132.226   -2125.323           0.000       0.000             130              -0
  130        -449.751     192.586          -2.046       0.113             130               0
   39        -556.627    -348.064           0.000       0.000              39               0
  157         914.780     878.692          -0.316      -0.100             157              -0
   50       -1069.751     259.830           0.000       0.000              50              -0
  102         157.587    -635.814          -1.434      -2.234             102               0
  189        1134.063    1145.792           0.000       0.000             189               0
  247         314.313     714.918          -1.101       4.404             247              -0
   98         326.937    1226.965           0.000       0.000              98              -0
  135         256.814     651.850          -1.948      -0.907             135               0
   51       -1598.401    -475.310           0.000       0.000              51               0
  227         972.509    -733.572          -0.308      -0.114             227              -0
  154       -2136.317     920.052           0.000       0.000             154              -0
   50         346.948   -2749.407          -1.313      -2.285              50               0
   46        2602.857    -683.043           0.000       0.000              46               0
  164         412.688   -3711.556          -1.307       4.314             164              -0
  207        -751.520     770.356           0.000       0.000             207              -0
  114       -2561.156    -780.499          -2.004      -0.386             114               0
  128        -167.759    -888.765           0.000       0.000             128               0
   84       -1093.562   -1173.170          -0.300      -0.128              84              -0
   52        1317.205    -773.640           0.000       0.000              52              -0
  195         591.185    -150.894          -1.193      -2.334             195               0
  142         173.692    2165.403           0.000       0.000             142               0
  236         239.825    2039.945          -1.510       4.226             236              -0
  171        1044.140   -1595.687           0.000       0.000             171              -0
  187        -690.641   -2817.739          -1.831      -1.082             187               0
  186         473.357   -2539.740           0.000       0.000             186               0
   80       -1423.168     154.430          -0.293      -0.142              80              -0
   50         383.283    1180.852           0.000       0.000              50              -0
  240        -999.601    -983.858          -1.074      -2.384             240               0
   70         -53.483    -988.589           0.000       0.000              70               0
   13        2242.701   -1262.562          -1.712       4.138              13              -0
  169         710.856    -375.622           0.000       0.000             169              -0
  187        1037.633   -1704.746           0.000       0.000             187               0
  203       -2185.000      -0.035           0.000       0.000             203               0
  206        1037.340    1705.513          -0.285      -0.156             206              -0
  147         710.847     376.107           0.000       0.000             147              -0
  108        2242.094    1263.523          -0.956      -2.433             108               0
  239         -54.237     988.627           0.000       0.000             239               0
  103       -1000.102     983.418          -1.914       4.050             103              -0
    9         383.553   -1180.669           0.000       0.000               9              -0
   11       -1423.133    -154.439          -1.715      -1.255              11               0
  149         472.597    2540.238           0.000       0.000             149               0
   95        -691.474    2817.307          -0.278      -0.170              95              -0
  186        1043.706    1595.369           0.000       0.000             186              -0
    3         240.455   -2040.380          -0.837      -2.482               3               0
  191         174.401   -2165.207           0.000       0.000             191               0
  131         591.101     151.486          -2.116       3.962             131              -0
   33        1316.649     774.362           0.000       0.000              33              -0
  134       -1094.287    1172.934          -1.888      -0.768             134               0
    2        -168.303     888.722           0.000       0.000               2               0
  238       -2561.412     779.591          -0.270      -0.185             238              -0
    4        -750.852    -770.358           0.000       0.000               4              -0
  110         411.883    3711.778          -0.717      -2.531             110               0
   52        2602.645     683.652           0.000       0.000              52               0
  254         345.612    2749.055          -2.319       3.873             254              -0
   64       -2136.076    -921.291           0.000       0.000              64              -0
   60         972.305     733.587          -1.598      -1.430              60               0
   43       -1598.514     474.299           0.000       0.000              43               0
   68         257.280    -652.238          -0.262      -0.199              68              -0
  130         327.489   -1227.122           0.000       0.000             130              -0
   26         314.670    -714.925          -0.596      -2.581              26               0
   27        1134.415   -1145.351           0.000       0.000              27               0
  211         157.176     635.915          -2.526       3.783             211              -0
  251       -1069.661    -260.281           0.000       0.000             251              -0
  210         915.091    -878.306          -1.929      -0.677             210               0
  225        -556.825     348.041           0.000       0.000             225               0
   39        -449.607    -192.505          -0.254      -0.213              39              -0
  125         131.630    2125.441           0.000       0.000             125              -0
  162          95.128      50.558          -0.473      -2.632             162               0
   99         516.298    2295.212           0.000       0.000              99               0
  110        1077.106     193.354          -2.736       3.692             110              -0
  242        -342.231    1512.844           0.000       0.000             242              -0
  142         347.881     116.192          -1.478      -1.610             142               0
  167       -1174.727    -113.769           0.000       0.000             167               0
  241        -757.803     666.438          -0.246      -0.228             241              -0
   70        1563.320    -797.363           0.000       0.000              70              -0
  129       -3098.514   -3549.114          -0.348      -2.684             129               0
  229       -1025.856   -1317.131           0.000       0.000             229               0
  246        1052.161    -352.323          -2.951       3.598             246              -0
   14         -20.315    -269.988           0.000       0.000              14              -0
  235       -1292.100    1128.284          -1.767      -1.165             235               0
  164        -551.515     365.336           0.000       0.000             164               0
  237        1929.854    -122.907          -0.238      -0.243             237              -0
  250        1998.275   -1586.713           0.000       0.000             250              -0
  170        -877.779     915.574          -0.219      -2.738             170               0
  107         706.170     800.355           0.000       0.000             107               0
  119        -203.529    1922.071          -3.172       3.502             119              -0
  156        -371.100     242.692           0.000       0.000             156              -0
  149       -1986.856    1152.102          -1.351      -1.799             149               0
  166        1245.448    -765.882           0.000       0.000             166               0
  131        1780.574    -672.484          -0.230      -0.259             131              -0
  217       -1491.528    1473.332           0.000       0.000             217              -0
   13         -36.711   -1982.562          -0.086      -2.793              13               0
  255        1144.072   -1013.791           0.000       0.000             255               0
   15        -269.740    1664.861          -3.400       3.403              15              -0
   34        2830.222    -686.934           0.000       0.000              34              -0
  251        -114.740    1045.828          -1.936      -0.960             251               0
  120        -885.225    2439.826           0.000       0.000             120               0
  134        1925.731    -478.527          -0.221      -0.275             134              -0
   51       -1157.531    -697.301           0.000       0.000              51              -0
  118       -1275.652    -179.962           0.052      -2.850             118               0
  140         168.199   -1106.199           0.000       0.000             140               0
  157         151.531   -1626.310          -3.637       3.299             157              -0
  166        -267.533    -250.889           0.000       0.000             166              -0
  221         419.859     -51.089          -1.216      -2.001             221               0
   78        -555.904   -1603.663           0.000       0.000              78               0
   79        -311.615    -468.659          -0.212      -0.292              79              -0
  118        -972.096    1785.072           0.000       0.000             118              -0
   49        1712.596   -1918.491           0.197      -2.910              49               0
  216        1390.666    1816.535           0.000       0.000             216               0
  168        1374.648    -234.359          -3.885       3.191             168              -0
  213        -329.146     740.944           0.000       0.000             213              -0
  181          37.552    -909.429          -1.632      -1.612             181               0
   66         360.992     519.239           0.000       0.000              66               0
   16         452.479     103.415          -0.202      -0.310              16              -0
   24        1078.602    2293.617           0.000       0.000              24              -0
   21        -282.023     378.568           0.348      -2.973              21               0
   43        -742.358    -818.151           0.000       0.000              43               0
   89        2892.447     213.058          -4.146       3.078              89              -0
  136         -39.174   -1614.824           0.000       0.000             136              -0
   29        -940.377     704.788          -1.068      -2.223              29               0
   13         184.918     941.359           0.000       0.000              13               0
  250        3326.111     858.469          -0.192      -0.329             250              -0
  215          15.956     667.083           0.000       0.000             215              -0
  242        -268.939   -1227.449           0.508      -3.039             242               0
  245        1236.626     225.474           0.000       0.000             245               0
  116         -99.690   -2831.912          -4.422       2.957             116              -0
  211        -748.670    1094.021           0.000       0.000             211              -0
   81        1112.196     684.861          -1.791      -1.604              81               0
  173        1697.557    -480.394           0.000       0.000             173               0
  181         731.089    2011.681          -0.181      -0.348             181              -0
   24        -824.147   -1992.667           0.000       0.000              24              -0
   35        -806.059   -1509.546           0.678      -3.109              35               0
  115       -1322.359    3159.134           0.000       0.000             115               0
   22        2395.342     -94.200          -4.716       2.829              22              -0
  226          45.783     567.442           0.000       0.000             226              -0
  233         665.703     885.582          -0.902      -2.472             233               0
  170        -418.986    1265.394           0.000       0.000             170               0
  230         579.276    1781.760          -0.170      -0.370             230              -0
  219        1153.981     443.318           0.000       0.000             219              -0
  136        -845.167    -574.831           0.860      -3.185             136               0
  123        -699.253      71.764           0.000       0.000             123               0
  194        2551.102     886.488          -5.032       2.692             194              -0
  247        1713.414     802.104           0.000       0.000             247              -0
  208        1593.135    -721.197          -1.465      -2.163             208               0
  245        -390.872   -1949.272           0.000       0.000             245               0
  212         215.207    -673.360          -0.158      -0.392             212              -0
  151          89.064    -899.261           0.000       0.000             151              -0
  244        1427.453     134.786           1.057      -3.266             244               0
   63        -179.331    -955.522           0.000       0.000              63               0
   46        1121.597   -1506.339          -5.373       2.544              46              -0
  171        2551.663    -894.643           0.000       0.000             171              -0
  215        1018.651      53.131          -0.709      -2.760             215               0
  169        1077.250   -2330.459           0.000       0.000             169               0
   12         143.263   -2068.428          -0.144      -0.417              12              -0
  139       -1018.535   -2981.338           0.000       0.000             139              -0
   80        -799.692    -218.891           1.270      -3.355              80               0
  197         869.526    2409.010           0.000       0.000             197               0
  197        1073.876    -186.151          -5.744       2.382             197              -0
  141       -1120.683    -194.307           0.000       0.000             141              -0
  251       -2556.410    -394.449          -1.926      -2.048             251               0
  251         -98.852     557.897           0.000       0.000             251               0
   46         872.531    -686.138          -0.129      -0.444              46              -0
  179        1848.072     831.774           0.000       0.000             179              -0
   37         550.167   -1726.422           1.505      -3.452              37               0
   55        -489.723   -1638.457           0.000       0.000              55               0
  168         574.989    -327.497          -6.152       2.204             168              -0
  102        1214.817    -878.873           0.000       0.000             102              -0
  104        -528.123    -682.912          -0.480      -3.104             104               0
   19        1931.346   -1821.829           0.000       0.000              19               0
  134       -1702.506    1042.122          -0.113      -0.474             134              -0
   10         -67.632      -2.746           0.000       0.000              10              -0
   47       -1599.843     525.412           1.764      -3.559              47               0
   49          46.759    -659.115           0.000       0.000              49               0
   80       -2462.581    1978.849          -6.606       2.007              80              -0
  129        1020.529    -736.697           0.000       0.000             129              -0
   68        -475.534    -506.305          -1.233      -2.926              68               0
   88        -416.855    -854.618           0.000       0.000              88               0
   43       -1460.722    3706.919          -0.095      -0.508              43              -0
   26         554.128    1484.042           0.000       0.000              26              -0
   98        2698.023    -771.592           2.055      -3.680              98               0
  241         524.266     119.182           0.000       0.000             241               0
  127         445.437   -1100.626          -7.114       1.785             127              -0
    1         320.559   -1639.551           0.000       0.000               1              -0
  194       -1210.941   -2851.051          -0.195      -3.530             194               0
   60        -651.677    1158.158           0.000       0.000              60               0
   99       -1379.379     388.467          -0.075      -0.545              99              -0
  123          94.173    -683.723           0.000       0.000             123              -0
  160         483.988     370.933           2.384      -3.816             160               0
  105         572.000    -493.697           0.000       0.000             105               0
  138        1300.608    1499.955          -7.693       1.533             138              -0
   22          40.587     -64.875           0.000       0.000              22              -0
  249        -793.873     -32.468          -1.551      -3.227             249               0
   18       -1033.587    -851.210           0.000       0.000              18               0
  149       -1458.035    1507.903          -0.051      -0.589             149              -0
   29         -68.885     -63.619           0.000       0.000              29              -0
  193         757.218    2127.264           2.761      -3.972             193               0
   58        1237.297    -960.055           0.000       0.000              58               0
   52       -1422.376     -24.023          -8.359       1.243              52              -0
   56        1764.351     736.935           0.000       0.000              56              -0
  108         -16.440     322.759           0.176      -4.084             108               0
   88        -622.198      93.902           0.000       0.000              88               0
  170        -446.351   -2596.594          -0.024      -0.639             170              -0
   43       -1491.785     464.941           0.000       0.000              43              -0
  193         -66.711     156.731           3.201      -4.154             193               0
   14          43.699      25.172           0.000       0.000              14               0
   22         898.118    1266.284          -9.138       0.904              22              -0
  211        1211.813    -407.395           0.000       0.000             211              -0
   62        -622.943   -1895.584          -0.856      -4.169              62               0
  237          12.343    -831.348           0.000       0.000             237               0
   68       -1387.233    -383.288           0.008      -0.698              68              -0
  154         101.782   -1571.919           0.000       0.000             154              -0
  139        2025.735    -548.474           3.724      -4.371             139               0
  184       -1825.960     871.754           0.000       0.000             184               0
   14         768.790    -144.043         -10.069       0.499              14              -0
  249       -2387.489    1948.581           0.000       0.000             249              -0
  251       -3331.161     150.422           0.690      -4.854             251               0
  189         638.907   -2181.075           0.000       0.000             189               0
   28         484.016   -1775.158           0.046      -0.769              28              -0
  146        -957.904     387.245           0.000       0.000             146              -0
  105         120.644    -674.998           4.357      -4.633             105               0
  148         278.038     305.199           0.000       0.000             148               0
  250        1724.837     669.063         -11.203       0.004             250              -0
  237         556.792     710.014           0.000       0.000             237              -0
  190       -1114.471      67.150          -1.647      -4.885             190               0
   71        -100.756   -1079.646           0.000       0.000              71               0
  216         587.086    2520.050           0.094      -0.857             216              -0
   57        -270.478    -158.368           0.000       0.000              57              -0
  190        -305.991    -441.408           5.146      -4.960             190               0
  180         442.956    -325.774           0.000       0.000             180               0
   56        -288.541     171.126         -12.626      -0.615              56               0
   96         271.690     108.354           0.000       0.000              96              -0
   46         814.865    -589.090           1.469      -6.020              46               0
  109         138.489    1487.949           0.000       0.000             109               0
  195        -468.038    -999.155           0.155      -0.970             195              -0
  231        1007.111    1688.954           0.000       0.000             231              -0
  241       -1219.952    -839.992           6.160      -5.380             241               0
  251         930.256     803.129           0.000       0.000             251               0
  198          68.769     196.585         -14.474      -1.420             198               0
  186        2277.974   -1920.608           0.000       0.000             186              -0
   72       -1261.881    -483.916          -0.042      -6.852              72               0
   10        1150.728    -453.293           0.000       0.000              10               0
  134        -185.534    -755.121           0.235      -1.119             134              -0
  131        -251.480    2039.985           0.000       0.000             131              -0
  166       -2458.228     777.459           7.520      -5.943             166               0
   71        -510.787     204.553           0.000       0.000              71               0
   27        1214.827     381.631         -16.983      -2.512              27               0
  187        -998.066    -973.648           0.000       0.000             187              -0
   58         255.314   -1983.766           2.824      -8.048              58               0
  141        1833.468    -597.676           0.000       0.000             141               0
  213        -868.359    -246.994           0.348      -1.327             213              -0
  139         379.573    -147.459           0.000       0.000             139              -0
  229       -1202.993     406.220           9.451      -6.743             229               0
  106        -257.565    2578.445           0.000       0.000             106               0
   41        -404.662   -1911.600         -20.607      -4.091              41               0
  255          36.309     287.745           0.000       0.000             255              -0
   16       -2132.253   -1421.289          -0.551      -9.966              16               0
  235         554.061   -1878.006           0.000       0.000             235               0
   86         910.295    -859.403           0.517      -1.640              86              -0
  241        -989.861     612.401           0.000       0.000             241              -0
  119         311.176   -1361.738          12.424      -7.975             119               0
   72        1356.349    -525.446           0.000       0.000              72               0
   97        -290.834    2999.154         -26.337      -6.586              97               0
  168        -799.392    -809.594           0.000       0.000             168              -0
  203        1409.569    -206.034           5.864     -12.598             203               0
   40        1214.418     504.308           0.000       0.000              40               0
  192        -854.722   -2168.977           0.803      -2.168             192              -0
  145       -1117.784    -897.656           0.000       0.000             145              -0
  103         478.792     124.474          17.632     -10.132             103               0
  204        1524.270    -780.064           0.000       0.000             204               0
   88         480.163     864.570         -36.837     -11.159              88               0
  146         131.813     -34.346           0.000       0.000             146              -0
   89        -526.635   -1438.715           3.685     -19.139              89               0
  167         500.568      26.325           0.000       0.000             167               0
  130         427.946    -821.704           1.390      -3.254             130              -0
   77         142.114    1037.212           0.000       0.000              77              -0
   31        -648.872    1280.309          29.202     -14.924              31               0
  141        -466.152   -1009.453           0.000       0.000             141               0
   30        -589.903     580.774         -62.511     -22.340              30               0
  120        1828.285   -1184.170           0.000       0.000             120              -0
  131       -2325.145     758.699          19.573     -33.115             131               0
  202         463.963   -3161.416           0.000       0.000             202               0
   47        1431.758    1301.732           3.312      -6.810              47              -0
  183       -1775.338    1925.713           0.000       0.000             183              -0
   74       -1462.255    -370.963          77.666     -34.999              74               0
  185       -1736.450   -1882.631           0.000       0.000             185               0
  160         678.453   -1123.363        -224.755     -92.995             160               0
  115        -236.459     185.235           0.000       0.000             115              -0
  112       -1193.724    -660.622           0.000       0.000             112               0
