SINAL     NFT                         FFT                         NFT INVERSA     FFT INVERSA
-----     -----------------------     -----------------------     -----------     -----------
  168       65516.000       0.000           0.000       0.000             168               0
  115         427.870     570.284           0.000      -0.000             115               0
   16         358.730    -341.089           0.000       0.000              16               0
  255         -83.671     239.672           0.000      -0.000             255               0
  124        1587.187    -555.631           0.000       0.000             124               0
  158        -310.534     -40.783           0.000      -0.000             158               0
   80       -1227.907    -893.592           0.000       0.000              80               0
   53        -824.128    1816.674           0.000      -0.000              53               0
   77        -334.979   -1833.205           0.000       0.000              77               0
   94         -36.550     844.512           0.000      -0.000              94               0
  237         846.995   -1134.748           0.000       0.000             237               0
  252        1511.490   -1060.828           0.000      -0.000             252               0
  241        -494.274   -1509.379           0.000       0.000             241               0
   75         557.468    -293.429           0.000      -0.000              75               0
  215        -514.358     -76.661           0.000       0.000             215               0
  146         -21.871     257.904           0.000      -0.000             146               0
   52       -1233.813    -471.940           0.000       0.000              52               0
  209        1469.785     438.727           0.000      -0.000             209               0
  124        1439.526    -410.939           0.000       0.000             124               0
    5         717.162     674.214           0.000      -0.000               5               0
  157        -368.275    2281.255           0.000       0.000             157               0
  179        -675.299     -88.593           0.000      -0.000             179               0
   87       -2360.939     -12.993           0.000       0.000              87               0
  226        -638.388    -855.958           0.000      -0.000             226               0
  237        -123.701     -98.280           0.000       0.000             237               0
   56        1389.776    1086.966           0.000      -0.000              56               0
   30        1601.881     591.624           0.000       0.000              30               0
  112        -721.202    2023.009           0.000      -0.000             112               0
  201         961.773     353.090           0.000       0.000             201               0
   39         432.618    -471.441           0.000      -0.000              39               0
  121       -1043.912     401.236           0.000       0.000             121               0
  230        -951.082    -489.998           0.000      -0.000             230               0
    4        -680.425    3531.060           0.000       0.000               4               0
  179        -873.669     712.932           0.000      -0.000             179               0
  177        -842.415    -404.322           0.000       0.000             177               0
   11        -466.054    1544.002           0.000      -0.000              11               0
  150        -744.382      67.288           0.000       0.000             150               0
  113         570.504    -379.604           0.000      -0.000             113               0
  253        -710.416    -396.015           0.000       0.000             253               0
   77         705.638    -375.835           0.000      -0.000              77               0
  168        -175.045    -722.334           0.000       0.000             168               0
  224       -1396.768     982.663           0.000      -0.000             224               0
   22           6.221     218.545           0.000       0.000              22               0
   52        1701.023   -2340.345           0.000      -0.000              52               0
  202         996.894     134.671           0.000       0.000             202               0
  121        1252.827     478.397           0.000      -0.000             121               0
  224         473.861     714.279           0.000       0.000             224               0
  178        -533.616   -1756.446           0.000      -0.000             178               0
   61        2792.213    1003.906           0.000       0.000              61               0
   52       -1749.835   -1727.702           0.000      -0.000              52               0
  185        -437.696    -908.690           0.000       0.000             185               0
   42        -420.732    -532.691           0.000      -0.000              42               0
   78        -479.583    -617.742           0.000       0.000              78               0
  246         726.746    -865.293           0.000      -0.000             246               0
  164        -684.940    -414.405           0.000       0.000             164               0
  208        3242.099   -1084.145           0.000      -0.000             208               0
  253         434.308    -731.941           0.000       0.000             253               0
  111       -2930.908    -311.976           0.000      -0.000             111               0
  221        1349.945     435.367           0.000       0.000             221               0
  148       -1032.232    1058.129           0.000      -0.000             148               0
  196       -1482.604    -835.673           0.000       0.000             196               0
   63       -1988.445   -2280.944           0.000      -0.000              63               0
   21        -336.973    1684.463           0.000       0.000              21               0
  238       -1373.252    1013.946           0.000      -0.000             238               0
   99         -14.878    -520.724           0.000       0.000              99               0
   62         276.117   -1272.505           0.000      -0.000              62               0
   56         472.929    1156.666           0.000       0.000              56               0
   81        1567.808    -578.415           0.000      -0.000              81               0
   80        -953.773   -2337.350           0.000       0.000              80               0
  149        1170.891    -643.366           0.000      -0.000             149               0
    7         234.452    1950.225           0.000       0.000               7               0
  244       -1461.284    -897.996           0.000      -0.000             244               0
    2        -356.887     127.192           0.000       0.000               2               0
   55       -1632.240     -21.779           0.000      -0.000              55               0
  203        -899.364     392.395           0.000       0.000             203               0
   67       -1215.017     446.868           0.000      -0.000              67               0
  101          23.823   -1602.440           0.000       0.000             101               0
  184        -432.199    -675.333           0.000      -0.000             184               0
  154        -877.934     834.399           0.000       0.000             154               0
   31        1420.013    -672.518           0.000      -0.000              31               0
   99        -236.655    1633.441           0.000       0.000              99               0
   20         421.557    -933.841           0.000      -0.000              20               0
  157        -536.974   -1060.136           0.000       0.000             157               0
  150        -333.433      -6.996           0.000      -0.000             150               0
   68        1665.238     468.418           0.000       0.000              68               0
   34         132.181    1200.137           0.000      -0.000              34               0
  249        1134.668    1623.007           0.000       0.000             249               0
  153         -53.164    2087.006           0.000      -0.000             153               0
   38        1639.914    1254.196           0.000       0.000              38               0
  164        -370.904      22.832           0.000      -0.000             164               0
    4         656.139    -193.615           0.000       0.000               4               0
  237        -147.370    1114.563           0.000      -0.000             237               0
    2        2100.910    -983.041           0.000       0.000               2               0
  155         107.711     333.676           0.000      -0.000             155               0
  195        1603.247     188.957           0.000       0.000             195               0
  196         246.541    2121.546           0.000      -0.000             196               0
  144         -46.321    -534.325           0.000       0.000             144               0
  186          41.717      92.605           0.000      -0.000             186               0
  117        -137.502     204.608           0.000       0.000             117               0
   40          28.998     814.566           0.000      -0.000              40               0
    5       -1084.643    -278.931           0.000       0.000               5               0
  245         227.954    1488.208           0.000      -0.000             245               0
  136        -472.758    -117.407           0.000       0.000             136               0
   43         174.575   -2155.283           0.000      -0.000              43               0
  148         784.708    1388.415           0.000       0.000             148               0
  133         459.136     -73.328           0.000      -0.000             133               0
  221         842.437     395.252           0.000       0.000             221               0
  152        1964.393    1175.003           0.000      -0.000             152               0
   49        -906.371   -1036.463           0.000       0.000              49               0
  157       -1704.461    1858.456           0.000      -0.000             157               0
  249       -1056.524     277.219           0.000       0.000             249               0
   93        1929.704    2478.492           0.000      -0.000              93               0
  152        -251.510   -1077.672           0.000       0.000             152               0
    5        -884.076    -933.951           0.000      -0.000               5               0
  255         506.917   -2086.120           0.000       0.000             255               0
   71         609.717    -731.094           0.000      -0.000              71               0
   92         223.823    -731.891           0.000       0.000              92               0
  116        -329.192    2160.032           0.000      -0.000             116               0
   99       -1128.816    -495.534           0.000       0.000              99               0
   12       -1279.228     -62.862           0.000      -0.000              12               0
  229        -448.326    -357.311           0.000       0.000             229               0
  233         420.603     789.744           0.000      -0.000             233               0
  148        2922.215   -1082.672           0.000       0.000             148               0
  196       -3272.929    1193.279           0.000      -0.000             196               0
  170        1889.857      31.295           0.000       0.000             170               0
   66        2153.159    -261.568           0.000      -0.000              66               0
   61         792.777     416.437           0.000       0.000              61               0
   80        -881.045    1402.542           0.000      -0.000              80               0
  246        -996.957    -425.117           0.000       0.000             246               0
  102         264.666     234.579           0.000      -0.000             102               0
  230         315.797     837.738           0.000       0.000             230               0
  126        3353.711    1085.016           0.000      -0.000             126               0
   64       -1022.485     347.503           0.000       0.000              64               0
   35       -1137.484    -857.944           0.000      -0.000              35               0
  126       -1942.307    1902.972           0.000       0.000             126               0
  103        -275.535     744.040           0.000      -0.000             103               0
   46        1554.487     350.599           0.000       0.000              46               0
  181        -599.716    -366.328           0.000      -0.000             181               0
  108        -571.317   -1534.677           0.000       0.000             108               0
  243         620.500    -530.025           0.000      -0.000             243               0
  197        -617.720    -750.868           0.000       0.000             197               0
  169         291.832     861.246           0.000      -0.000             169               0
    4        -313.716     491.307           0.000       0.000               4               0
  212       -1304.656    -133.843           0.000      -0.000             212               0
  195         594.433    1106.817           0.000       0.000             195               0
  195         506.097    -131.709           0.000      -0.000             195               0
  143        1608.372    -238.065           0.000       0.000             143               0
  175         651.958     971.077           0.000      -0.000             175               0
  251         740.465     537.722           0.000       0.000             251               0
   42        1039.074    1036.128           0.000      -0.000              42               0
   74         -82.865   -1108.752           0.000       0.000              74               0
  102       -1497.809     481.579           0.000      -0.000             102               0
  231        2642.598    -765.110           0.000       0.000             231               0
   51        3660.169   -2695.121           0.000      -0.000              51               0
    7         884.207   -1094.004           0.000       0.000               7               0
  202         586.931   -1356.957           0.000      -0.000             202               0
  145       -1403.651   -1992.196           0.000       0.000             145               0
  227        1539.937    -851.396           0.000      -0.000             227               0
   91        1052.043    -749.218           0.000       0.000              91               0
  113        -942.040    1752.719           0.000      -0.000             113               0
  122       -2082.536    2816.492           0.000       0.000             122               0
  159        -742.421    1499.072           0.000      -0.000             159               0
   43        -478.546     193.655           0.000       0.000              43               0
   48       -1873.717    3158.772           0.000      -0.000              48               0
   23        -122.601    -567.637           0.000       0.000              23               0
   41       -1662.319     759.034           0.000      -0.000              41               0
  149        2086.767    -565.533           0.000       0.000             149               0
   62         -67.442    -777.925           0.000      -0.000              62               0
  163        -194.973     -31.180           0.000       0.000             163               0
  234        -204.174    -155.590           0.000      -0.000             234               0
  100       -2053.965     245.841           0.000       0.000             100               0
   89        -158.817     498.312           0.000      -0.000              89               0
  165         930.116    1277.343           0.000       0.000             165               0
    7        1055.348    -670.211           0.000      -0.000               7               0
   94         901.352   -2463.988           0.000       0.000              94               0
   45        2502.960     393.464           0.000      -0.000              45               0
  244         691.769    -722.820           0.000       0.000             244               0
   50        -119.140    1156.503           0.000      -0.000              50               0
  189        1199.859    1676.881           0.000       0.000             189               0
   55        1178.432    -634.427           0.000      -0.000              55               0
   25         438.548     391.167           0.000       0.000              25               0
  217        -871.624    -481.715           0.000      -0.000             217               0
  167        -475.896    1931.936           0.000       0.000             167               0
   78       -2047.193     306.877           0.000      -0.000              78               0
  151         304.753    -950.885           0.000       0.000             151               0
  215        -373.481     900.111           0.000      -0.000             215               0
   35         375.957   -2034.617           0.000       0.000              35               0
   26        1453.073   -1494.042           0.000      -0.000              26               0
  126         455.216   -2085.655           0.000       0.000             126               0
   43        -556.974   -1407.420           0.000      -0.000              43               0
  127       -3830.703   -1096.312           0.000       0.000             127               0
   89         209.501   -1053.957           0.000      -0.000              89               0
  189        1265.059    -552.431           0.000       0.000             189               0
    1         -73.572     247.356           0.000      -0.000               1               0
  174         100.998     425.408           0.000       0.000             174               0
   91         178.432    1731.645           0.000      -0.000              91               0
  242       -1535.155      -2.642           0.000       0.000             242               0
   32        1374.478    -693.091           0.000      -0.000              32               0
  242       -1152.423   -1287.356           0.000       0.000             242               0
   20          95.546   -1581.294           0.000      -0.000              20               0
  112        1838.564    1388.065           0.000       0.000             112               0
  245        1324.499    1633.399           0.000      -0.000             245               0
  202        2037.853   -2133.779           0.000       0.000             202               0
  237        1936.121    -815.875           0.000      -0.000             237               0
   96        1277.185    -319.211           0.000       0.000              96               0
  200       -2683.861    -723.098           0.000      -0.000             200               0
  166         844.137    -622.198           0.000       0.000             166               0
  164       -1444.281    1299.786           0.000      -0.000             164               0
   19          28.852   -1847.482           0.000       0.000              19               0
   71         976.967     863.339           0.000      -0.000              71               0
  154        -291.730    -270.011           0.000       0.000             154               0
   41        -124.605    1360.017           0.000      -0.000              41               0
  135        1325.221     740.899           0.000       0.000             135               0
  103         -28.561   -1112.360           0.000      -0.000             103               0
  144        1341.524    -586.330           0.000       0.000             144               0
  162        1728.652      35.851           0.000      -0.000             162               0
  170        1050.531   -1118.303           0.000       0.000             170               0
    2        -577.840    1202.599           0.000      -0.000               2               0
   42        -175.900    -863.177           0.000       0.000              42               0
  239         670.513    -593.870           0.000      -0.000             239               0
   58         716.104     356.415           0.000       0.000              58               0
  252        -405.099      29.088           0.000      -0.000             252               0
  202         543.912     125.703           0.000       0.000             202               0
  185       -2444.294      18.730           0.000      -0.000             185               0
   61         712.469    1798.018           0.000       0.000              61               0
  133        -182.512   -1251.045           0.000      -0.000             133               0
   32       -1358.686    -710.156           0.000       0.000              32               0
   59       -2226.455    2375.012           0.000      -0.000              59               0
  117       -2538.280   -1516.752           0.000       0.000             117               0
   70         997.148     999.102           0.000      -0.000              70               0
  104         -76.498   -1987.893           0.000       0.000             104               0
  202       -2661.491     -24.089           0.000      -0.000             202               0
  116        1702.909   -2413.561           0.000       0.000             116               0
   50         140.763   -2946.500           0.000      -0.000              50               0
  194       -1623.151    1171.913           0.000       0.000             194               0
  191        -165.141    1355.478           0.000      -0.000             191               0
   91        -527.635     450.611           0.000       0.000              91               0
   33        -827.097    -155.713           0.000      -0.000              33               0
   95          79.064   -1795.594           0.000       0.000              95               0
  226          43.573   -2224.883           0.000      -0.000             226               0
  117        -217.198     425.609           0.000       0.000             117               0
  101       -1011.493    1219.302           0.000      -0.000             101               0
   34        -705.695    1127.973           0.000       0.000              34               0
  102        1039.357    -683.662           0.000      -0.000             102               0
  207         313.054    -890.366           0.000       0.000             207               0
   96       -1093.028    -270.111           0.000      -0.000              96               0
   65        -197.332   -1054.536           0.000       0.000              65               0
  184         978.877     871.242           0.000      -0.000             184               0
   86         657.857   -1458.626           0.000       0.000              86               0
  131       -1736.798   -1936.169           0.000      -0.000             131               0
   26        -183.460    1624.749           0.000       0.000              26               0
   81         243.664    -502.743           0.000      -0.000              81               0
  150         364.265     -39.782           0.000       0.000             150               0
  134        2151.747     782.816           0.000      -0.000             134               0
  196        -406.618       3.415           0.000       0.000             196               0
   15         -13.367    1122.937           0.000      -0.000              15               0
  186         202.000      -0.065           0.000       0.000             186               0
  191         -12.984   -1122.966           0.000       0.000             191               0
   33        -406.431      -3.468           0.000       0.000              33               0
   42        2152.030    -781.966           0.000       0.000              42               0
   29         363.985      40.124           0.000       0.000              29               0
  194         243.241     502.901           0.000       0.000             194               0
  188        -183.200   -1624.499           0.000       0.000             188               0
  217       -1737.444    1935.961           0.000       0.000             217               0
  111         657.532    1458.757           0.000       0.000             111               0
  140         979.044    -870.921           0.000       0.000             140               0
  204        -197.937    1054.573           0.000       0.000             204               0
  174       -1093.161     269.747           0.000       0.000             174               0
  198         312.832     890.423           0.000       0.000             198               0
  165        1038.944     683.764           0.000       0.000             165               0
  154        -705.602   -1128.386           0.000       0.000             154               0
  102       -1011.155   -1219.471           0.000       0.000             102               0
  134        -217.028    -425.219           0.000       0.000             134               0
  255          42.793    2225.194           0.000       0.000             255               0
  250          78.318    1795.445           0.000       0.000             250               0
  159        -827.275     155.123           0.000       0.000             159               0
  157        -527.509    -450.993           0.000       0.000             157               0
  145        -164.775   -1355.476           0.000       0.000             145               0
  208       -1622.695   -1171.919           0.000       0.000             208               0
  196         140.004    2946.974           0.000       0.000             196               0
   42        1701.875    2413.936           0.000       0.000              42               0
  252       -2661.678      22.966           0.000       0.000             252               0
   12         -76.996    1987.546           0.000       0.000              12               0
   53         997.242    -999.086           0.000       0.000              53               0
  204       -2539.051    1515.558           0.000       0.000             204               0
  160       -2225.461   -2375.963           0.000       0.000             160               0
  175       -1358.483     709.803           0.000       0.000             175               0
   67        -182.483    1250.695           0.000       0.000              67               0
   93         713.212   -1797.992           0.000       0.000              93               0
  160       -2443.992     -19.496           0.000       0.000             160               0
  240         544.457    -125.520           0.000       0.000             240               0
  114        -404.684     -29.225           0.000       0.000             114               0
   37         716.615    -356.103           0.000       0.000              37               0
   74         670.523     594.174           0.000       0.000              74               0
  105        -176.002     862.981           0.000       0.000             105               0
   69        -577.033   -1202.802           0.000       0.000              69               0
   44        1050.632    1118.720           0.000       0.000              44               0
  181        1728.895     -35.325           0.000       0.000             181               0
  233        1341.298     586.755           0.000       0.000             233               0
  188         -28.928    1112.102           0.000       0.000             188               0
  105        1325.438    -740.769           0.000       0.000             105               0
  214        -124.270   -1360.057           0.000       0.000             214               0
    7        -291.757     270.006           0.000       0.000               7               0
   16         977.261    -862.834           0.000       0.000              16               0
  176          28.072    1847.516           0.000       0.000             176               0
   77       -1443.766   -1300.294           0.000       0.000              77               0
  222         844.013     622.668           0.000       0.000             222               0
   21       -2683.754     722.244           0.000       0.000              21               0
   27        1277.764     319.664           0.000       0.000              27               0
  229        1936.202     816.559           0.000       0.000             229               0
   64        2037.194    2134.128           0.000       0.000              64               0
   94        1324.939   -1633.315           0.000       0.000              94               0
  116        1838.716   -1387.239           0.000       0.000             116               0
  145          94.573    1581.557           0.000       0.000             145               0
   15       -1152.990    1286.848           0.000       0.000              15               0
  118        1374.075     693.257           0.000       0.000             118               0
   63       -1535.324       1.763           0.000       0.000              63               0
  142         179.069   -1731.699           0.000       0.000             142               0
  247         101.120    -425.202           0.000       0.000             247               0
  226         -73.472    -247.134           0.000       0.000             226               0
  253        1264.719     553.133           0.000       0.000             253               0
   79         208.635    1054.220           0.000       0.000              79               0
    8       -3831.135    1095.144           0.000       0.000               8               0
  155        -556.957    1407.291           0.000       0.000             155               0
   37         454.908    2085.677           0.000       0.000              37               0
   95        1452.682    1494.213           0.000       0.000              95               0
   28         375.149    2034.159           0.000       0.000              28               0
  164        -373.259    -900.774           0.000       0.000             164               0
  228         304.291     950.561           0.000       0.000             228               0
   86       -2047.074    -308.135           0.000       0.000              86               0
  142        -474.962   -1932.339           0.000       0.000             142               0
  164        -871.391     481.327           0.000       0.000             164               0
  103         439.160    -391.210           0.000       0.000             103               0
  195        1178.545     634.512           0.000       0.000             195               0
   70        1200.522   -1676.738           0.000       0.000              70               0
  200        -118.618   -1156.420           0.000       0.000             200               0
  191         691.837     723.161           0.000       0.000             191               0
   75        2503.147    -392.509           0.000       0.000              75               0
  205         900.328    2464.200           0.000       0.000             205               0
   73        1054.895     670.038           0.000       0.000              73               0
  156         930.157   -1277.402           0.000       0.000             156               0
   43        -159.132    -498.483           0.000       0.000              43               0
   38       -2054.047    -246.595           0.000       0.000              38               0
  114        -204.124     155.439           0.000       0.000             114               0
  133        -194.914      31.022           0.000       0.000             133               0
  163         -67.568     777.722           0.000       0.000             163               0
  130        2086.364     565.840           0.000       0.000             130               0
   57       -1662.382    -759.961           0.000       0.000              57               0
  251        -122.930     567.094           0.000       0.000             251               0
  133       -1872.688   -3159.704           0.000       0.000             133               0
  111        -478.343    -193.864           0.000       0.000             111               0
  181        -741.858   -1499.502           0.000       0.000             181               0
   58       -2081.302   -2817.021           0.000       0.000              58               0
  139        -940.812   -1752.398           0.000       0.000             139               0
  220        1052.370     750.229           0.000       0.000             220               0
   76        1539.825     852.386           0.000       0.000              76               0
  171       -1404.055    1991.983           0.000       0.000             171               0
   42         587.036    1357.180           0.000       0.000              42               0
  143         884.426    1094.317           0.000       0.000             143               0
   27        3659.508    2696.090           0.000       0.000              27               0
  185        2641.898     765.440           0.000       0.000             185               0
   69       -1497.974    -482.457           0.000       0.000              69               0
  164         -83.098    1108.313           0.000       0.000             164               0
  222        1039.526   -1036.224           0.000       0.000             222               0
  186         740.641    -537.725           0.000       0.000             186               0
  235         652.291    -970.966           0.000       0.000             235               0
   29        1608.152     238.531           0.000       0.000              29               0
    1         505.759     131.649           0.000       0.000               1               0
   47         594.433   -1106.752           0.000       0.000              47               0
  192       -1304.937     133.349           0.000       0.000             192               0
  149        -313.539    -491.514           0.000       0.000             149               0
  235         292.071    -861.062           0.000       0.000             235               0
  153        -617.982     750.774           0.000       0.000             153               0
  230         620.291     530.221           0.000       0.000             230               0
   98        -571.909    1534.266           0.000       0.000              98               0
   18        -599.704     365.684           0.000       0.000              18               0
  104        1554.567    -350.510           0.000       0.000             104               0
   34        -275.608    -744.497           0.000       0.000              34               0
  181       -1941.730   -1903.680           0.000       0.000             181               0
  162       -1137.484     857.533           0.000       0.000             162               0
  109       -1021.763    -348.118           0.000       0.000             109               0
  173        3354.358   -1084.060           0.000       0.000             173               0
  157         315.886    -837.635           0.000       0.000             157               0
  118         264.587    -234.453           0.000       0.000             118               0
  117        -997.130     424.649           0.000       0.000             117               0
  113        -880.281   -1402.930           0.000       0.000             113               0
  190         793.317    -416.062           0.000       0.000             190               0
  113        2153.168     262.319           0.000       0.000             113               0
   91        1889.431     -30.759           0.000       0.000              91               0
  161       -3272.547   -1194.303           0.000       0.000             161               0
   38        2922.012    1083.686           0.000       0.000              38               0
   74         420.497    -789.651           0.000       0.000              74               0
  199        -448.772     357.192           0.000       0.000             199               0
  138       -1279.387      62.385           0.000       0.000             138               0
  167       -1128.864     494.966           0.000       0.000             167               0
  208        -328.231   -2160.086           0.000       0.000             208               0
  159         223.790     732.274           0.000       0.000             159               0
   91         609.568     731.460           0.000       0.000              91               0
  254         506.150    2086.190           0.000       0.000             254               0
   64        -884.382     933.267           0.000       0.000              64               0
    7        -251.632    1076.949           0.000       0.000               7               0
  175        1930.481   -2478.294           0.000       0.000             175               0
  220       -1056.679    -277.730           0.000       0.000             220               0
  107       -1703.698   -1859.023           0.000       0.000             107               0
   29        -906.197    1036.139           0.000       0.000              29               0
  233        1965.161   -1174.491           0.000       0.000             233               0
  143         842.604    -394.942           0.000       0.000             143               0
  210         459.124      73.433           0.000       0.000             210               0
   96         785.118   -1388.007           0.000       0.000              96               0
  226         173.718    2155.361           0.000       0.000             226               0
  147        -472.841     116.855           0.000       0.000             147               0
  151         228.419   -1488.306           0.000       0.000             151               0
   47       -1084.677     278.494           0.000       0.000              47               0
   40          29.464    -814.666           0.000       0.000              40               0
  245        -137.259    -204.682           0.000       0.000             245               0
   99          41.948     -92.654           0.000       0.000              99               0
   36         -46.254     534.047           0.000       0.000              36               0
   43         247.585   -2121.596           0.000       0.000              43               0
  156        1603.493    -188.308           0.000       0.000             156               0
  183         107.957    -333.562           0.000       0.000             183               0
   34        2100.582     983.630           0.000       0.000              34               0
  128        -147.119   -1114.773           0.000       0.000             128               0
  188         656.045     193.750           0.000       0.000             188               0
   14        -370.816     -23.235           0.000       0.000              14               0
  199        1640.361   -1253.949           0.000       0.000             199               0
  114         -52.527   -2087.086           0.000       0.000             114               0
   74        1135.161   -1622.432           0.000       0.000              74               0
  207         132.510   -1199.748           0.000       0.000             207               0
  194        1665.185    -467.453           0.000       0.000             194               0
  250        -333.770       7.284           0.000       0.000             250               0
  141        -537.441    1060.192           0.000       0.000             141               0
  200         421.166     933.892           0.000       0.000             200               0
  147        -236.169   -1633.470           0.000       0.000             147               0
  231        1419.559     673.176           0.000       0.000             231               0
   42        -877.986    -834.507           0.000       0.000              42               0
  216        -432.576     675.478           0.000       0.000             216               0
    8          23.065    1602.422           0.000       0.000               8               0
   31       -1215.069    -447.423           0.000       0.000              31               0
  129        -899.312    -392.663           0.000       0.000             129               0
   84       -1632.157      21.314           0.000       0.000              84               0
   36        -356.676    -127.202           0.000       0.000              36               0
  131       -1461.301     897.462           0.000       0.000             131               0
   29         235.515   -1950.008           0.000       0.000              29               0
    3        1170.806     644.212           0.000       0.000               3               0
   60        -954.393    2337.099           0.000       0.000              60               0
  184        1567.769     578.666           0.000       0.000             184               0
  242         473.201   -1156.528           0.000       0.000             242               0
   24         275.521    1272.646           0.000       0.000              24               0
  122         -15.310     520.485           0.000       0.000             122               0
   83       -1373.059   -1014.567           0.000       0.000              83               0
  146        -336.498   -1684.267           0.000       0.000             146               0
  149       -1989.205    2280.524           0.000       0.000             149               0
   59       -1482.590     834.948           0.000       0.000              59               0
  233       -1031.396   -1058.588           0.000       0.000             233               0
  212        1350.297    -434.750           0.000       0.000             212               0
   90       -2930.663     311.218           0.000       0.000              90               0
  118         434.871     732.253           0.000       0.000             118               0
  239        3241.967    1085.264           0.000       0.000             239               0
  122        -685.125     414.163           0.000       0.000             122               0
  215         726.523     865.518           0.000       0.000             215               0
   65        -479.770     617.512           0.000       0.000              65               0
   40        -420.774     532.503           0.000       0.000              40               0
   19        -437.819     908.488           0.000       0.000              19               0
  207       -1749.865    1726.807           0.000       0.000             207               0
  127        2792.955   -1003.203           0.000       0.000             127               0
   33        -534.079    1756.040           0.000       0.000              33               0
  197         474.438    -714.475           0.000       0.000             197               0
  116        1253.219    -478.074           0.000       0.000             116               0
  142         997.038    -134.252           0.000       0.000             142               0
  202        1700.104    2340.725           0.000       0.000             202               0
   13           5.982    -219.005           0.000       0.000              13               0
   15       -1396.485    -983.299           0.000       0.000              15               0
  158        -175.095     722.185           0.000       0.000             158               0
  212         705.560     375.842           0.000       0.000             212               0
  237        -710.510     395.494           0.000       0.000             237               0
  225         570.404     379.417           0.000       0.000             225               0
  196        -744.388     -68.015           0.000       0.000             196               0
  244        -465.478   -1544.452           0.000       0.000             244               0
    6        -842.445     403.778           0.000       0.000               6               0
  204        -873.224    -713.716           0.000       0.000             204               0
  176        -678.980   -3531.315           0.000       0.000             176               0
   42        -950.906     489.906           0.000       0.000              42               0
  169       -1043.237    -401.574           0.000       0.000             169               0
  215         433.053     471.482           0.000       0.000             215               0
   60         962.251    -353.058           0.000       0.000              60               0
   12        -720.097   -2023.334           0.000       0.000              12               0
  218        1602.516    -590.971           0.000       0.000             218               0
   47        1390.199   -1086.311           0.000       0.000              47               0
  235        -123.800      98.494           0.000       0.000             235               0
  199        -638.681     855.788           0.000       0.000             199               0
   36       -2360.614      12.084           0.000       0.000              36               0
  189        -674.670      88.134           0.000       0.000             189               0
  194        -366.782   -2281.401           0.000       0.000             194               0
   87         718.113    -673.657           0.000       0.000              87               0
   87        1439.910     411.634           0.000       0.000              87               0
  195        1470.115    -438.066           0.000       0.000             195               0
   35       -1233.713     471.685           0.000       0.000              35               0
    7         -21.276    -257.781           0.000       0.000               7               0
   29        -513.779      76.703           0.000       0.000              29               0
  103         558.008     293.882           0.000       0.000             103               0
  183        -494.041    1509.358           0.000       0.000             183               0
   21        1511.875    1061.271           0.000       0.000              21               0
  229         847.129    1134.792           0.000       0.000             229               0
    4         -35.725    -844.638           0.000       0.000               4               0
  170        -334.902    1832.886           0.000       0.000             170               0
  191        -822.611   -1817.116           0.000       0.000             191               0
  201       -1226.900     893.224           0.000       0.000             201               0
  185        -308.795      40.588           0.000       0.000             185               0
  138        1588.897     556.031           0.000       0.000             138               0
   80         -81.285    -239.842           0.000       0.000              80               0
  125         362.151     341.064           0.000       0.000             125               0
  131         435.027    -570.254           0.000       0.000             131               0
