SINAL     NFT                         FFT                         NFT INVERSA     FFT INVERSA
-----     -----------------------     -----------------------     -----------     -----------
  158       65112.000       0.000           0.000       0.000             158               0
   21        1351.312     130.341           0.000      -0.000              21               0
  132       -1814.480     669.494           0.000       0.000             132               0
  102        -140.508   -3001.463           0.000      -0.000             102               0
   53        -242.138     -62.554           0.000       0.000              53               0
  140         -45.984     -11.319           0.000      -0.000             140               0
    5         -62.585     528.457           0.000       0.000               5               0
  173       -2372.098    -814.969           0.000      -0.000             173               0
   74         -48.468    -823.418           0.000       0.000              74               0
  207         247.289     500.055           0.000      -0.000             207               0
  149        -211.885    -518.356           0.000       0.000             149               0
  126       -1162.531    -973.862           0.000      -0.000             126               0
  246       -1354.464    -419.097           0.000       0.000             246               0
  241        -287.881    -649.550           0.000      -0.000             241               0
  215         -42.688    -110.228           0.000       0.000             215               0
   68       -1352.887   -1389.082           0.000      -0.000              68               0
  192        1757.833    -463.408           0.000       0.000             192               0
   20       -1875.654   -1762.730           0.000      -0.000              20               0
  233       -1894.534   -1589.790           0.000       0.000             233               0
   76        1525.524     342.774           0.000      -0.000              76               0
   76       -1772.281     323.946           0.000       0.000              76               0
  213        1110.710    1649.243           0.000      -0.000             213               0
  159        -535.354     506.883           0.000       0.000             159               0
  229         -69.640    -685.332           0.000      -0.000             229               0
  170        -216.558     -43.048           0.000       0.000             170               0
  114        1127.404     342.442           0.000      -0.000             114               0
   16         -45.557    -181.752           0.000       0.000              16               0
  134        -383.163      17.641           0.000      -0.000             134               0
  125         668.233       7.782           0.000       0.000             125               0
   38         -47.830     -26.252           0.000      -0.000              38               0
  131        1649.447    -985.000           0.000       0.000             131               0
  181         576.126    1341.061           0.000      -0.000             181               0
  196        1028.951    1213.640           0.000       0.000             196               0
   82       -1040.358    -202.458           0.000      -0.000              82               0
   62        -618.751    -377.932           0.000       0.000              62               0
   99         271.149    1789.408           0.000      -0.000              99               0
  252        2483.793    3231.645           0.000       0.000             252               0
   46        -679.381     187.238           0.000      -0.000              46               0
  208        1776.789    -658.674           0.000       0.000             208               0
  248       -1469.215     304.454           0.000      -0.000             248               0
  170          35.631    2170.812           0.000       0.000             170               0
   96        -328.432    1589.106           0.000      -0.000              96               0
   91        1296.536    1103.345           0.000       0.000              91               0
  238         593.268    -300.159           0.000      -0.000             238               0
  115         492.125     233.730           0.000       0.000             115               0
  173         538.565    1214.784           0.000      -0.000             173               0
  117        -887.079     921.879           0.000       0.000             117               0
  140        -282.610   -1054.323           0.000      -0.000             140               0
  234       -2054.488   -1233.938           0.000       0.000             234               0
   17         697.281    -492.396           0.000      -0.000              17               0
  159        2189.140   -1081.556           0.000       0.000             159               0
  140        1674.902      97.813           0.000      -0.000             140               0
   58         727.376    -284.513           0.000       0.000              58               0
  220        -569.246    1663.804           0.000      -0.000             220               0
    9       -1271.192   -1094.017           0.000       0.000               9               0
  187        -770.226     669.214           0.000      -0.000             187               0
  151       -1344.588    1253.662           0.000       0.000             151               0
   52       -1821.116    -947.804           0.000      -0.000              52               0
  124        -670.728   -4556.523           0.000       0.000             124               0
  167       -1640.378    -245.522           0.000      -0.000             167               0
  159         663.765    -302.951           0.000       0.000             159               0
  219        -720.539    2069.593           0.000      -0.000             219               0
  125        1499.205    1894.772           0.000       0.000             125               0
    5        -290.736   -2254.824           0.000      -0.000               5               0
   35         -28.664    -413.207           0.000       0.000              35               0
  178        -224.100    2644.363           0.000      -0.000             178               0
  250         -94.813   -1191.637           0.000       0.000             250               0
  235       -1822.663    1143.500           0.000      -0.000             235               0
  125        2244.951    -804.948           0.000       0.000             125               0
  160        1241.000     439.080           0.000      -0.000             160               0
   78        1173.078   -1944.993           0.000       0.000              78               0
  152         451.510   -1543.877           0.000      -0.000             152               0
  243         183.006     -12.664           0.000       0.000             243               0
  240       -1991.960    1013.063           0.000      -0.000             240               0
  216        -750.124    -127.680           0.000       0.000             216               0
   58         474.154    -449.748           0.000      -0.000              58               0
    9         400.786    1030.728           0.000       0.000               9               0
   24        -249.770     556.012           0.000      -0.000              24               0
   89        1802.761    -451.961           0.000       0.000              89               0
  110         -51.029     114.916           0.000      -0.000             110               0
   29       -2293.458    -274.617           0.000       0.000              29               0
  226        1468.650   -2579.325           0.000      -0.000             226               0
  206        -651.049    2354.921           0.000       0.000             206               0
   46         511.636    1186.938           0.000      -0.000              46               0
  248         978.629   -1543.482           0.000       0.000             248               0
  111        3131.052     797.095           0.000      -0.000             111               0
   40        -538.065     202.459           0.000       0.000              40               0
   80         753.713    -351.367           0.000      -0.000              80               0
   44       -1393.408    -343.023           0.000       0.000              44               0
  138       -2715.646     765.083           0.000      -0.000             138               0
  180        -705.773     728.849           0.000       0.000             180               0
  177        1282.524     727.456           0.000      -0.000             177               0
   32        1250.587    -816.255           0.000       0.000              32               0
  127         163.258   -1950.660           0.000      -0.000             127               0
   27       -1485.154    1177.912           0.000       0.000              27               0
  191         580.373    -578.805           0.000      -0.000             191               0
  131        -520.958    -711.020           0.000       0.000             131               0
  231        1359.984   -2792.253           0.000      -0.000             231               0
  182        -631.633    2996.831           0.000       0.000             182               0
  246       -1173.069     964.443           0.000      -0.000             246               0
  172         754.441   -1301.519           0.000       0.000             172               0
  101         266.023     463.660           0.000      -0.000             101               0
  222        -761.070    -297.584           0.000       0.000             222               0
   59        -479.428     671.234           0.000      -0.000              59               0
   59       -1126.293    1842.188           0.000       0.000              59               0
   48        -539.425    -877.491           0.000      -0.000              48               0
   82       -1362.043   -1040.559           0.000       0.000              82               0
  159          -9.804    1498.277           0.000      -0.000             159               0
  199         760.475   -1738.286           0.000       0.000             199               0
  166        1653.261     844.757           0.000      -0.000             166               0
   66        1769.605     224.354           0.000       0.000              66               0
  182        1076.831     -91.741           0.000      -0.000             182               0
  241         635.003    2291.301           0.000       0.000             241               0
  157         361.735     945.612           0.000      -0.000             157               0
   53         321.923    2056.697           0.000       0.000              53               0
   85         122.443    -385.660           0.000      -0.000              85               0
   45        1807.571     839.465           0.000       0.000              45               0
  228       -2433.708    2043.063           0.000      -0.000             228               0
  138        1095.432      56.806           0.000       0.000             138               0
   86        1109.333    -682.137           0.000      -0.000              86               0
   11        -974.302   -1039.268           0.000       0.000              11               0
   48       -1216.961   -1118.263           0.000      -0.000              48               0
  164        -747.963    -848.883           0.000       0.000             164               0
  241        -415.579     751.465           0.000      -0.000             241               0
  153       -1268.549    -130.160           0.000       0.000             153               0
  200        -763.671    -652.272           0.000      -0.000             200               0
  150        1390.372    1649.218           0.000       0.000             150               0
   76         366.013    -279.101           0.000      -0.000              76               0
   13        -661.026     266.922           0.000       0.000              13               0
  231          94.721     677.029           0.000      -0.000             231               0
   16        -400.350     425.259           0.000       0.000              16               0
   82        1462.204   -1700.228           0.000      -0.000              82               0
   24        -193.887    -471.222           0.000       0.000              24               0
  189        1994.481   -1487.635           0.000      -0.000             189               0
  242        -677.623     840.823           0.000       0.000             242               0
   19        -898.665   -1205.273           0.000      -0.000              19               0
   69       -1635.635   -1377.341           0.000       0.000              69               0
   99       -1209.613     452.325           0.000      -0.000              99               0
   36         -24.224     340.580           0.000       0.000              36               0
  196        1132.261   -2013.688           0.000      -0.000             196               0
   46         254.224    1468.603           0.000       0.000              46               0
  237        1618.504     576.099           0.000      -0.000             237               0
   68        -201.258     936.119           0.000       0.000              68               0
  198        1386.915    -261.013           0.000      -0.000             198               0
   55         -46.746    2545.634           0.000       0.000              55               0
  136         101.655    -279.798           0.000      -0.000             136               0
  191         -62.493    1358.813           0.000       0.000             191               0
    7        1707.637    -688.313           0.000      -0.000               7               0
  164       -1404.215    -539.129           0.000       0.000             164               0
   27        1236.693    2217.151           0.000      -0.000              27               0
   84       -2021.311     819.595           0.000       0.000              84               0
  126          76.473    -621.916           0.000      -0.000             126               0
   94        -505.727    -949.640           0.000       0.000              94               0
  148        -975.883    -312.944           0.000      -0.000             148               0
   92         716.063    1327.543           0.000       0.000              92               0
  203       -1677.762       1.006           0.000      -0.000             203               0
  119         755.286    1423.563           0.000       0.000             119               0
  232        -681.347    -974.696           0.000      -0.000             232               0
  103         294.244    -306.747           0.000       0.000             103               0
  179        1270.010    -368.303           0.000      -0.000             179               0
   73       -1220.662     311.112           0.000       0.000              73               0
  239         128.636    -782.607           0.000      -0.000             239               0
   42       -1013.791    1600.458           0.000       0.000              42               0
  241         727.698    -734.012           0.000      -0.000             241               0
  189        -412.013     686.211           0.000       0.000             189               0
  166         903.054     609.336           0.000      -0.000             166               0
  150         341.814   -2703.279           0.000       0.000             150               0
  174         904.609    -373.790           0.000      -0.000             174               0
    2         935.958     219.840           0.000       0.000               2               0
   25        1183.854    1639.053           0.000      -0.000              25               0
  202        2028.799     576.021           0.000       0.000             202               0
  113        1008.247      36.595           0.000      -0.000             113               0
  207        -322.460    1441.721           0.000       0.000             207               0
  130         366.805   -3054.934           0.000      -0.000             130               0
  119         -87.579    1281.078           0.000       0.000             119               0
   29        1892.169     911.367           0.000      -0.000              29               0
   84        1054.745   -1212.323           0.000       0.000              84               0
   60        -601.649     446.180           0.000      -0.000              60               0
  217        -320.470    1324.861           0.000       0.000             217               0
   59       -2529.074    1008.565           0.000      -0.000              59               0
  101       -1464.226    1370.520           0.000       0.000             101               0
  221       -1277.562     557.826           0.000      -0.000             221               0
  138         211.387     929.888           0.000       0.000             138               0
   87        -245.574    2564.263           0.000      -0.000              87               0
   49       -1176.676   -1744.800           0.000       0.000              49               0
  174        -192.866   -1236.790           0.000      -0.000             174               0
  200        -574.579     252.562           0.000       0.000             200               0
  221        1204.163     410.904           0.000      -0.000             221               0
   92         -89.574    1383.974           0.000       0.000              92               0
  239       -1694.688    -255.881           0.000      -0.000             239               0
  238         -90.178    2123.844           0.000       0.000             238               0
  132        -858.050    -580.708           0.000      -0.000             132               0
  124           6.729     742.688           0.000       0.000             124               0
   84        1616.861    -302.302           0.000      -0.000              84               0
   37         563.811     545.648           0.000       0.000              37               0
  195         987.964     574.685           0.000      -0.000             195               0
  242         267.659    -850.897           0.000       0.000             242               0
  142        -697.300     672.156           0.000      -0.000             142               0
   56       -1189.958    1074.827           0.000       0.000              56               0
  204       -1548.263    1404.283           0.000      -0.000             204               0
   61         828.302    1018.031           0.000       0.000              61               0
   36        1622.168     -78.815           0.000      -0.000              36               0
  152        -497.969    1923.456           0.000       0.000             152               0
   25        -310.378   -1081.869           0.000      -0.000              25               0
  227       -1142.445   -1411.477           0.000       0.000             227               0
  175          65.497    -975.837           0.000      -0.000             175               0
   96        -295.233     -43.650           0.000       0.000              96               0
  135        -561.682     177.989           0.000      -0.000             135               0
   41       -1529.783   -2768.982           0.000       0.000              41               0
   65       -1965.235     776.080           0.000      -0.000              65               0
  177        -269.017      36.085           0.000       0.000             177               0
  163         860.415    -247.641           0.000      -0.000             163               0
   65        -413.684    -692.708           0.000       0.000              65               0
  223         584.484    1265.075           0.000      -0.000             223               0
    1        2321.206    -386.684           0.000       0.000               1               0
  245        2694.518    -642.547           0.000      -0.000             245               0
  126        -766.732    -102.767           0.000       0.000             126               0
  242        -375.069    -896.283           0.000      -0.000             242               0
   18        1312.684     253.900           0.000       0.000              18               0
  174        1412.794    -122.588           0.000      -0.000             174               0
  246         172.388    2997.751           0.000       0.000             246               0
   29        -770.576    3288.073           0.000      -0.000              29               0
  185         291.887   -3205.474           0.000       0.000             185               0
  252        1191.639     -90.733           0.000      -0.000             252               0
   50        1132.584     315.923           0.000       0.000              50               0
    2        1064.053    1369.956           0.000      -0.000               2               0
  154        1692.490   -1092.570           0.000       0.000             154               0
  156         296.807   -1447.965           0.000      -0.000             156               0
  151       -1118.964    -274.544           0.000       0.000             151               0
  215        1278.322   -2058.233           0.000      -0.000             215               0
  130       -1416.899    -586.033           0.000       0.000             130               0
   15        1308.903   -1433.671           0.000      -0.000              15               0
   49         505.274    -380.451           0.000       0.000              49               0
  131        -413.009   -2816.867           0.000      -0.000             131               0
   82       -1374.682   -1228.704           0.000       0.000              82               0
   53         455.895     988.966           0.000      -0.000              53               0
   34        1215.189    -485.179           0.000       0.000              34               0
   74       -3548.021    -543.045           0.000      -0.000              74               0
   78        1829.113   -1399.165           0.000       0.000              78               0
  206        -316.041   -1792.541           0.000      -0.000             206               0
  233         828.860    -109.515           0.000       0.000             233               0
  160        1202.751    2942.890           0.000      -0.000             160               0
  242        -168.067    -218.026           0.000       0.000             242               0
  189        -824.512      56.566           0.000      -0.000             189               0
  116       -1076.848   -1339.233           0.000       0.000             116               0
   39        -190.259    -441.370           0.000      -0.000              39               0
   25        -455.670   -1875.037           0.000       0.000              25               0
  194         202.029    1427.152           0.000      -0.000             194               0
  211       -1315.413   -2071.209           0.000       0.000             211               0
   88         173.373    -622.132           0.000      -0.000              88               0
  122        1565.227     -99.209           0.000       0.000             122               0
  112        1212.361    -439.150           0.000      -0.000             112               0
  119         505.771     131.410           0.000       0.000             119               0
    4         557.009    1256.864           0.000      -0.000               4               0
  129        1823.079    -822.290           0.000       0.000             129               0
  250        2684.464     272.700           0.000      -0.000             250               0
   63       -5002.000      -0.810           0.000       0.000              63               0
  131        2685.112    -271.684           0.000       0.000             131               0
  232        1822.742     822.902           0.000       0.000             232               0
  219         557.266   -1256.630           0.000       0.000             219               0
    6         505.750    -130.964           0.000       0.000               6               0
  102        1212.116     439.781           0.000       0.000             102               0
   32        1564.846      99.949           0.000       0.000              32               0
   52         172.653     622.451           0.000       0.000              52               0
   90       -1316.375    2070.718           0.000       0.000              90               0
  240         202.380   -1427.049           0.000       0.000             240               0
  143        -456.463    1875.040           0.000       0.000             143               0
  119        -190.557     441.249           0.000       0.000             119               0
   10       -1077.359    1338.712           0.000       0.000              10               0
  207        -824.345     -57.100           0.000       0.000             207               0
   77        -167.867     217.668           0.000       0.000              77               0
  221        1203.879   -2942.402           0.000       0.000             221               0
   56         828.711     110.349           0.000       0.000              56               0
  206        -316.711    1792.750           0.000       0.000             206               0
   25        1828.307    1399.769           0.000       0.000              25               0
   85       -3548.287     541.765           0.000       0.000              85               0
   34        1215.300     485.489           0.000       0.000              34               0
  105         456.103    -988.657           0.000       0.000             105               0
   42       -1375.097    1228.610           0.000       0.000              42               0
  104        -413.687    2816.702           0.000       0.000             104               0
   55         505.399     380.425           0.000       0.000              55               0
   83        1308.395    1433.971           0.000       0.000              83               0
  233       -1417.031     585.415           0.000       0.000             233               0
   18        1277.759    2058.392           0.000       0.000              18               0
   83       -1118.931     273.815           0.000       0.000              83               0
   58         296.719    1447.705           0.000       0.000              58               0
  183        1692.359    1092.504           0.000       0.000             183               0
  102        1064.544   -1370.098           0.000       0.000             102               0
  169        1132.653    -315.733           0.000       0.000             169               0
   26        1191.429      91.034           0.000       0.000              26               0
   87         290.557    3204.889           0.000       0.000              87               0
  232        -769.529   -3289.148           0.000       0.000             232               0
   23         173.564   -2997.649           0.000       0.000              23               0
  216        1412.822     123.307           0.000       0.000             216               0
    1        1312.563    -253.327           0.000       0.000               1               0
  174        -375.565     896.187           0.000       0.000             174               0
  215        -766.555     102.430           0.000       0.000             215               0
  105        2694.454     643.326           0.000       0.000             105               0
   58        2320.687     387.189           0.000       0.000              58               0
   91         584.323   -1264.974           0.000       0.000              91               0
    7        -414.333     692.589           0.000       0.000               7               0
   55         859.899     247.802           0.000       0.000              55               0
   64        -269.615     -36.293           0.000       0.000              64               0
   46       -1965.377    -776.601           0.000       0.000              46               0
   32       -1530.762    2768.400           0.000       0.000              32               0
  148        -561.566    -178.538           0.000       0.000             148               0
   22        -295.221      43.408           0.000       0.000              22               0
   17          65.093     975.707           0.000       0.000              17               0
  109       -1142.936    1410.717           0.000       0.000             109               0
  235        -310.620    1081.061           0.000       0.000             235               0
   53        -497.106   -1924.173           0.000       0.000              53               0
   28        1622.205      79.006           0.000       0.000              28               0
  194         828.297   -1018.170           0.000       0.000             194               0
  179       -1548.060   -1405.036           0.000       0.000             179               0
   37       -1189.531   -1075.283           0.000       0.000              37               0
  121        -696.827    -672.328           0.000       0.000             121               0
   77         267.658     850.891           0.000       0.000              77               0
  165         988.290    -574.589           0.000       0.000             165               0
  236         564.021    -545.568           0.000       0.000             236               0
  232        1616.571     302.673           0.000       0.000             232               0
   32           6.593    -742.868           0.000       0.000              32               0
  160        -858.474     580.129           0.000       0.000             160               0
   51         -89.651   -2124.064           0.000       0.000              51               0
  243       -1694.791     255.253           0.000       0.000             243               0
  177         -88.907   -1384.080           0.000       0.000             177               0
  150        1204.242    -410.412           0.000       0.000             150               0
  122        -574.695    -252.625           0.000       0.000             122               0
  160        -193.430    1236.718           0.000       0.000             160               0
  154       -1177.315    1743.868           0.000       0.000             154               0
  243        -244.667   -2564.833           0.000       0.000             243               0
   23         211.572    -929.904           0.000       0.000              23               0
  101       -1277.541    -558.389           0.000       0.000             101               0
    6       -1463.774   -1371.099           0.000       0.000               6               0
  119       -2528.393   -1009.382           0.000       0.000             119               0
    6        -319.473   -1324.802           0.000       0.000               6               0
  205        -600.923    -446.076           0.000       0.000             205               0
  119        1054.899    1212.733           0.000       0.000             119               0
  186        1892.663    -910.812           0.000       0.000             186               0
  120         -87.091   -1280.793           0.000       0.000             120               0
   51         365.940    3055.043           0.000       0.000              51               0
  130        -321.693   -1442.127           0.000       0.000             130               0
   80        1008.643     -36.326           0.000       0.000              80               0
  105        2029.137    -575.467           0.000       0.000             105               0
  213        1184.329   -1638.549           0.000       0.000             213               0
  243         935.918    -219.203           0.000       0.000             243               0
   52         904.311     374.424           0.000       0.000              52               0
   15         340.738    2703.301           0.000       0.000              15               0
  200         903.023    -609.390           0.000       0.000             200               0
  212        -411.993    -686.417           0.000       0.000             212               0
  235         727.229     734.117           0.000       0.000             235               0
  126       -1013.441   -1600.835           0.000       0.000             126               0
   46         128.290     782.720           0.000       0.000              46               0
   42       -1220.492    -311.556           0.000       0.000              42               0
  232        1269.952     368.720           0.000       0.000             232               0
  244         293.941     306.769           0.000       0.000             244               0
  175        -681.773     974.181           0.000       0.000             175               0
   92         755.596   -1423.552           0.000       0.000              92               0
   60       -1677.838      -1.662           0.000       0.000              60               0
   29         716.505   -1327.287           0.000       0.000              29               0
   33        -976.074     312.766           0.000       0.000              33               0
   89        -505.978     949.404           0.000       0.000              89               0
  205          76.243     621.612           0.000       0.000             205               0
  232       -2020.833    -820.654           0.000       0.000             232               0
   93        1237.670   -2216.732           0.000       0.000              93               0
   46       -1404.160     538.815           0.000       0.000              46               0
  176        1707.644     688.692           0.000       0.000             176               0
  115         -62.028   -1359.003           0.000       0.000             115               0
  133         101.661     279.662           0.000       0.000             133               0
   86         -45.702   -2545.653           0.000       0.000              86               0
  187        1386.907     261.648           0.000       0.000             187               0
  130        -200.897    -936.124           0.000       0.000             130               0
   72        1618.690    -575.410           0.000       0.000              72               0
   30         254.563   -1468.115           0.000       0.000              30               0
   53        1131.345    2014.344           0.000       0.000              53               0
  231         -24.519    -340.583           0.000       0.000             231               0
  148       -1209.753    -452.480           0.000       0.000             148               0
   66       -1636.091    1377.005           0.000       0.000              66               0
  247        -898.835    1204.868           0.000       0.000             247               0
    0        -676.924    -841.037           0.000       0.000              -0               0
  224        1994.193    1488.371           0.000       0.000             224               0
  176        -194.024     471.072           0.000       0.000             176               0
  220        1461.575    1700.438           0.000       0.000             220               0
  147        -400.374    -425.802           0.000       0.000             147               0
  218          94.869    -677.198           0.000       0.000             218               0
  145        -660.921    -267.233           0.000       0.000             145               0
  203         366.023     279.036           0.000       0.000             203               0
  139        1390.738   -1648.774           0.000       0.000             139               0
   69        -764.214     652.117           0.000       0.000              69               0
  133       -1268.666     129.654           0.000       0.000             133               0
   26        -415.295    -751.546           0.000       0.000              26               0
  182        -748.224     848.755           0.000       0.000             182               0
  237       -1217.169    1117.775           0.000       0.000             237               0
  221        -974.234    1038.666           0.000       0.000             221               0
  205        1109.459     682.057           0.000       0.000             205               0
   66        1095.399     -57.019           0.000       0.000              66               0
  228       -2432.797   -2044.237           0.000       0.000             228               0
   62        1808.233    -838.924           0.000       0.000              62               0
  246         122.420     385.443           0.000       0.000             246               0
  117         322.783   -2056.833           0.000       0.000             117               0
  186         362.245    -945.544           0.000       0.000             186               0
  193         635.982   -2290.914           0.000       0.000             193               0
  122        1076.979      92.402           0.000       0.000             122               0
  210        1769.688    -223.632           0.000       0.000             210               0
   52        1653.281    -843.945           0.000       0.000              52               0
   16         759.458    1738.595           0.000       0.000              16               0
  239          -9.779   -1498.269           0.000       0.000             239               0
   96       -1362.682    1040.233           0.000       0.000              96               0
  243        -539.836     877.059           0.000       0.000             243               0
  209       -1125.699   -1842.714           0.000       0.000             209               0
  222        -479.124    -671.212           0.000       0.000             222               0
  212        -761.009     297.454           0.000       0.000             212               0
  250         266.364    -463.447           0.000       0.000             250               0
  249         753.961    1301.723           0.000       0.000             249               0
    9       -1172.768    -965.055           0.000       0.000               9               0
   77        -630.363   -2996.620           0.000       0.000              77               0
   17        1359.160    2793.161           0.000       0.000              17               0
  229        -521.213     710.779           0.000       0.000             229               0
   29         580.144     578.855           0.000       0.000              29               0
  243       -1484.681   -1178.327           0.000       0.000             243               0
  116         162.923    1950.783           0.000       0.000             116               0
   66        1250.444     816.346           0.000       0.000              66               0
   51        1282.529    -727.321           0.000       0.000              51               0
  134        -705.921    -729.186           0.000       0.000             134               0
  150       -2715.376    -765.923           0.000       0.000             150               0
   91       -1393.012     342.644           0.000       0.000              91               0
  162         754.070     351.564           0.000       0.000             162               0
   36        -537.476    -202.739           0.000       0.000              36               0
  225        3131.616    -795.971           0.000       0.000             225               0
  172         977.953    1543.718           0.000       0.000             172               0
   72         511.842   -1187.018           0.000       0.000              72               0
  153        -650.295   -2354.806           0.000       0.000             153               0
  128        1467.624    2580.094           0.000       0.000             128               0
  193       -2293.601     273.681           0.000       0.000             193               0
  231         -50.615    -115.021           0.000       0.000             231               0
   10        1802.699     452.435           0.000       0.000              10               0
  188        -249.667    -556.251           0.000       0.000             188               0
   42         401.121   -1030.526           0.000       0.000              42               0
   62         473.852     450.020           0.000       0.000              62               0
   91        -750.344     127.389           0.000       0.000              91               0
  221       -1991.431   -1013.628           0.000       0.000             221               0
   68         183.421      13.050           0.000       0.000              68               0
  124         451.329    1544.230           0.000       0.000             124               0
  214        1172.652    1945.178           0.000       0.000             214               0
  144        1241.209    -438.937           0.000       0.000             144               0
  114        2244.333     805.456           0.000       0.000             114               0
   97       -1822.598   -1144.271           0.000       0.000              97               0
  210         -95.188    1191.372           0.000       0.000             210               0
   20        -223.201   -2644.510           0.000       0.000              20               0
   59         -28.773     413.501           0.000       0.000              59               0
    2        -291.381    2254.505           0.000       0.000               2               0
  111        1499.763   -1894.624           0.000       0.000             111               0
  250        -720.034   -2069.595           0.000       0.000             250               0
  188         663.434     303.627           0.000       0.000             188               0
  152       -1640.681     245.486           0.000       0.000             152               0
  200        -672.318    4556.296           0.000       0.000             200               0
   98       -1821.394     946.525           0.000       0.000              98               0
   13       -1343.901   -1254.540           0.000       0.000              13               0
  186        -769.682    -669.534           0.000       0.000             186               0
    9       -1271.126    1093.391           0.000       0.000               9               0
   94        -568.060   -1664.138           0.000       0.000              94               0
  182         727.912     284.832           0.000       0.000             182               0
  219        1675.348     -97.195           0.000       0.000             219               0
  213        2188.784    1082.278           0.000       0.000             213               0
  218         696.783     492.504           0.000       0.000             218               0
   57       -2054.966    1233.013           0.000       0.000              57               0
  162        -282.718    1053.705           0.000       0.000             162               0
   20        -886.423    -922.718           0.000       0.000              20               0
   40         539.375   -1214.868           0.000       0.000              40               0
    7         492.494    -233.724           0.000       0.000               7               0
  189         593.419     300.016           0.000       0.000             189               0
  159        1296.968   -1103.331           0.000       0.000             159               0
  211        -327.902   -1589.475           0.000       0.000             211               0
   71          36.433   -2170.746           0.000       0.000              71               0
   69       -1468.764    -304.740           0.000       0.000              69               0
   82        1776.910     659.201           0.000       0.000              82               0
  165        -679.027    -187.862           0.000       0.000             165               0
  170        2485.057   -3230.942           0.000       0.000             170               0
   24         271.594   -1788.921           0.000       0.000              24               0
   14        -618.881     378.071           0.000       0.000              14               0
  207       -1040.108     202.155           0.000       0.000             207               0
  240        1029.737   -1213.243           0.000       0.000             240               0
  153         576.829   -1340.510           0.000       0.000             153               0
  119        1649.189     985.868           0.000       0.000             119               0
  165         -47.857      26.338           0.000       0.000             165               0
  157         668.248      -7.449           0.000       0.000             157               0
   98        -383.121     -17.659           0.000       0.000              98               0
  167         -45.422     181.805           0.000       0.000             167               0
    0        1127.592    -341.980           0.000       0.000               0               0
  253        -216.597      43.116           0.000       0.000             253               0
   57         -69.815     685.304           0.000       0.000              57               0
  148        -535.016    -507.168           0.000       0.000             148               0
  177        1111.294   -1648.709           0.000       0.000             177               0
   15       -1772.046    -324.149           0.000       0.000              15               0
  230        1525.731    -341.764           0.000       0.000             230               0
  234       -1895.080    1589.593           0.000       0.000             234               0
   45       -1875.717    1762.200           0.000       0.000              45               0
  120        1758.070     464.011           0.000       0.000             120               0
  224       -1353.129    1388.585           0.000       0.000             224               0
  224         -42.328     110.126           0.000       0.000             224               0
   13        -287.794     649.430           0.000       0.000              13               0
  146       -1354.180     418.614           0.000       0.000             146               0
   12       -1162.162     973.383           0.000       0.000              12               0
   32        -211.252     518.078           0.000       0.000              32               0
   43         248.193    -500.049           0.000       0.000              43               0
    4         -48.115     823.389           0.000       0.000               4               0
   57       -2371.385     813.971           0.000       0.000              57               0
  194         -61.027    -528.640           0.000       0.000             194               0
   24         -44.528      11.306           0.000       0.000              24               0
  208        -240.406      62.608           0.000       0.000             208               0
   51        -139.247    3001.187           0.000       0.000              51               0
  121       -1810.589    -670.583           0.000       0.000             121               0
  132        1358.515    -130.129           0.000       0.000             132               0
