SINAL     NFT                         FFT                         NFT INVERSA     FFT INVERSA
-----     -----------------------     -----------------------     -----------     -----------
  246       66811.000       0.000           0.000       0.000             246               0
  233        2693.824   -2112.810           0.000      -0.000             233               0
  216         314.925   -1434.183           0.000       0.000             216               0
   65        1969.771      89.238           0.000      -0.000              65               0
  142        1640.981   -3164.335           0.000       0.000             142               0
  149         -52.193    -165.363           0.000      -0.000             149               0
   58        2481.292   -1534.005           0.000       0.000              58               0
  201       -1633.501   -2456.437           0.000      -0.000             201               0
  211       -1555.993   -1353.021           0.000       0.000             211               0
  173       -1049.583     956.651           0.000      -0.000             173               0
  190         960.395     101.655           0.000       0.000             190               0
  212       -1708.890   -1135.677           0.000      -0.000             212               0
  204         953.430     543.660           0.000       0.000             204               0
  226         981.485   -1660.971           0.000      -0.000             226               0
   98        1290.649    1278.253           0.000       0.000              98               0
  141         401.986   -1175.787           0.000      -0.000             141               0
  190        -306.495    2204.636           0.000       0.000             190               0
   22         127.712    -464.290           0.000      -0.000              22               0
  203        1314.352    -331.841           0.000       0.000             203               0
  204         845.051   -2027.477           0.000      -0.000             204               0
  218         750.465    -190.723           0.000       0.000             218               0
  220        -869.465      -3.722           0.000      -0.000             220               0
  227         411.470    1594.993           0.000       0.000             227               0
  129        1045.669     914.862           0.000      -0.000             129               0
  222        1313.363     -72.619           0.000       0.000             222               0
  237        1693.991      45.685           0.000      -0.000             237               0
  248       -1602.354     820.031           0.000       0.000             248               0
  113        -631.060   -1359.354           0.000      -0.000             113               0
  170         520.423     811.638           0.000       0.000             170               0
  190        -866.495    -476.645           0.000      -0.000             190               0
  214         527.744    -388.358           0.000       0.000             214               0
  143        -693.504   -1223.772           0.000      -0.000             143               0
  192        1500.436    -632.989           0.000       0.000             192               0
  138        -108.222    2212.818           0.000      -0.000             138               0
  238         754.886      20.148           0.000       0.000             238               0
   61         700.707    1420.310           0.000      -0.000              61               0
  198        -880.049    -583.246           0.000       0.000             198               0
  241        -450.654    -215.747           0.000      -0.000             241               0
  203         507.154    2195.304           0.000       0.000             203               0
  209           9.959     481.748           0.000      -0.000             209               0
  217        1317.512     211.059           0.000       0.000             217               0
   72        1992.892     441.401           0.000      -0.000              72               0
   83        2456.868    1041.780           0.000       0.000              83               0
  196        -308.612    1639.853           0.000      -0.000             196               0
   96        -411.401     643.154           0.000       0.000              96               0
  237        1190.007    1441.295           0.000      -0.000             237               0
   79       -1537.071    1945.502           0.000       0.000              79               0
  119         231.667    -670.114           0.000      -0.000             119               0
  227       -1608.757   -1002.552           0.000       0.000             227               0
   30        1256.092    -893.388           0.000      -0.000              30               0
  109        1111.022    -466.221           0.000       0.000             109               0
  123        -320.258     414.109           0.000      -0.000             123               0
  133        -669.586    -273.004           0.000       0.000             133               0
   84         651.358    -667.010           0.000      -0.000              84               0
   97        1782.870     290.414           0.000       0.000              97               0
   45        1945.228    -804.594           0.000      -0.000              45               0
  190        1261.705   -1065.201           0.000       0.000             190               0
   31         374.750      -5.825           0.000      -0.000              31               0
  184         210.518    -484.229           0.000       0.000             184               0
  231        -805.600    1475.838           0.000      -0.000             231               0
   62        -512.583     750.618           0.000       0.000              62               0
   24        -901.592   -1125.412           0.000      -0.000              24               0
  150       -1117.517     558.946           0.000       0.000             150               0
  152        -172.010      63.237           0.000      -0.000             152               0
  131         781.653   -1492.396           0.000       0.000             131               0
  204        -303.196     344.318           0.000      -0.000             204               0
  253         353.841   -1848.012           0.000       0.000             253               0
   26        -454.827     927.919           0.000      -0.000              26               0
   70        -675.537     761.412           0.000       0.000              70               0
    7          -6.690   -1319.763           0.000      -0.000               7               0
  102          72.123   -1755.697           0.000       0.000             102               0
   83        2702.585    -418.332           0.000      -0.000              83               0
  135         539.082   -1130.661           0.000       0.000             135               0
   66         559.493    -575.322           0.000      -0.000              66               0
  130         639.184     859.465           0.000       0.000             130               0
  203       -2221.153     812.428           0.000      -0.000             203               0
   80        -574.815   -1010.929           0.000       0.000              80               0
   53        2303.835     583.232           0.000      -0.000              53               0
  189        2308.080    1350.057           0.000       0.000             189               0
  167        1217.949   -1846.728           0.000      -0.000             167               0
    2        1545.024    2869.284           0.000       0.000               2               0
  165        -434.416     338.526           0.000      -0.000             165               0
  203         297.216    -585.285           0.000       0.000             203               0
   61       -1126.592   -2086.916           0.000      -0.000              61               0
  208          82.919   -1082.498           0.000       0.000             208               0
  226         426.932     192.693           0.000      -0.000             226               0
  173        1803.705     286.234           0.000       0.000             173               0
  214       -1129.186     143.345           0.000      -0.000             214               0
  253        1203.011   -1004.475           0.000       0.000             253               0
  154         845.290    -407.702           0.000      -0.000             154               0
  227       -1116.581   -1068.219           0.000       0.000             227               0
  100        1447.927    3918.516           0.000      -0.000             100               0
  185       -2427.468    -630.876           0.000       0.000             185               0
   74         856.604     187.617           0.000      -0.000              74               0
  210          -9.621     184.364           0.000       0.000             210               0
  157       -1558.645     740.554           0.000      -0.000             157               0
   42         -64.322    -677.206           0.000       0.000              42               0
   90         -16.680    -420.351           0.000      -0.000              90               0
    6        2067.215   -1161.128           0.000       0.000               6               0
  144        -506.810    1635.312           0.000      -0.000             144               0
  200        -556.868     -20.235           0.000       0.000             200               0
  179       -1973.514    1908.021           0.000      -0.000             179               0
    8        -323.574   -1466.574           0.000       0.000               8               0
  233        1020.500    -161.957           0.000      -0.000             233               0
  254         286.631   -1359.994           0.000       0.000             254               0
   61        1061.176    -894.522           0.000      -0.000              61               0
  254         377.688    1881.007           0.000       0.000             254               0
  161        1333.762     -72.134           0.000      -0.000             161               0
   92       -1906.042    -235.033           0.000       0.000              92               0
   80         543.145     663.037           0.000      -0.000              80               0
  217       -1949.945   -1494.093           0.000       0.000             217               0
  154         362.703   -1510.055           0.000      -0.000             154               0
  229        -770.910     562.747           0.000       0.000             229               0
  143       -1674.126   -1158.108           0.000      -0.000             143               0
  152         958.596     145.494           0.000       0.000             152               0
   97        1230.169    -464.862           0.000      -0.000              97               0
  148        -781.232     983.049           0.000       0.000             148               0
   49        -576.240    1225.043           0.000      -0.000              49               0
  204        1520.047     -51.941           0.000       0.000             204               0
  110       -1165.610     298.439           0.000      -0.000             110               0
  109        -733.764   -2020.877           0.000       0.000             109               0
  233        2124.218     107.177           0.000      -0.000             233               0
   70       -1439.244     542.544           0.000       0.000              70               0
   82        2083.180    -126.709           0.000      -0.000              82               0
   33         525.583    -491.939           0.000       0.000              33               0
  171        1800.035    -348.608           0.000      -0.000             171               0
  144       -1074.531     404.679           0.000       0.000             144               0
   36       -1757.417    -303.836           0.000      -0.000              36               0
   16        1997.194   -1741.827           0.000       0.000              16               0
  245         617.583     563.346           0.000      -0.000             245               0
   17         704.905     509.137           0.000       0.000              17               0
  117        1893.708     640.539           0.000      -0.000             117               0
  157       -1612.719   -1220.399           0.000       0.000             157               0
  143        -402.822    -538.314           0.000      -0.000             143               0
   84       -1296.797      20.246           0.000       0.000              84               0
  163          60.470   -1854.624           0.000      -0.000             163               0
  103         589.254    -926.681           0.000       0.000             103               0
   78        1147.089    2327.318           0.000      -0.000              78               0
  196         705.110     671.421           0.000       0.000             196               0
   46        2526.450    -167.221           0.000      -0.000              46               0
  188         882.420   -1400.813           0.000       0.000             188               0
   60        -988.661   -1554.199           0.000      -0.000              60               0
   36         139.654     170.422           0.000       0.000              36               0
  191         833.787    -326.205           0.000      -0.000             191               0
  213         122.917   -2125.099           0.000       0.000             213               0
  208         601.988    -315.650           0.000      -0.000             208               0
  136        -633.663    -343.880           0.000       0.000             136               0
   74         213.166     527.075           0.000      -0.000              74               0
  199        1937.795     -89.977           0.000       0.000             199               0
  170        -306.322    1606.242           0.000      -0.000             170               0
  102         321.932     585.434           0.000       0.000             102               0
  232       -2042.234    -569.647           0.000      -0.000             232               0
  210         763.316   -1474.824           0.000       0.000             210               0
   75        -483.651     838.554           0.000      -0.000              75               0
  249         477.290    -451.453           0.000       0.000             249               0
   39        -605.188    2930.212           0.000      -0.000              39               0
  220         351.918     693.394           0.000       0.000             220               0
  251         753.731    -740.988           0.000      -0.000             251               0
  121         845.883    1619.506           0.000       0.000             121               0
  176         273.528     628.642           0.000      -0.000             176               0
  151       -2823.995   -2096.808           0.000       0.000             151               0
  175       -2447.457     652.891           0.000      -0.000             175               0
  205         525.196    1449.724           0.000       0.000             205               0
  130         898.594     154.777           0.000      -0.000             130               0
  229        2001.215     299.310           0.000       0.000             229               0
  218         -26.382   -1932.959           0.000      -0.000             218               0
   28       -1242.561    -249.993           0.000       0.000              28               0
  200        1727.804     158.161           0.000      -0.000             200               0
  154         508.997    1043.201           0.000       0.000             154               0
  178         318.363    2283.524           0.000      -0.000             178               0
  159        -652.228   -1059.105           0.000       0.000             159               0
  150       -1003.005     634.560           0.000      -0.000             150               0
  193        -414.080    -986.599           0.000       0.000             193               0
  150       -1016.922     279.161           0.000      -0.000             150               0
  214          -0.801     246.136           0.000       0.000             214               0
  122       -2595.096    -936.547           0.000      -0.000             122               0
   28       -1601.851    -933.010           0.000       0.000              28               0
  249          98.302     626.811           0.000      -0.000             249               0
   94       -1761.610     409.696           0.000       0.000              94               0
  218         621.116    -201.359           0.000      -0.000             218               0
  173        -342.268       5.463           0.000       0.000             173               0
   40       -1208.734     966.117           0.000      -0.000              40               0
   92         445.238    1120.021           0.000       0.000              92               0
   84        2845.689   -1721.125           0.000      -0.000              84               0
  196       -1404.032   -1481.480           0.000       0.000             196               0
   77         219.782    -260.584           0.000      -0.000              77               0
  161        -600.097    2021.497           0.000       0.000             161               0
  252         476.915    -103.432           0.000      -0.000             252               0
  129       -1408.677    1961.068           0.000       0.000             129               0
    0        -721.529    2061.154           0.000      -0.000              -0               0
   87         455.227     718.876           0.000       0.000              87               0
  103         821.426     -59.925           0.000      -0.000             103               0
   58        -929.924    2725.417           0.000       0.000              58               0
   72        1186.129    1435.819           0.000      -0.000              72               0
   80        -478.943    -621.042           0.000       0.000              80               0
   75         133.610    -291.725           0.000      -0.000              75               0
  211        -373.613   -1233.136           0.000       0.000             211               0
  242         291.640     -54.115           0.000      -0.000             242               0
   22       -1098.851   -1804.027           0.000       0.000              22               0
    3         747.469    2551.056           0.000      -0.000               3               0
  180         785.528    -385.106           0.000       0.000             180               0
   27       -1508.651    -228.575           0.000      -0.000              27               0
  223        -446.810     687.227           0.000       0.000             223               0
  163        2080.016   -1188.719           0.000      -0.000             163               0
   19       -1829.409   -1008.584           0.000       0.000              19               0
  231        1209.573     393.147           0.000      -0.000             231               0
    6       -1358.858   -1855.104           0.000       0.000               6               0
  175         936.790    -954.697           0.000      -0.000             175               0
  124        2006.721    -883.946           0.000       0.000             124               0
  194         588.779     412.894           0.000      -0.000             194               0
  106           6.855    1020.558           0.000       0.000             106               0
   56         752.411    1497.111           0.000      -0.000              56               0
  232        1816.943     443.649           0.000       0.000             232               0
    2         -89.788     223.801           0.000      -0.000               2               0
   99        -809.992     180.693           0.000       0.000              99               0
  162        1076.637    1174.686           0.000      -0.000             162               0
  148        -492.158    1488.115           0.000       0.000             148               0
   79        -359.700    1028.833           0.000      -0.000              79               0
  131         180.557    -670.487           0.000       0.000             131               0
   57       -1055.927     480.259           0.000      -0.000              57               0
  149         331.068     328.625           0.000       0.000             149               0
  102       -2309.277   -1163.164           0.000      -0.000             102               0
   18        1017.432     866.761           0.000       0.000              18               0
   58        1661.741       9.362           0.000      -0.000              58               0
   88       -1947.875     -76.643           0.000       0.000              88               0
  105        2922.881      95.591           0.000      -0.000             105               0
   88        2424.044    3524.650           0.000       0.000              88               0
   21        -524.494    1559.570           0.000      -0.000              21               0
   83         571.483    -650.428           0.000       0.000              83               0
   74       -1096.150     336.343           0.000      -0.000              74               0
  225         140.330   -1481.127           0.000       0.000             225               0
   22       -1607.602     114.376           0.000      -0.000              22               0
   72        -366.078    1847.622           0.000       0.000              72               0
   13        -644.079    -260.814           0.000      -0.000              13               0
    5        1345.521    -117.952           0.000       0.000               5               0
   49       -1884.973   -1478.894           0.000      -0.000              49               0
  181        1299.125     430.867           0.000       0.000             181               0
   42         -93.880    2772.377           0.000      -0.000              42               0
   16         632.202    -277.696           0.000       0.000              16               0
  102        -137.682    -844.463           0.000      -0.000             102               0
  101         933.387    -387.037           0.000       0.000             101               0
  164       -2809.839     489.322           0.000      -0.000             164               0
  209        1896.797    -852.158           0.000       0.000             209               0
   99       -1273.987     215.860           0.000      -0.000              99               0
  121       -2484.800   -1513.823           0.000       0.000             121               0
   77         -76.193     727.675           0.000      -0.000              77               0
  179         144.094    -841.772           0.000       0.000             179               0
  199         173.703     271.441           0.000      -0.000             199               0
   54        -512.495    -246.479           0.000       0.000              54               0
  226          93.531    1539.338           0.000      -0.000             226               0
  252        -699.975    -832.447           0.000       0.000             252               0
   80         207.038     570.071           0.000      -0.000              80               0
  255          66.822      72.643           0.000       0.000             255               0
  130        -725.791    1959.276           0.000      -0.000             130               0
  250          63.931    1280.621           0.000       0.000             250               0
   57        -294.143    1592.322           0.000      -0.000              57               0
  127         771.000      -0.261           0.000       0.000             127               0
  229        -293.697   -1593.009           0.000       0.000             229               0
  203          64.284   -1280.941           0.000       0.000             203               0
   53        -725.152   -1959.584           0.000       0.000              53               0
  141          66.894     -72.574           0.000       0.000             141               0
   44         207.162    -569.993           0.000       0.000              44               0
  143        -700.288     832.071           0.000       0.000             143               0
  211          94.048   -1539.411           0.000       0.000             211               0
    1        -512.574     246.364           0.000       0.000               1               0
   79         173.804    -271.360           0.000       0.000              79               0
    7         143.700     841.754           0.000       0.000               7               0
  204         -76.222    -727.724           0.000       0.000             204               0
   40       -2485.355    1512.917           0.000       0.000              40               0
  235       -1273.506    -216.494           0.000       0.000             235               0
   12        1896.587     852.566           0.000       0.000              12               0
  108       -2809.562    -490.496           0.000       0.000             108               0
  113         933.629     387.202           0.000       0.000             113               0
  254        -137.784     844.096           0.000       0.000             254               0
  225         632.242     277.341           0.000       0.000             225               0
  157         -92.853   -2772.660           0.000       0.000             157               0
   42        1299.175    -430.237           0.000       0.000              42               0
  152       -1885.449    1478.207           0.000       0.000             152               0
   79        1345.573     118.091           0.000       0.000              79               0
   45        -644.273     260.200           0.000       0.000              45               0
  229        -365.494   -1847.951           0.000       0.000             229               0
   99       -1607.404    -114.836           0.000       0.000              99               0
  192         140.091    1480.975           0.000       0.000             192               0
  162       -1095.720    -337.093           0.000       0.000             162               0
   65         571.648     650.115           0.000       0.000              65               0
   52        -523.498   -1560.346           0.000       0.000              52               0
  192        2425.629   -3523.871           0.000       0.000             192               0
  241        2922.637     -94.336           0.000       0.000             241               0
  200       -1948.080      76.048           0.000       0.000             200               0
   16        1661.797      -8.871           0.000       0.000              16               0
   94        1017.329    -866.384           0.000       0.000              94               0
  143       -2309.832    1162.338           0.000       0.000             143               0
  239         331.258    -328.756           0.000       0.000             239               0
  171       -1055.689    -480.738           0.000       0.000             171               0
   54         180.486     670.293           0.000       0.000              54               0
   28        -359.245   -1029.310           0.000       0.000              28               0
  132        -491.409   -1488.420           0.000       0.000             132               0
  122        1077.175   -1174.259           0.000       0.000             122               0
   39        -809.809    -180.883           0.000       0.000              39               0
   37         -89.331    -223.859           0.000       0.000              37               0
   90        1817.314    -443.137           0.000       0.000              90               0
   21         752.876   -1496.828           0.000       0.000              21               0
   15           7.240   -1020.289           0.000       0.000              15               0
  210         589.080    -412.297           0.000       0.000             210               0
  250        2006.369     884.958           0.000       0.000             250               0
  241         936.087     955.194           0.000       0.000             241               0
   78       -1359.647    1854.549           0.000       0.000              78               0
  155        1209.580    -392.886           0.000       0.000             155               0
  205       -1829.743    1007.920           0.000       0.000             205               0
  178        2079.616    1189.104           0.000       0.000             178               0
  124        -446.893    -687.675           0.000       0.000             124               0
   12       -1508.694     227.896           0.000       0.000              12               0
  124         785.537     385.021           0.000       0.000             124               0
  155         748.169   -2550.808           0.000       0.000             155               0
   86       -1099.540    1803.778           0.000       0.000              86               0
   20         291.649      54.062           0.000       0.000              20               0
   31        -374.028    1232.771           0.000       0.000              31               0
  172         133.529     291.355           0.000       0.000             172               0
   76        -479.066     620.301           0.000       0.000              76               0
  212        1186.580   -1436.044           0.000       0.000             212               0
  186        -929.057   -2725.897           0.000       0.000             186               0
  228         821.426      60.165           0.000       0.000             228               0
   14         455.256    -718.996           0.000       0.000              14               0
   31        -721.059   -2061.534           0.000       0.000              31               0
  236       -1407.965   -1961.332           0.000       0.000             236               0
   76         476.979     103.771           0.000       0.000              76               0
  183        -599.384   -2021.425           0.000       0.000             183               0
   88         219.736     261.155           0.000       0.000              88               0
  193       -1404.257    1481.242           0.000       0.000             193               0
   55        2845.217    1721.847           0.000       0.000              55               0
  177         445.204   -1120.167           0.000       0.000             177               0
   65       -1208.651    -966.497           0.000       0.000              65               0
  254        -342.298      -5.477           0.000       0.000             254               0
  108         620.823     201.566           0.000       0.000             108               0
    1       -1761.654    -410.298           0.000       0.000               1               0
  108          98.394    -626.620           0.000       0.000             108               0
   34       -1602.359     932.615           0.000       0.000              34               0
  237       -2595.205     935.559           0.000       0.000             237               0
  161          -0.403    -246.306           0.000       0.000             161               0
  194       -1016.617    -279.523           0.000       0.000             194               0
   24        -414.164     986.327           0.000       0.000              24               0
   92       -1002.501    -635.070           0.000       0.000              92               0
   42        -652.138    1058.579           0.000       0.000              42               0
  218         319.575   -2283.664           0.000       0.000             218               0
  122         509.713   -1042.864           0.000       0.000             122               0
   57        1727.917    -157.355           0.000       0.000              57               0
  196       -1242.591     249.795           0.000       0.000             196               0
  255         -26.643    1932.859           0.000       0.000             255               0
   53        2001.477    -298.950           0.000       0.000              53               0
   83         898.453    -154.725           0.000       0.000              83               0
  175         525.267   -1449.629           0.000       0.000             175               0
  188       -2447.502    -653.486           0.000       0.000             188               0
  176       -2824.301    2095.789           0.000       0.000             176               0
  215         274.361    -628.932           0.000       0.000             215               0
   22         846.793   -1619.272           0.000       0.000              22               0
   73         753.644     741.191           0.000       0.000              73               0
   81         352.187    -693.566           0.000       0.000              81               0
   55        -604.086   -2930.285           0.000       0.000              55               0
   84         477.281     451.950           0.000       0.000              84               0
   97        -483.234    -838.429           0.000       0.000              97               0
  244         762.856    1475.273           0.000       0.000             244               0
   25       -2042.241     568.819           0.000       0.000              25               0
  121         322.553    -585.498           0.000       0.000             121               0
   12        -305.348   -1606.232           0.000       0.000              12               0
  223        1938.028      90.877           0.000       0.000             223               0
  220         213.339    -526.749           0.000       0.000             220               0
  111        -633.597     343.981           0.000       0.000             111               0
  151         602.137     316.180           0.000       0.000             151               0
   47         122.422    2125.242           0.000       0.000              47               0
  182         833.840     326.366           0.000       0.000             182               0
   42         139.781    -170.293           0.000       0.000              42               0
   66        -988.863    1553.926           0.000       0.000              66               0
   96         882.467    1400.855           0.000       0.000              96               0
  159        2526.567     167.683           0.000       0.000             159               0
   95         705.268    -671.493           0.000       0.000              95               0
   60        1147.773   -2326.783           0.000       0.000              60               0
  177         588.734     927.277           0.000       0.000             177               0
   93          59.598    1854.645           0.000       0.000              93               0
  147       -1296.858     -20.816           0.000       0.000             147               0
   77        -402.887     538.141           0.000       0.000              77               0
  101       -1612.716    1219.628           0.000       0.000             101               0
  222        1894.336    -640.173           0.000       0.000             222               0
   57         705.178    -508.958           0.000       0.000              57               0
   32         617.886    -562.984           0.000       0.000              32               0
  111        1996.417    1742.520           0.000       0.000             111               0
  143       -1757.694     303.013           0.000       0.000             143               0
  185       -1074.019    -405.150           0.000       0.000             185               0
  179        1800.232     349.177           0.000       0.000             179               0
  219         525.522     491.994           0.000       0.000             219               0
  169        2082.994     127.225           0.000       0.000             169               0
   62       -1439.126    -543.101           0.000       0.000              62               0
  106        2124.200    -106.354           0.000       0.000             106               0
  183        -734.710    2020.497           0.000       0.000             183               0
   43       -1165.395    -299.175           0.000       0.000              43               0
   21        1520.073      52.163           0.000       0.000              21               0
    3        -575.961   -1225.413           0.000       0.000               3               0
  165        -780.759    -983.198           0.000       0.000             165               0
  166        1230.116     465.405           0.000       0.000             166               0
  205         958.368    -145.072           0.000       0.000             205               0
  210       -1674.707    1157.549           0.000       0.000             210               0
   33        -770.596    -562.976           0.000       0.000              33               0
  186         362.205    1510.230           0.000       0.000             186               0
  222       -1950.309    1493.128           0.000       0.000             222               0
  119         543.586    -663.171           0.000       0.000             119               0
  125       -1905.772     234.217           0.000       0.000             125               0
  202        1334.183      72.303           0.000       0.000             202               0
  105         378.534   -1880.870           0.000       0.000             105               0
   51        1060.993     895.085           0.000       0.000              51               0
  246         286.204    1359.982           0.000       0.000             246               0
  158        1020.345     162.090           0.000       0.000             158               0
  125        -324.312    1466.051           0.000       0.000             125               0
   99       -1972.831   -1909.030           0.000       0.000              99               0
  121        -556.544      19.932           0.000       0.000             121               0
   39        -505.811   -1635.423           0.000       0.000              39               0
  239        2067.041    1161.940           0.000       0.000             239               0
  100         -16.902     420.223           0.000       0.000             100               0
   37         -64.610     676.929           0.000       0.000              37               0
   75       -1558.255    -741.317           0.000       0.000              75               0
  139          -9.223    -184.487           0.000       0.000             139               0
  181         856.735    -187.452           0.000       0.000             181               0
   55       -2427.392     629.703           0.000       0.000              55               0
  230        1449.636   -3917.981           0.000       0.000             230               0
    2       -1116.625    1068.269           0.000       0.000               2               0
   76         845.601     408.107           0.000       0.000              76               0
   41        1202.832    1004.838           0.000       0.000              41               0
   89       -1128.853    -143.844           0.000       0.000              89               0
  151        1804.112    -285.631           0.000       0.000             151               0
  129         427.034    -192.400           0.000       0.000             129               0
  161          82.593    1082.676           0.000       0.000             161               0
  249       -1127.049    2086.345           0.000       0.000             249               0
   43         297.412     584.901           0.000       0.000              43               0
   20        -433.808    -339.184           0.000       0.000              20               0
  180        1546.489   -2868.786           0.000       0.000             180               0
  242        1217.678    1847.167           0.000       0.000             242               0
  209        2308.684   -1349.461           0.000       0.000             209               0
  117        2303.730    -582.330           0.000       0.000             117               0
   26        -575.569    1010.726           0.000       0.000              26               0
  112       -2220.753    -813.266           0.000       0.000             112               0
   98         639.875    -859.063           0.000       0.000              98               0
  217         559.565     575.781           0.000       0.000             217               0
  229         539.011    1130.938           0.000       0.000             229               0
  212        2702.443     419.290           0.000       0.000             212               0
   55          71.270    1755.663           0.000       0.000              55               0
   49          -7.280    1319.377           0.000       0.000              49               0
   47        -675.311    -761.984           0.000       0.000              47               0
  144        -454.372    -928.024           0.000       0.000             144               0
   86         353.355    1848.089           0.000       0.000              86               0
   31        -302.945    -344.585           0.000       0.000              31               0
  254         781.223    1492.451           0.000       0.000             254               0
  251        -172.063     -63.660           0.000       0.000             251               0
  147       -1117.273    -559.489           0.000       0.000             147               0
    0        -901.710    1124.854           0.000       0.000               0               0
   34        -511.988    -751.160           0.000       0.000              34               0
  222        -804.633   -1476.139           0.000       0.000             222               0
   61         210.918     484.383           0.000       0.000              61               0
   78         375.312       5.974           0.000       0.000              78               0
    9        1261.869    1065.577           0.000       0.000               9               0
   29        1945.257     804.995           0.000       0.000              29               0
   48        1782.969    -290.029           0.000       0.000              48               0
  155         650.978     667.049           0.000       0.000             155               0
  198        -669.679     272.498           0.000       0.000             198               0
   14        -319.851    -414.405           0.000       0.000              14               0
  130        1111.103     466.478           0.000       0.000             130               0
  232        1255.697     893.570           0.000       0.000             232               0
  171       -1609.076    1001.573           0.000       0.000             171               0
  152         231.654     669.479           0.000       0.000             152               0
  230       -1536.035   -1946.631           0.000       0.000             230               0
  104        1190.932   -1441.166           0.000       0.000             104               0
   96        -410.844    -643.531           0.000       0.000              96               0
   91        -307.419   -1640.123           0.000       0.000              91               0
    0        2457.759   -1040.949           0.000       0.000               0               0
  186        1993.171    -440.720           0.000       0.000             186               0
   70        1317.500    -210.698           0.000       0.000              70               0
  240          10.071    -481.933           0.000       0.000             240               0
   11         507.892   -2195.073           0.000       0.000              11               0
  227        -450.691     215.821           0.000       0.000             227               0
  155        -879.944     582.864           0.000       0.000             155               0
   98         701.566   -1420.141           0.000       0.000              98               0
  178         755.111     -19.896           0.000       0.000             178               0
   33        -107.221   -2212.639           0.000       0.000              33               0
   24        1500.368     633.916           0.000       0.000              24               0
   90        -693.811    1223.655           0.000       0.000              90               0
  159         527.798     388.477           0.000       0.000             159               0
  189        -866.405     476.224           0.000       0.000             189               0
  236         520.996    -811.476           0.000       0.000             236               0
  255        -631.253    1359.055           0.000       0.000             255               0
   46       -1601.415    -820.758           0.000       0.000              46               0
  232        1694.747     -45.173           0.000       0.000             232               0
   68        1313.752      72.907           0.000       0.000              68               0
   17        1046.239    -914.652           0.000       0.000              17               0
  156         412.200   -1594.704           0.000       0.000             156               0
   73        -869.045       3.751           0.000       0.000              73               0
  132         750.987     191.285           0.000       0.000             132               0
  138         844.870    2027.813           0.000       0.000             138               0
   74        1314.589     332.073           0.000       0.000              74               0
  167         127.848     464.044           0.000       0.000             167               0
   57        -305.268   -2204.734           0.000       0.000              57               0
   94         402.238    1176.048           0.000       0.000              94               0
  196        1291.644   -1277.686           0.000       0.000             196               0
  113         981.354    1661.427           0.000       0.000             113               0
  162         953.882    -543.320           0.000       0.000             162               0
   77       -1708.747    1135.145           0.000       0.000              77               0
   74         961.116    -101.404           0.000       0.000              74               0
    0       -1048.607    -956.760           0.000       0.000               0               0
   96       -1555.383    1352.890           0.000       0.000              96               0
  250       -1632.657    2455.945           0.000       0.000             250               0
   68        2482.499    1534.592           0.000       0.000              68               0
  153         -50.511     165.246           0.000       0.000             153               0
  153        1642.090    3164.584           0.000       0.000             153               0
  218        1972.288     -89.057           0.000       0.000             218               0
   96         318.153    1433.941           0.000       0.000              96               0
  250        2700.271    2112.991           0.000       0.000             250               0
