SINAL     NFT                         FFT                         NFT INVERSA     FFT INVERSA
-----     -----------------------     -----------------------     -----------     -----------
  211       64477.000       0.000           0.000       0.000             211               0
  227          49.929     911.279           0.000      -0.000             227               0
   72         375.979   -1489.283           0.000       0.000              72               0
  107         -35.307   -1561.761           0.000      -0.000             107               0
  246        -900.348   -1257.696           0.000       0.000             246               0
  124          22.305    -266.338           0.000      -0.000             124               0
  103        -180.059     -99.600           0.000       0.000             103               0
  218         470.800    2310.660           0.000      -0.000             218               0
  126        -749.274     346.864           0.000       0.000             126               0
  149         641.999     348.287           0.000      -0.000             149               0
  190        1115.303    -930.508           0.000       0.000             190               0
  218       -1241.588    2158.115           0.000      -0.000             218               0
    3         850.989    -726.986           0.000       0.000               3               0
  132        -479.866   -3088.963           0.000      -0.000             132               0
  101         -78.989     727.591           0.000       0.000             101               0
   79        1234.950     659.937           0.000      -0.000              79               0
  110         367.531   -1735.039           0.000       0.000             110               0
   19        -679.014    -341.565           0.000      -0.000              19               0
  218        1142.834    -265.969           0.000       0.000             218               0
  131       -1162.593     533.423           0.000      -0.000             131               0
   25        1668.562   -1692.643           0.000       0.000              25               0
   80       -1281.781       9.490           0.000      -0.000              80               0
  223         170.265    -264.319           0.000       0.000             223               0
   31        -699.366    -494.844           0.000      -0.000              31               0
  142       -1613.319   -2610.476           0.000       0.000             142               0
  177         958.747     -71.572           0.000      -0.000             177               0
  226        -462.608       6.443           0.000       0.000             226               0
  156        1650.796     486.899           0.000      -0.000             156               0
   78        -880.981   -1660.423           0.000       0.000              78               0
    2         -58.122    1338.567           0.000      -0.000               2               0
   12         594.792   -1150.143           0.000       0.000              12               0
  159        -672.795     105.671           0.000      -0.000             159               0
  204        -568.522   -2631.164           0.000       0.000             204               0
  142         555.170      60.049           0.000      -0.000             142               0
  205         633.032   -1366.852           0.000       0.000             205               0
  241         865.241     -26.380           0.000      -0.000             241               0
  170       -1192.247    1786.546           0.000       0.000             170               0
  151       -2137.700    1010.598           0.000      -0.000             151               0
   41        -789.663    -320.429           0.000       0.000              41               0
  239        -421.484    1150.716           0.000      -0.000             239               0
  246         499.659     883.123           0.000       0.000             246               0
   11        1270.442    -602.811           0.000      -0.000              11               0
   25         311.041     207.105           0.000       0.000              25               0
  106       -1316.922     206.874           0.000      -0.000             106               0
  216        -151.498   -1793.998           0.000       0.000             216               0
  209         338.100     201.782           0.000      -0.000             209               0
  200        1652.051    -771.855           0.000       0.000             200               0
  123        1838.834   -1407.797           0.000      -0.000             123               0
    8        -946.916    -587.745           0.000       0.000               8               0
  183        1009.504   -1272.917           0.000      -0.000             183               0
  231        -393.389     587.708           0.000       0.000             231               0
  242        1722.654    1635.506           0.000      -0.000             242               0
  175         140.934     613.829           0.000       0.000             175               0
  191       -1954.393    -848.746           0.000      -0.000             191               0
  141         436.890    1445.481           0.000       0.000             141               0
  125       -1263.917    1882.027           0.000      -0.000             125               0
  105       -1252.391    -892.373           0.000       0.000             105               0
  146        1549.056    1517.479           0.000      -0.000             146               0
   93        -589.738   -1171.798           0.000       0.000              93               0
  240        1073.623   -1034.632           0.000      -0.000             240               0
  107         451.084    -172.863           0.000       0.000             107               0
  191        2563.694   -2276.568           0.000      -0.000             191               0
   56        2203.810     965.938           0.000       0.000              56               0
   93         432.931    -537.610           0.000      -0.000              93               0
  246       -1195.494     221.094           0.000       0.000             246               0
  135       -1598.986     276.669           0.000      -0.000             135               0
  203         145.246    -768.455           0.000       0.000             203               0
   30        1127.752    -469.579           0.000      -0.000              30               0
  100       -1261.506   -1353.576           0.000       0.000             100               0
  222       -1573.637    -999.659           0.000      -0.000             222               0
   63        2232.608    -405.074           0.000       0.000              63               0
  150        1100.436    -575.904           0.000      -0.000             150               0
   63        -294.111    -358.462           0.000       0.000              63               0
  254         -47.205    -191.599           0.000      -0.000             254               0
    6         950.980     342.929           0.000       0.000               6               0
   67         799.957    3644.733           0.000      -0.000              67               0
  208       -1098.900     306.409           0.000       0.000             208               0
  202        -345.330    2529.636           0.000      -0.000             202               0
  225        1050.209    1356.346           0.000       0.000             225               0
   50        1613.942     929.497           0.000      -0.000              50               0
   54         408.520      32.564           0.000       0.000              54               0
  185         282.267     610.305           0.000      -0.000             185               0
   59         955.845      89.698           0.000       0.000              59               0
  114       -3227.294   -2354.508           0.000      -0.000             114               0
   27       -2609.219    1002.060           0.000       0.000              27               0
  156         369.310     157.690           0.000      -0.000             156               0
   56        -705.056    1234.621           0.000       0.000              56               0
   47        -889.370    1019.369           0.000      -0.000              47               0
  243       -1730.199      62.088           0.000       0.000             243               0
  105       -1536.905      53.266           0.000      -0.000             105               0
  214        -876.693    -856.198           0.000       0.000             214               0
   64        -647.881    1131.039           0.000      -0.000              64               0
  107        1817.930   -1063.077           0.000       0.000             107               0
  195        -962.843   -1409.847           0.000      -0.000             195               0
   56        -698.685    -103.762           0.000       0.000              56               0
   56        1474.976    -168.628           0.000      -0.000              56               0
   65       -1843.073   -1720.536           0.000       0.000              65               0
  144       -1130.530   -1810.809           0.000      -0.000             144               0
  180         -40.811    -119.297           0.000       0.000             180               0
   46         -82.252    -349.450           0.000      -0.000              46               0
  190        1025.566     224.797           0.000       0.000             190               0
  211        2298.418     105.407           0.000      -0.000             211               0
  224        -571.111   -1572.398           0.000       0.000             224               0
   25         652.024     507.025           0.000      -0.000              25               0
   37        1332.252    -330.576           0.000       0.000              37               0
    8        -294.685   -1219.678           0.000      -0.000               8               0
   57         199.978   -1254.892           0.000       0.000              57               0
  229        -220.666   -2203.668           0.000      -0.000             229               0
  158        -352.823   -1349.652           0.000       0.000             158               0
   54        -758.875     981.719           0.000      -0.000              54               0
   98         761.438    2605.080           0.000       0.000              98               0
  135        1908.720   -1074.768           0.000      -0.000             135               0
  112        -132.164    1501.628           0.000       0.000             112               0
  125         -47.174     -37.771           0.000      -0.000             125               0
   36         341.970     517.072           0.000       0.000              36               0
   90        1714.893   -2627.843           0.000      -0.000              90               0
  149        1640.385    -888.860           0.000       0.000             149               0
  170        -426.569   -1106.661           0.000      -0.000             170               0
   61         875.144    -147.559           0.000       0.000              61               0
  149        2280.266    -225.249           0.000      -0.000             149               0
   99        -454.740    -874.645           0.000       0.000              99               0
    2         424.312   -2855.444           0.000      -0.000               2               0
  255         506.702    -708.660           0.000       0.000             255               0
   50         435.959    -985.371           0.000      -0.000              50               0
  147       -2293.460     824.938           0.000       0.000             147               0
  190        1441.269     763.692           0.000      -0.000             190               0
   53         400.809    2851.390           0.000       0.000              53               0
   74        1817.315    -722.170           0.000      -0.000              74               0
    6        -720.098    -193.034           0.000       0.000               6               0
  250       -1751.910    2736.742           0.000      -0.000             250               0
  143        -956.155   -1744.891           0.000       0.000             143               0
  248        -264.257      31.130           0.000      -0.000             248               0
   89         199.629    1911.279           0.000       0.000              89               0
  162         367.332   -1984.759           0.000      -0.000             162               0
  244        2778.285   -1959.711           0.000       0.000             244               0
   88          77.167     180.416           0.000      -0.000              88               0
   55         409.685    1268.738           0.000       0.000              55               0
  227        -218.567     547.185           0.000      -0.000             227               0
  183        -246.600     481.089           0.000       0.000             183               0
  248         698.440     314.872           0.000      -0.000             248               0
   53        1332.559     609.190           0.000       0.000              53               0
   34        -798.934    -391.059           0.000      -0.000              34               0
   47        2670.923     198.876           0.000       0.000              47               0
  119        2443.341    -509.360           0.000      -0.000             119               0
   40         796.439    -878.452           0.000       0.000              40               0
   96         139.523    2108.553           0.000      -0.000              96               0
   27        -464.902   -1875.449           0.000       0.000              27               0
   31        1839.746    -799.886           0.000      -0.000              31               0
   66       -2114.962    -862.752           0.000       0.000              66               0
   11         645.967    -809.419           0.000      -0.000              11               0
  137        -370.269    -890.081           0.000       0.000             137               0
  250       -2484.247    -323.605           0.000      -0.000             250               0
   42        1507.779   -1615.550           0.000       0.000              42               0
    9          79.653    -254.500           0.000      -0.000               9               0
  233         665.555    -601.159           0.000       0.000             233               0
   40         100.884   -1295.440           0.000      -0.000              40               0
   50         986.613    1091.551           0.000       0.000              50               0
  244        1151.622   -1767.798           0.000      -0.000             244               0
  136       -1925.185     933.577           0.000       0.000             136               0
   20         735.906   -2119.371           0.000      -0.000              20               0
   25         292.977     434.396           0.000       0.000              25               0
  178        -506.562    -497.393           0.000      -0.000             178               0
  234        -736.190    1951.220           0.000       0.000             234               0
  140         862.643   -1465.381           0.000      -0.000             140               0
   82         940.866   -1699.849           0.000       0.000              82               0
   50          80.343   -1488.331           0.000      -0.000              50               0
  128        1702.462    1352.451           0.000       0.000             128               0
  247        -516.074   -1410.519           0.000      -0.000             247               0
  191         953.620    -537.527           0.000       0.000             191               0
  223        -351.356    -556.410           0.000      -0.000             223               0
  156        -540.604   -2647.168           0.000       0.000             156               0
   31        -872.473   -1186.173           0.000      -0.000              31               0
  164        1041.166   -1274.890           0.000       0.000             164               0
  182        1773.735   -1375.987           0.000      -0.000             182               0
    3       -2611.888     408.709           0.000       0.000               3               0
  169        -418.990    2145.288           0.000      -0.000             169               0
  151         486.999   -1035.197           0.000       0.000             151               0
  210         -84.051   -1210.192           0.000      -0.000             210               0
  161         118.905    -958.160           0.000       0.000             161               0
  172        -641.763    1697.397           0.000      -0.000             172               0
    1        -994.527      23.447           0.000       0.000               1               0
  168         931.932    -706.042           0.000      -0.000             168               0
  105        -345.655   -1150.100           0.000       0.000             105               0
   80         817.981    1884.238           0.000      -0.000              80               0
   47        1564.742   -1467.332           0.000       0.000              47               0
   51        -616.085    2029.204           0.000      -0.000              51               0
   28         -95.410     486.604           0.000       0.000              28               0
  215         230.737     933.238           0.000      -0.000             215               0
   49       -1775.806   -1128.718           0.000       0.000              49               0
  234        1419.568    1280.045           0.000      -0.000             234               0
  120       -1205.603     669.170           0.000       0.000             120               0
    6         251.795   -1152.311           0.000      -0.000               6               0
   36        1057.356     903.278           0.000       0.000              36               0
   92         467.700     -37.065           0.000      -0.000              92               0
   81        1555.176   -1610.228           0.000       0.000              81               0
   77         725.807     470.828           0.000      -0.000              77               0
   78         106.291     413.975           0.000       0.000              78               0
  106         136.476    -718.782           0.000      -0.000             106               0
  151         591.627     845.823           0.000       0.000             151               0
  167       -1154.252   -1549.494           0.000      -0.000             167               0
  111         132.226   -1194.264           0.000       0.000             111               0
  121        1230.865    -161.206           0.000      -0.000             121               0
  157        -668.781    1204.136           0.000       0.000             157               0
   80        2065.250    -393.138           0.000      -0.000              80               0
  204       -2257.722     239.718           0.000       0.000             204               0
  203         920.257     868.512           0.000      -0.000             203               0
  250         200.624     413.746           0.000       0.000             250               0
  173       -1857.298    2271.836           0.000      -0.000             173               0
   63       -2915.239    1291.458           0.000       0.000              63               0
  251        1186.089   -1842.360           0.000      -0.000             251               0
  170        4332.773     474.406           0.000       0.000             170               0
  141        -783.740   -1051.390           0.000      -0.000             141               0
  237       -2358.100   -1963.920           0.000       0.000             237               0
  224       -2222.553    1103.953           0.000      -0.000             224               0
   24        -518.272     974.546           0.000       0.000              24               0
   49         352.295     257.595           0.000      -0.000              49               0
   33         821.244     590.889           0.000       0.000              33               0
  218         257.847      56.008           0.000      -0.000             218               0
   79         672.763    -370.758           0.000       0.000              79               0
  174        -571.705    -406.028           0.000      -0.000             174               0
   48        -463.980    -363.366           0.000       0.000              48               0
   10         -69.663    1779.487           0.000      -0.000              10               0
  246         624.013    1063.113           0.000       0.000             246               0
  134         171.427   -1584.525           0.000      -0.000             134               0
  121        1306.599     483.833           0.000       0.000             121               0
  122         138.947    1411.600           0.000      -0.000             122               0
  204        1046.453    1305.275           0.000       0.000             204               0
   74        -556.975    -423.352           0.000      -0.000              74               0
  128        -847.306     857.965           0.000       0.000             128               0
  202        -748.774       3.407           0.000      -0.000             202               0
  207         465.465    1007.208           0.000       0.000             207               0
   20         946.002    -276.342           0.000      -0.000              20               0
  171        2076.982    -149.314           0.000       0.000             171               0
  132          14.974    1425.950           0.000      -0.000             132               0
   44          69.509   -1030.578           0.000       0.000              44               0
   30         450.315     400.036           0.000      -0.000              30               0
   53         208.283   -1780.673           0.000       0.000              53               0
  200       -1087.174    -254.883           0.000      -0.000             200               0
   46         958.645     146.835           0.000       0.000              46               0
   45          90.257    -723.797           0.000      -0.000              45               0
  111        1782.483     336.709           0.000       0.000             111               0
   71         566.546     355.521           0.000      -0.000              71               0
  191       -2708.811    2397.952           0.000       0.000             191               0
  176       -1040.914   -1230.622           0.000      -0.000             176               0
    9       -1039.941    -703.374           0.000       0.000               9               0
  190       -1010.524     133.449           0.000      -0.000             190               0
  157          67.653    -321.113           0.000       0.000             157               0
   59         -54.771   -1377.601           0.000      -0.000              59               0
   11       -1843.781     175.315           0.000       0.000              11               0
  152        -240.353     648.188           0.000      -0.000             152               0
   73         -99.414     215.079           0.000       0.000              73               0
  138         884.015     378.769           0.000      -0.000             138               0
   83         390.967    -433.084           0.000       0.000              83               0
   29        -117.612   -1059.934           0.000      -0.000              29               0
  120        1285.245     996.975           0.000       0.000             120               0
  130         -31.464    -918.186           0.000      -0.000             130               0
   94       -1857.000      -0.251           0.000       0.000              94               0
  101         -31.481     918.122           0.000       0.000             101               0
  202        1285.646    -996.543           0.000       0.000             202               0
  220        -118.029    1059.945           0.000       0.000             220               0
  234         390.815     433.040           0.000       0.000             234               0
  118         883.976    -378.626           0.000       0.000             118               0
  212         -99.620    -215.189           0.000       0.000             212               0
  234        -240.432    -648.242           0.000       0.000             234               0
  120       -1843.801    -175.749           0.000       0.000             120               0
  210         -55.144    1377.619           0.000       0.000             210               0
    8          67.448     320.971           0.000       0.000               8               0
   87       -1010.595    -133.870           0.000       0.000              87               0
  222       -1040.170     702.940           0.000       0.000             222               0
   11       -1041.273    1229.858           0.000       0.000              11               0
   68       -2707.566   -2399.124           0.000       0.000              68               0
  190         567.354    -355.223           0.000       0.000             190               0
   90        1782.874    -335.984           0.000       0.000              90               0
   20          90.098     723.877           0.000       0.000              20               0
  176         958.691    -146.522           0.000       0.000             176               0
   72       -1087.201     254.610           0.000       0.000              72               0
   56         207.933    1780.594           0.000       0.000              56               0
  133         450.612    -400.145           0.000       0.000             133               0
  252          69.317    1030.292           0.000       0.000             252               0
  157          15.744   -1426.204           0.000       0.000             157               0
  171        2077.062     149.937           0.000       0.000             171               0
  120         945.730     276.422           0.000       0.000             120               0
  143         465.535   -1007.239           0.000       0.000             143               0
  136        -748.961      -3.783           0.000       0.000             136               0
  169        -846.979    -858.346           0.000       0.000             169               0
  231        -556.868     423.001           0.000       0.000             231               0
  130        1047.079   -1305.128           0.000       0.000             130               0
  240         139.518   -1411.479           0.000       0.000             240               0
   44        1306.763    -483.138           0.000       0.000              44               0
   49         170.789    1584.538           0.000       0.000              49               0
  178         624.241   -1063.154           0.000       0.000             178               0
   61         -69.246   -1779.376           0.000       0.000              61               0
  198        -464.189     363.471           0.000       0.000             198               0
  187        -571.760     405.914           0.000       0.000             187               0
   57         672.714     370.936           0.000       0.000              57               0
  153         257.842     -56.039           0.000       0.000             153               0
  225         821.313    -590.675           0.000       0.000             225               0
   61         352.071    -257.501           0.000       0.000              61               0
   49        -518.334    -974.664           0.000       0.000              49               0
   31       -2222.348   -1104.329           0.000       0.000              31               0
  123       -2358.416    1963.392           0.000       0.000             123               0
   22        -783.314    1050.965           0.000       0.000              22               0
  124        4333.169    -473.058           0.000       0.000             124               0
  194        1184.839    1842.466           0.000       0.000             194               0
  233       -2915.159   -1292.920           0.000       0.000             233               0
  179       -1856.246   -2272.499           0.000       0.000             179               0
  192         201.148    -413.517           0.000       0.000             192               0
  148         920.605    -868.039           0.000       0.000             148               0
   53       -2257.365    -240.242           0.000       0.000              53               0
  107        2065.434     393.927           0.000       0.000             107               0
  137        -668.260   -1204.177           0.000       0.000             137               0
  108        1230.938     161.998           0.000       0.000             108               0
  198         131.749    1194.545           0.000       0.000             198               0
  238       -1154.633    1549.001           0.000       0.000             238               0
  248         592.161    -845.723           0.000       0.000             248               0
    8         136.396     718.820           0.000       0.000               8               0
    3         106.656    -413.993           0.000       0.000               3               0
  202         726.213    -470.427           0.000       0.000             202               0
   36        1554.694    1610.765           0.000       0.000              36               0
   23         467.626      36.998           0.000       0.000              23               0
  232        1057.529    -902.937           0.000       0.000             232               0
   75         251.150    1152.326           0.000       0.000              75               0
  123       -1205.404    -669.790           0.000       0.000             123               0
  193        1419.909   -1279.492           0.000       0.000             193               0
  187       -1776.257    1128.132           0.000       0.000             187               0
  126         231.211    -933.294           0.000       0.000             126               0
   57         -95.169    -486.668           0.000       0.000              57               0
  131        -615.161   -2029.152           0.000       0.000             131               0
  204        1564.426    1468.064           0.000       0.000             204               0
  174         818.485   -1883.758           0.000       0.000             174               0
   30        -346.117    1150.340           0.000       0.000              30               0
  212         931.559     706.405           0.000       0.000             212               0
   54        -994.675     -23.828           0.000       0.000              54               0
  145        -641.114   -1697.354           0.000       0.000             145               0
   72         118.686     958.627           0.000       0.000              72               0
   37         -84.388    1210.312           0.000       0.000              37               0
  214         486.624    1035.205           0.000       0.000             214               0
   32        -418.415   -2145.360           0.000       0.000              32               0
  208       -2611.440    -409.036           0.000       0.000             208               0
  165        1773.702    1377.063           0.000       0.000             165               0
  191        1040.676    1275.521           0.000       0.000             191               0
  196        -872.923    1186.126           0.000       0.000             196               0
   14        -541.322    2646.964           0.000       0.000              14               0
  116        -351.242     556.081           0.000       0.000             116               0
  237         953.653     537.775           0.000       0.000             237               0
   34        -516.305    1410.140           0.000       0.000              34               0
   68        1703.094   -1351.900           0.000       0.000              68               0
   16          79.878    1488.547           0.000       0.000              16               0
  251         940.341    1700.047           0.000       0.000             251               0
  157         861.996    1465.218           0.000       0.000             157               0
   47        -735.657   -1951.699           0.000       0.000              47               0
  249        -506.620     497.296           0.000       0.000             249               0
  213         293.269    -434.162           0.000       0.000             213               0
  146         735.143    2119.586           0.000       0.000             146               0
  124       -1924.703    -934.289           0.000       0.000             124               0
  125        1151.390    1768.126           0.000       0.000             125               0
  131         987.045   -1091.260           0.000       0.000             131               0
  132         100.479    1295.575           0.000       0.000             132               0
   83         665.376     601.320           0.000       0.000              83               0
  158          79.578     254.556           0.000       0.000             158               0
  199        1506.999    1615.995           0.000       0.000             199               0
  241       -2484.474     322.625           0.000       0.000             241               0
   67        -370.264     889.857           0.000       0.000              67               0
  141         645.807     809.483           0.000       0.000             141               0
   75       -2114.914     861.854           0.000       0.000              75               0
  251        1839.874     800.285           0.000       0.000             251               0
  175        -465.327    1874.780           0.000       0.000             175               0
  146         140.643   -2108.863           0.000       0.000             146               0
  254         796.633     878.652           0.000       0.000             254               0
  126        2443.467     509.895           0.000       0.000             126               0
  123        2670.776    -198.252           0.000       0.000             123               0
  146        -799.245     390.503           0.000       0.000             146               0
   72        1332.761    -609.028           0.000       0.000              72               0
  152         698.357    -314.830           0.000       0.000             152               0
   72        -246.567    -481.335           0.000       0.000              72               0
  207        -218.334    -547.378           0.000       0.000             207               0
   27         410.219   -1268.522           0.000       0.000              27               0
   16          77.443    -180.070           0.000       0.000              16               0
  118        2777.588    1960.764           0.000       0.000             118               0
  126         366.307    1984.447           0.000       0.000             126               0
  190         199.970   -1911.561           0.000       0.000             190               0
   40        -264.534     -31.184           0.000       0.000              40               0
  136        -956.928    1744.222           0.000       0.000             136               0
   27       -1750.877   -2737.578           0.000       0.000              27               0
   18        -719.705     192.897           0.000       0.000              18               0
   19        1817.354     722.518           0.000       0.000              19               0
   33         401.791   -2851.336           0.000       0.000              33               0
  235        1441.330    -762.872           0.000       0.000             235               0
  223       -2293.197    -825.240           0.000       0.000             223               0
   45         435.960     985.983           0.000       0.000              45               0
  189         506.656     709.217           0.000       0.000             189               0
  160         423.484    2855.678           0.000       0.000             160               0
   27        -454.723     874.260           0.000       0.000              27               0
  150        2280.405     225.869           0.000       0.000             150               0
  145         874.989     147.865           0.000       0.000             145               0
  208        -426.844    1106.538           0.000       0.000             208               0
   13        1640.245     889.378           0.000       0.000              13               0
  252        1713.857    2628.053           0.000       0.000             252               0
  148         341.883    -517.486           0.000       0.000             148               0
   94         -47.316      37.381           0.000       0.000              94               0
  122        -131.591   -1501.826           0.000       0.000             122               0
   45        1908.302    1075.207           0.000       0.000              45               0
  159         761.940   -2604.915           0.000       0.000             159               0
  202        -758.816    -981.501           0.000       0.000             202               0
   79        -353.341    1350.002           0.000       0.000              79               0
  213        -221.386    2203.693           0.000       0.000             213               0
   66         199.588    1254.807           0.000       0.000              66               0
  152        -294.972    1219.317           0.000       0.000             152               0
  159        1332.209     330.709           0.000       0.000             159               0
  192         652.053    -506.902           0.000       0.000             192               0
  236        -571.584    1572.067           0.000       0.000             236               0
  146        2298.422    -104.916           0.000       0.000             146               0
  255        1025.227    -224.553           0.000       0.000             255               0
   66         -82.793     349.399           0.000       0.000              66               0
  151         -41.250     119.352           0.000       0.000             151               0
  111       -1131.457    1810.425           0.000       0.000             111               0
   87       -1843.575    1719.582           0.000       0.000              87               0
  142        1474.933     168.724           0.000       0.000             142               0
   25        -698.937     103.317           0.000       0.000              25               0
  132        -963.253    1409.252           0.000       0.000             132               0
  203        1817.440    1063.133           0.000       0.000             203               0
   84        -647.919   -1131.670           0.000       0.000              84               0
  218        -877.287     855.595           0.000       0.000             218               0
  214       -1537.071     -54.228           0.000       0.000             214               0
   63       -1730.135     -63.131           0.000       0.000              63               0
  110        -888.863   -1020.067           0.000       0.000             110               0
   89        -704.475   -1235.022           0.000       0.000              89               0
   44         369.296    -157.653           0.000       0.000              44               0
  165       -2608.930   -1002.868           0.000       0.000             165               0
  222       -3227.449    2353.282           0.000       0.000             222               0
   21         956.640     -89.894           0.000       0.000              21               0
   68         282.936    -610.601           0.000       0.000              68               0
  122         408.989     -32.831           0.000       0.000             122               0
  118        1614.531    -929.413           0.000       0.000             118               0
  148        1050.639   -1356.379           0.000       0.000             148               0
  234        -344.534   -2529.847           0.000       0.000             234               0
  159       -1098.551    -306.846           0.000       0.000             159               0
  247         801.521   -3644.278           0.000       0.000             247               0
   81         951.210    -342.043           0.000       0.000              81               0
  194         -47.208     191.983           0.000       0.000             194               0
   72        -293.992     358.658           0.000       0.000              72               0
  195        1100.501     576.483           0.000       0.000             195               0
   29        2232.273     406.004           0.000       0.000              29               0
   66       -1574.230     999.270           0.000       0.000              66               0
  107       -1261.719    1353.100           0.000       0.000             107               0
   17        1127.804     469.805           0.000       0.000              17               0
  221         144.916     768.300           0.000       0.000             221               0
  140       -1598.790    -277.401           0.000       0.000             140               0
  121       -1194.908    -221.539           0.000       0.000             121               0
    3         433.441     537.683           0.000       0.000               3               0
  186        2204.608    -965.097           0.000       0.000             186               0
  224        2562.931    2277.449           0.000       0.000             224               0
  176         450.865     172.795           0.000       0.000             176               0
   75        1073.103    1034.785           0.000       0.000              75               0
  190        -590.218    1171.117           0.000       0.000             190               0
  153        1549.384   -1517.326           0.000       0.000             153               0
  185       -1252.956     891.626           0.000       0.000             185               0
    1       -1263.184   -1882.784           0.000       0.000               1               0
    3         437.458   -1445.244           0.000       0.000               3               0
  191       -1954.453     848.111           0.000       0.000             191               0
    4         141.663    -613.962           0.000       0.000               4               0
  125        1723.429   -1634.850           0.000       0.000             125               0
  213        -393.069    -587.461           0.000       0.000             213               0
   92        1009.213    1273.528           0.000       0.000              92               0
   33        -946.854     587.530           0.000       0.000              33               0
   47        1838.674    1408.391           0.000       0.000              47               0
   36        1651.712     772.208           0.000       0.000              36               0
   91         337.945    -201.755           0.000       0.000              91               0
   39        -152.277    1793.744           0.000       0.000              39               0
  220       -1316.774    -207.683           0.000       0.000             220               0
  219         311.383    -207.211           0.000       0.000             219               0
  191        1270.294     602.944           0.000       0.000             191               0
   50         499.773    -883.276           0.000       0.000              50               0
   66        -421.298   -1150.924           0.000       0.000              66               0
    6        -789.909     320.088           0.000       0.000               6               0
   83       -2137.225   -1011.452           0.000       0.000              83               0
   83       -1191.131   -1786.745           0.000       0.000              83               0
   96         865.705      27.101           0.000       0.000              96               0
  186         632.806    1367.282           0.000       0.000             186               0
  237         555.269     -59.673           0.000       0.000             237               0
  120        -569.314    2630.958           0.000       0.000             120               0
   85        -672.467    -106.115           0.000       0.000              85               0
  197         594.688    1150.118           0.000       0.000             197               0
  119         -57.506   -1338.655           0.000       0.000             119               0
  128        -881.164    1660.102           0.000       0.000             128               0
   16        1651.234    -486.503           0.000       0.000              16               0
  197        -462.477      -6.557           0.000       0.000             197               0
   71         958.783      72.087           0.000       0.000              71               0
   25       -1614.090    2609.893           0.000       0.000              25               0
   95        -699.119     494.278           0.000       0.000              95               0
  154         170.551     264.140           0.000       0.000             154               0
  216       -1281.247     -10.015           0.000       0.000             216               0
  217        1668.448    1692.964           0.000       0.000             217               0
   86       -1162.015    -534.112           0.000       0.000              86               0
  104        1143.208     266.234           0.000       0.000             104               0
   17        -678.698     341.256           0.000       0.000              17               0
  145         367.548    1734.863           0.000       0.000             145               0
  187        1235.596    -659.892           0.000       0.000             187               0
  232         -78.413    -727.569           0.000       0.000             232               0
  138        -480.366    3088.608           0.000       0.000             138               0
   60         851.259     726.535           0.000       0.000              60               0
   29       -1240.209   -2158.919           0.000       0.000              29               0
   73        1115.790     930.680           0.000       0.000              73               0
  249         642.716    -348.457           0.000       0.000             249               0
  224        -748.386    -347.496           0.000       0.000             224               0
   51         472.529   -2310.575           0.000       0.000              51               0
    9        -179.037      99.739           0.000       0.000               9               0
   81          23.493     266.480           0.000       0.000              81               0
   62        -899.050    1257.428           0.000       0.000              62               0
  205         -33.415    1561.537           0.000       0.000             205               0
   54         378.962    1488.878           0.000       0.000              54               0
   22          57.089    -911.761           0.000       0.000              22               0
