SINAL     NFT                         FFT                         NFT INVERSA     FFT INVERSA
-----     -----------------------     -----------------------     -----------     -----------
   95       64519.000       0.000           0.000       0.000              95               1
  234        1204.726    1773.553         -25.491      46.464             234               0
   32         279.793    1067.931           0.000       0.000              32              -0
  219        -488.241    1154.479        -132.137      51.904             219               0
  192        -330.552     946.721           0.000       0.000             192               0
  235        -374.329     834.188         131.966      62.353             235              -0
  199        -362.008     843.865           0.000       0.000             199              -0
   42        1197.538    1022.934         -29.212      39.897              42               0
  109         245.284    -950.260           0.000       0.000             109               0
  217         998.002   -1040.021          -3.084       5.020             217               0
   68         705.322   -1769.703           0.000       0.000              68              -0
  220       -1372.187    -930.759         -36.714      12.379             220               0
   36         804.846     212.749           0.000       0.000              36               0
    6         323.022    1503.562          49.563      26.467               6              -0
  176        -199.298   -1068.294           0.000       0.000             176              -0
  136        1247.508     -14.350          -8.324      20.451             136               0
  220        2664.023     635.670           0.000       0.000             220               0
   75       -1553.823     386.022          -1.763       2.578              75               0
   55        -466.505   -1874.217           0.000       0.000              55              -0
  174         126.129     128.085         -21.614       6.124             174               0
   84         862.079     509.510           0.000       0.000              84               0
   16        -827.847    -177.866          29.892      17.901              16              -0
   47       -1114.891    -841.090           0.000       0.000              47              -0
  232       -1241.148     148.159         -10.068      11.246             232               0
  201        -626.988    1106.167           0.000       0.000             201               0
    0        2571.280    -287.333          -1.286       1.695               0               0
  199       -1530.619   -1225.684           0.000       0.000             199              -0
   46         984.779    -299.115         -15.439       3.567              46               0
  105         342.631   -1430.140           0.000       0.000             105               0
    8        -705.643    -161.656          21.037      14.045               8              -0
   13        -450.628   -1921.206           0.000       0.000              13              -0
  204        -721.745    1141.373          -3.515      10.018             204               0
  218         279.481      -0.365           0.000       0.000             218               0
   69        1358.136    -414.104          -1.039       1.239              69               0
   54        -360.035   -1871.159           0.000       0.000              54              -0
   39        1222.731     821.061         -12.068       2.170              39               0
  226       -1011.651    -981.168           0.000       0.000             226               0
   69       -1290.971    -326.819          15.981      11.843              69              -0
  228         259.340     649.418           0.000       0.000             228              -0
   40        -452.414     161.065          -6.600       6.056              40               0
  145        1760.578    -441.330           0.000       0.000             145               0
   16        -636.702    -218.955          -0.888       0.958              16               0
  171       -1152.465    2306.742           0.000       0.000             171              -0
   89         409.168    -773.719          -9.937       1.288              89               0
   30         986.479   -1552.159           0.000       0.000              30               0
   75       -1554.031     -98.699          12.699      10.413              75              -0
  133        -671.122    -166.863           0.000       0.000             133              -0
  238         267.460    -420.996          -3.928       5.957             238               0
   13       -1044.656     302.139           0.000       0.000              13               0
   59       -1579.669    -639.594          -0.785       0.768              59               0
  123        -131.781    -568.849           0.000       0.000             123              -0
   54         232.004   -1637.908          -8.461       0.676              54               0
   72       -1285.324    -460.735           0.000       0.000              72               0
   15         692.367     900.155          10.387       9.406              15              -0
  219         -43.711     -72.310           0.000       0.000             219              -0
  221       -1979.233    1400.995          -5.127       3.851             221               0
   57        1569.314     546.287           0.000       0.000              57               0
   30       -3566.507     135.575          -0.710       0.630              30               0
  216         675.762   -1349.213           0.000       0.000             216              -0
   73       -1387.410    -691.629          -7.375       0.226              73               0
  247         132.977    -407.126           0.000       0.000             247               0
  253         706.652   -1928.197           8.662       8.656             253              -0
  230          44.646     436.180           0.000       0.000             230              -0
  148         587.460   -1343.898          -2.358       4.757             148               0
  160        1201.272    1080.231           0.000       0.000             160               0
  194        1402.514   -1760.578          -0.653       0.524             194               0
   18        1209.774    1090.086           0.000       0.000              18              -0
  141        2928.882     -58.770          -6.538      -0.120             141               0
  253        1542.303      -6.038           0.000       0.000             253               0
    1       -1265.148   -2145.570           7.321       8.072               1              -0
  143         473.177   -1223.539           0.000       0.000             143              -0
  198       -1384.958   -1698.192          -4.299       2.613             198               0
  152         804.458    2861.272           0.000       0.000             152               0
   38        1205.308     980.158          -0.608       0.441              38               0
  112       -1612.941    1597.542           0.000       0.000             112              -0
  232        -753.109     145.027          -5.870      -0.397             232               0
  195        -279.157    -796.064           0.000       0.000             195               0
  232         789.736    1678.174           6.244       7.603             232              -0
   71       -1043.560      90.637           0.000       0.000              71              -0
  121       -1094.452    1631.545          -3.061       3.098             121               0
  170        -745.055     534.816           0.000       0.000             170               0
   42         448.587     178.574          -0.571       0.373              42               0
  223         403.030    1144.354           0.000       0.000             223              -0
  133        -487.379    1570.063          -5.323      -0.623             133               0
  121       -1230.296    1405.848           0.000       0.000             121               0
   41        -506.882    -248.723           5.356       7.216              41              -0
   21       -1805.835   -1382.696           0.000       0.000              21              -0
  133         208.341    -574.918          -3.761       1.807             133               0
   22        -221.043   -1282.803           0.000       0.000              22               0
   11         269.450    1048.417          -0.541       0.316              11               0
  167       -1456.527   -1616.686           0.000       0.000             167              -0
   67        -512.868    -565.659          -4.865      -0.813              67               0
  151         207.348    2747.376           0.000       0.000             151               0
  177        1729.394      57.826           4.607       6.890             177              -0
   95         825.200     210.091           0.000       0.000              95              -0
   29         577.119    1382.927          -2.432       2.717              29               0
   92        1371.582     812.274           0.000       0.000              92               0
  222        -664.164   -1108.132          -0.514       0.268             222               0
   83        1117.201    1179.556           0.000       0.000              83              -0
   97        -320.622     384.446          -4.473      -0.976              97               0
   81         829.185     953.730           0.000       0.000              81               0
   98        2294.428   -1144.229           3.965       6.610              98              -0
  164         373.574    -913.200           0.000       0.000             164              -0
   67       -1351.165     213.861          -3.376       1.232              67               0
  140          95.000    1005.683           0.000       0.000             140               0
  244         405.113    -312.211          -0.492       0.226             244               0
   87         775.390    -229.105           0.000       0.000              87              -0
  141       -1313.880    2211.814          -4.133      -1.116             141               0
  213        -387.464    -813.308           0.000       0.000             213               0
   30        1178.255     -56.051           3.406       6.367              30              -0
   78         689.389    -647.146           0.000       0.000              78              -0
  142         950.053    -117.531          -2.669       1.807             142               0
  100        3289.150   -1415.080           0.000       0.000             100               0
   65        -454.029     -48.520          -0.472       0.190              65               0
  138        2043.208    -914.319           0.000       0.000             138              -0
   21         246.927   -1015.246          -3.834      -1.240              21               0
  160        -820.968    -577.332           0.000       0.000             160               0
   53        1553.447    -965.141           2.912       6.152              53              -0
  182       -1995.163    1432.571           0.000       0.000             182              -0
  158       -2457.403    -345.444          -3.083       0.792             158               0
   55        -536.658    -892.087           0.000       0.000              55               0
  255        1163.291    2029.283          -0.455       0.157             255               0
  202          75.973   -1231.537           0.000       0.000             202              -0
   51         460.061     518.389          -3.567      -1.351              51               0
  135       -1337.694     -42.523           0.000       0.000             135               0
   25         121.930    -281.186           2.471       5.959              25              -0
  228       -2307.284    1564.162           0.000       0.000             228              -0
  229         507.069     838.760          -2.074       1.950             229               0
  200         569.964     737.036           0.000       0.000             200               0
  116        1063.911    1362.331          -0.439       0.128             116               0
  122         244.610    2737.828           0.000       0.000             122              -0
   88         206.550     331.148          -3.327      -1.450              88               0
  190        -506.151   -1787.625           0.000       0.000             190               0
  145         507.154    -580.165           2.073       5.786             145              -0
   85         536.257       6.040           0.000       0.000              85              -0
    3         243.548   -2630.085          -2.848       0.440               3               0
    3        1142.235     316.938           0.000       0.000               3               0
  105        -463.321     241.687          -0.425       0.101             105               0
   91       -1940.668    -985.900           0.000       0.000              91              -0
   12        -497.558   -1089.005          -3.108      -1.541              12               0
  135       -3328.540    1388.167           0.000       0.000             135               0
   90        -822.132     430.151           1.710       5.628              90              -0
  238         767.565   -1548.461           0.000       0.000             238              -0
  101        1818.295    -611.219          -2.432       1.025             101               0
  251         966.463   -1139.672           0.000       0.000             251               0
  185       -3255.061   -1127.728          -0.411       0.077             185               0
   14        -445.786    -305.653           0.000       0.000              14              -0
  177         638.012    -564.175          -2.908      -1.624             177               0
  100       -1979.478    1722.128           0.000       0.000             100               0
   42       -1887.288   -2235.462           1.375       5.482              42              -0
   41        1752.739     128.169           0.000       0.000              41              -0
  161        -233.861    -507.768          -2.651       0.147             161               0
   94         822.877     577.287           0.000       0.000              94               0
  192         756.024    -284.445          -0.399       0.055             192               0
  207        -578.658   -1570.739           0.000       0.000             207              -0
   89       -2505.458    -898.417          -2.723      -1.701              89               0
  118        2073.804    1675.856           0.000       0.000             118               0
  250          25.262   -1770.387           1.066       5.347             250              -0
    6        2256.612     436.523           0.000       0.000               6              -0
    8         146.042    2528.373          -2.185       1.050               8               0
  245        2842.130   -1068.747           0.000       0.000             245               0
  198       -1231.623    -230.137          -0.388       0.034             198               0
   59       -1118.817    -373.225           0.000       0.000              59              -0
   94        -238.006     602.960          -2.550      -1.772              94               0
  210       -2013.276     262.966           0.000       0.000             210               0
   97       -1288.408    1955.518           0.777       5.221              97              -0
  160         507.935   -1806.904           0.000       0.000             160              -0
  226         138.247     -64.738          -2.482      -0.107             226               0
    1       -1926.710   -1822.033           0.000       0.000               1               0
  199        -534.121     257.239          -0.377       0.014             199               0
    2        1010.040   -1513.843           0.000       0.000               2              -0
  249        -798.845    -144.829          -2.387      -1.840             249               0
   13        1543.774     613.656           0.000       0.000              13               0
   92       -1081.007     926.331           0.505       5.103              92              -0
  146        1576.888     515.816           0.000       0.000             146              -0
   35        -364.604    -267.210          -2.262       0.464              35               0
  206        3347.985    1654.616           0.000       0.000             206               0
  141        -304.967     413.049          -0.368      -0.004             141               0
   20       -1356.415    -278.320           0.000       0.000              20              -0
    7        -599.412      72.673          -2.234      -1.903               7               0
   71         213.284    -430.630           0.000       0.000              71               0
   14        2384.288   -1171.659           0.247       4.991              14              -0
  235         180.345    -176.220           0.000       0.000             235              -0
   60        -386.802   -1184.371          -2.332      -0.331              60               0
  213       -1135.138    -171.426           0.000       0.000             213               0
   51         633.527    -142.965          -0.358      -0.022              51               0
   95        2118.068    -276.119           0.000       0.000              95              -0
   84        -256.778   -1692.400          -2.088      -1.964              84               0
  163        1621.448     719.467           0.000       0.000             163               0
  162       -1543.073    -117.996           0.002       4.884             162              -0
  116         626.996   -1654.826           0.000       0.000             116              -0
  130         305.529     166.186          -2.058       0.694             130               0
  174       -1105.303    -747.941           0.000       0.000             174               0
  229       -1535.777    1122.545          -0.349      -0.038             229              -0
   14        1967.086     787.007           0.000       0.000              14              -0
   37         896.735   -1255.568          -1.948      -2.021              37               0
   23       -1581.657    -586.103           0.000       0.000              23               0
   61         -63.972    -194.004          -0.233       4.782              61              -0
  166        -301.456   -1301.124           0.000       0.000             166              -0
   62        -131.755   -1168.890          -2.196      -0.536              62               0
  165        -382.558   -2339.071           0.000       0.000             165               0
   21       -1004.451   -1543.109          -0.340      -0.054              21              -0
  236       -1542.174     355.881           0.000       0.000             236              -0
  195        -194.098    -996.847          -1.814      -2.077             195               0
  217       -2388.622     416.110           0.000       0.000             217               0
  139        -136.424   -1438.403          -0.459       4.683             139              -0
  241        1099.912     -18.510           0.000       0.000             241              -0
  102       -1640.821   -2687.104          -2.125       0.013             102               0
    1       -2773.214    -239.289           0.000       0.000               1               0
   42       -1755.449    -976.654          -0.332      -0.070              42              -0
  177        -478.140    -991.268           0.000       0.000             177              -0
  231         360.371    2099.062          -1.684      -2.131             231               0
  129        1131.130     571.632           0.000       0.000             129               0
  104         376.087   -1084.626          -0.679       4.588             104              -0
  165       -1010.740    1209.469           0.000       0.000             165              -0
   29        -438.788     373.512          -2.069      -0.726              29               0
   23        2063.245    -288.635           0.000       0.000              23               0
   42       -1037.826     682.487          -0.324      -0.085              42              -0
  231         674.536    -537.731           0.000       0.000             231              -0
   62         355.598   -1127.807          -1.558      -2.183              62               0
  255        1262.449    -776.271           0.000       0.000             255               0
  148        -165.379   -1914.818          -0.892       4.495             148              -0
   29       -1402.799   -1457.735           0.000       0.000              29              -0
  151         798.113    -453.912          -2.046       0.113             151               0
  199        -325.421     766.509           0.000       0.000             199               0
   82        -594.546     157.409          -0.316      -0.100              82              -0
  118        -493.357    -662.027           0.000       0.000             118              -0
   91         533.645    1548.597          -1.434      -2.234              91               0
  204        1688.980   -1241.815           0.000       0.000             204               0
  251        -925.690   -1572.898          -1.101       4.404             251              -0
  249        2874.333     704.509           0.000       0.000             249              -0
   33        1455.635    -910.719          -1.948      -0.907              33               0
  242        -264.532     577.115           0.000       0.000             242               0
   85        -447.015    1904.939          -0.308      -0.114              85              -0
   37        -736.290   -1275.651           0.000       0.000              37              -0
   47       -3538.739    -341.419          -1.313      -2.285              47               0
   37         338.288    -689.278           0.000       0.000              37               0
    5         216.654     -46.006          -1.307       4.314               5              -0
  182        -211.108      73.709           0.000       0.000             182              -0
  147        1674.434    -614.644          -2.004      -0.386             147               0
   97        -113.072     218.571           0.000       0.000              97               0
  123        -510.951    -837.622          -0.300      -0.128             123              -0
   81        1100.529    -420.675           0.000       0.000              81              -0
   49         456.238    -935.776          -1.193      -2.334              49               0
   73          66.549     462.714           0.000       0.000              73               0
  194          58.518    -279.789          -1.510       4.226             194              -0
  158       -2292.268   -1275.159           0.000       0.000             158              -0
  245         840.149    -507.088          -1.831      -1.082             245               0
  103         142.361    1005.767           0.000       0.000             103               0
   42        -691.281   -1204.041          -0.293      -0.142              42              -0
   78       -2739.229     743.769           0.000       0.000              78              -0
   26         450.841     241.442          -1.074      -2.384              26               0
   27        -143.072      42.325           0.000       0.000              27               0
  183        -863.122    1338.936          -1.712       4.138             183              -0
  116         459.951     728.093           0.000       0.000             116              -0
  116        -920.972     790.646           0.000       0.000             116               0
  230        3973.000       0.555           0.000       0.000             230               0
   58        -921.090    -791.085          -0.285      -0.156              58              -0
  124         459.988    -727.953           0.000       0.000             124              -0
  171        -862.858   -1339.050          -0.956      -2.433             171               0
  110        -143.132     -42.108           0.000       0.000             110               0
  107         450.625    -241.097          -1.914       4.050             107              -0
  250       -2739.084    -744.357           0.000       0.000             250              -0
  215        -691.399    1204.033          -1.715      -1.255             215               0
   35         142.910   -1005.513           0.000       0.000              35               0
  218         839.890     507.750          -0.278      -0.170             218              -0
  249       -2292.644    1274.561           0.000       0.000             249              -0
   61          58.761     279.827          -0.837      -2.482              61               0
   20          66.949    -462.517           0.000       0.000              20               0
  111         456.129     936.132          -2.116       3.962             111              -0
  230        1100.390     421.142           0.000       0.000             230              -0
   41        -511.264     837.469          -1.888      -0.768              41               0
  144        -112.829    -218.578           0.000       0.000             144               0
   23        1674.199     615.262          -0.270      -0.185              23              -0
   16        -211.290     -73.746           0.000       0.000              16              -0
  183         216.472      46.206          -0.717      -2.531             183               0
  212         337.653     689.481           0.000       0.000             212               0
   61       -3538.928     340.265          -2.319       3.873              61              -0
  196        -736.310    1275.210           0.000       0.000             196              -0
   65        -445.984   -1905.188          -1.598      -1.430              65               0
  144        -263.837    -576.897           0.000       0.000             144               0
   16        1455.791     911.408          -0.262      -0.199              16              -0
  193        2874.503    -703.313           0.000       0.000             193              -0
  177        -926.344    1572.814          -0.596      -2.581             177               0
   50        1688.532    1242.214           0.000       0.000              50               0
  176         533.859   -1548.433          -2.526       3.783             176              -0
  189        -493.823     662.034           0.000       0.000             189              -0
   46        -594.570    -157.540          -1.929      -0.677              46               0
  141        -325.117    -766.348           0.000       0.000             141               0
   86         797.869     454.610          -0.254      -0.213              86              -0
   81       -1403.319    1457.583           0.000       0.000              81              -0
  241        -165.773    1914.799          -0.473      -2.632             241               0
  219        1262.282     776.591           0.000       0.000             219               0
  119         355.140    1127.769          -2.736       3.692             119              -0
  245         674.190     537.677           0.000       0.000             245              -0
   80       -1037.600    -682.992          -1.478      -1.610              80               0
   72        2063.043     289.251           0.000       0.000              72               0
   53        -439.029    -373.771          -0.246      -0.228              53              -0
  139       -1010.423   -1209.677           0.000       0.000             139              -0
   71         375.751    1084.851          -0.348      -2.684              71               0
  173        1131.114    -571.336           0.000       0.000             173               0
   50         360.622   -2098.602          -2.951       3.598              50              -0
  124        -479.010     991.641           0.000       0.000             124              -0
  194       -1756.217     976.353          -1.767      -1.165             194               0
  113       -2773.349     238.701           0.000       0.000             113               0
  166       -1641.372    2686.675          -0.238      -0.243             166              -0
  100        1100.070      18.833           0.000       0.000             100              -0
   97        -137.145    1438.329          -0.219      -2.738              97               0
  200       -2388.505    -416.908           0.000       0.000             200               0
   95        -194.306     996.871          -3.172       3.502              95              -0
  194       -1541.949    -356.209           0.000       0.000             194              -0
  242       -1004.681    1543.068          -1.351      -1.799             242               0
   66        -383.036    2338.931           0.000       0.000              66               0
  117        -131.910    1168.639          -0.230      -0.259             117              -0
   27        -301.694    1300.745           0.000       0.000              27              -0
  171         -63.901     193.719          -0.086      -2.793             171               0
   70       -1581.515     585.406           0.000       0.000              70               0
  120         896.774    1255.524          -3.400       3.403             120              -0
   80        1967.309    -786.709           0.000       0.000              80              -0
   85       -1535.526   -1123.056          -1.936      -0.960              85               0
  243       -1105.272     747.645           0.000       0.000             243               0
  139         305.924    -166.019          -0.221      -0.275             139              -0
    3         626.563    1654.990           0.000       0.000               3              -0
   76       -1542.803     117.251           0.052      -2.850              76               0
  252        1622.039    -718.890           0.000       0.000             252               0
  111        -257.099    1692.315          -3.637       3.299             111              -0
    9        2118.100     276.629           0.000       0.000               9              -0
  156         633.257     143.064          -1.216      -2.001             156               0
  219       -1135.249     171.026           0.000       0.000             219               0
   93        -386.968    1184.140          -0.212      -0.292              93              -0
  121         180.632     176.127           0.000       0.000             121              -0
   39        2383.943    1172.255           0.197      -2.910              39               0
   84         212.871     430.359           0.000       0.000              84               0
   32        -599.535     -73.176          -3.885       3.191              32              -0
  177       -1356.349     277.548           0.000       0.000             177              -0
   60        -304.319    -413.518          -1.632      -1.612              60               0
   52        3348.657   -1653.609           0.000       0.000              52               0
  220        -364.859     267.078          -0.202      -0.310             220              -0
  240        1576.889    -515.402           0.000       0.000             240              -0
   87       -1080.823    -926.672           0.348      -2.973              87               0
   84        1543.863    -612.943           0.000       0.000              84               0
   46        -799.084     144.842          -4.146       3.078              46              -0
  108        1009.338    1514.253           0.000       0.000             108              -0
  186        -534.402    -257.390          -1.068      -2.223             186               0
  112       -1927.372    1821.338           0.000       0.000             112               0
  155         138.343      64.601          -0.192      -0.329             155              -0
  226         507.173    1806.683           0.000       0.000             226              -0
  164       -1287.964   -1956.304           0.508      -3.039             164               0
  166       -2013.053    -263.665           0.000       0.000             166               0
  241        -237.543    -603.007          -4.422       2.957             241              -0
  171       -1118.668     372.898           0.000       0.000             171              -0
  255       -1231.061     229.688          -1.791      -1.604             255               0
   95        2842.201    1069.406           0.000       0.000              95               0
   45         147.020   -2528.440          -0.181      -0.348              45              -0
  185        2256.757    -435.421           0.000       0.000             185              -0
   92          24.522    1770.433           0.678      -3.109              92               0
  115        2073.987   -1675.108           0.000       0.000             115               0
   36       -2506.059     897.879          -4.716       2.829              36              -0
  186        -578.975    1570.531           0.000       0.000             186              -0
   92         756.070     284.503          -0.902      -2.472              92               0
   81         822.982    -577.042           0.000       0.000              81               0
  196        -234.120     507.741          -0.170      -0.370             196              -0
  160        1752.440    -127.477           0.000       0.000             160              -0
   73       -1888.470    2234.674           0.860      -3.185              73               0
   13       -1978.822   -1722.938           0.000       0.000              13               0
  203         637.909     564.542          -5.032       2.692             203              -0
   63        -446.092     305.609           0.000       0.000              63              -0
   70       -3255.183    1126.698          -1.465      -2.163              70               0
   61         966.630    1139.894           0.000       0.000              61               0
   81        1818.146     611.683          -0.158      -0.392              81              -0
   78         766.698    1548.401           0.000       0.000              78              -0
   64        -822.449    -430.838           1.057      -3.266              64               0
  250       -3328.089   -1389.305           0.000       0.000             250               0
  193        -497.648    1088.927          -5.373       2.544             193              -0
    3       -1940.643     985.066           0.000       0.000               3              -0
  121        -462.644    -242.031          -0.709      -2.760             121               0
  237        1142.749    -316.474           0.000       0.000             237               0
  185         242.883    2630.024          -0.144      -0.417             185              -0
   74         536.436      -6.252           0.000       0.000              74              -0
  113         507.016     580.076           1.270      -3.355             113               0
  234        -506.644    1786.907           0.000       0.000             234               0
  187         206.861    -331.909          -5.744       2.382             187              -0
  139         245.719   -2738.226           0.000       0.000             139              -0
  191        1064.442   -1362.052          -1.926      -2.048             191               0
  182         570.108    -736.892           0.000       0.000             182               0
  103         507.064    -838.652          -0.129      -0.444             103              -0
  228       -2306.817   -1564.801           0.000       0.000             228              -0
   45         121.997     281.422           1.505      -3.452              45               0
  105       -1337.493      42.105           0.000       0.000             105               0
   68         460.528    -518.142          -6.152       2.204              68              -0
  218          75.747    1231.474           0.000       0.000             218              -0
   35        1163.945   -2028.882          -0.480      -3.104              35               0
  104        -537.196     892.100           0.000       0.000             104               0
  143       -2457.451     344.543          -0.113      -0.474             143              -0
   84       -1994.060   -1433.107           0.000       0.000              84              -0
   44        1553.655     965.921           1.764      -3.559              44               0
  125        -820.789     577.159           0.000       0.000             125               0
  101         247.186    1015.350          -6.606       2.007             101              -0
  162        2043.260     914.883           0.000       0.000             162              -0
   68        -453.660      48.291          -1.233      -2.926              68               0
  128        3288.931    1416.032           0.000       0.000             128               0
  116         949.876     117.596          -0.095      -0.508             116              -0
  127         689.092     647.131           0.000       0.000             127              -0
   10        1178.037      56.169           2.055      -3.680              10               0
  168        -387.984     812.749           0.000       0.000             168               0
  228       -1313.052   -2212.498          -7.114       1.785             228              -0
  140         775.507     229.390           0.000       0.000             140              -0
  211         405.028     312.171          -0.195      -3.530             211               0
  150          95.298   -1005.762           0.000       0.000             150               0
    3       -1350.892    -214.231          -0.075      -0.545               3              -0
  221         373.737     913.314           0.000       0.000             221              -0
  216        2294.222    1144.668           2.384      -3.816             216               0
  203         829.360    -953.808           0.000       0.000             203               0
  225        -320.502    -384.756          -7.693       1.533             225              -0
   55        1117.587   -1179.218           0.000       0.000              55              -0
  117        -664.479    1107.781          -1.551      -3.227             117               0
   47        1371.962    -812.133           0.000       0.000              47               0
  120         577.544   -1382.812          -0.051      -0.589             120              -0
  127         825.242    -209.798           0.000       0.000             127              -0
  245        1729.158     -57.412           2.761      -3.972             245               0
  149         207.818   -2747.158           0.000       0.000             149               0
  140        -513.435     565.925          -8.359       1.243             140              -0
   36       -1457.178    1616.214           0.000       0.000              36              -0
   65         269.790   -1048.321           0.176      -4.084              65               0
  214        -221.588    1282.813           0.000       0.000             214               0
  246         207.915     574.882          -0.024      -0.639             246              -0
   58       -1806.426    1381.793           0.000       0.000              58              -0
  142        -506.913     248.004           3.201      -4.154             142               0
  132       -1229.703   -1406.714           0.000       0.000             132               0
   28        -486.589   -1570.399          -9.138       0.904              28              -0
  150         403.596   -1144.197           0.000       0.000             150              -0
   48         448.615    -178.424          -0.856      -4.169              48               0
  179        -744.953    -535.186           0.000       0.000             179               0
  169       -1093.818   -1631.881           0.008      -0.698             169              -0
  194       -1043.222     -90.910           0.000       0.000             194              -0
  127         790.530   -1677.734           3.724      -4.371             127               0
  199        -279.379     796.149           0.000       0.000             199               0
  185        -752.952    -145.392         -10.069       0.499             185              -0
   72       -1611.988   -1598.084           0.000       0.000              72              -0
   73        1206.082    -979.600           0.690      -4.854              73               0
  103         805.491   -2860.402           0.000       0.000             103               0
  222       -1385.324    1698.470           0.046      -0.769             222              -0
   35         473.109    1224.055           0.000       0.000              35              -0
  153       -1265.346    2145.167           4.357      -4.633             153               0
  193        1542.992       6.403           0.000       0.000             193               0
  147        2929.108      59.694         -11.203       0.004             147              -0
   45        1210.098   -1089.494           0.000       0.000              45              -0
  167        1401.847    1761.161          -1.647      -4.885             167               0
  223        1201.428   -1079.747           0.000       0.000             223               0
   85         586.740    1344.249           0.094      -0.857              85              -0
   95          44.588    -436.018           0.000       0.000              95              -0
   97         705.775    1928.527           5.146      -4.960              97               0
  180         132.467     407.068           0.000       0.000             180               0
   77       -1387.843     691.111         -12.626      -0.615              77               0
  236         675.039    1349.201           0.000       0.000             236              -0
  152       -3566.431    -137.122           1.469      -6.020             152               0
  203        1569.656    -546.012           0.000       0.000             203               0
  103       -1978.746   -1401.662           0.155      -0.970             103              -0
   90         -43.467      72.406           0.000       0.000              90              -0
  138         692.686    -899.731           6.160      -5.380             138               0
   29       -1285.445     460.633           0.000       0.000              29               0
  219         231.574    1638.081         -14.474      -1.420             219               0
  176        -132.035     568.709           0.000       0.000             176              -0
  243       -1579.836     638.924          -0.042      -6.852             243               0
  124       -1044.248    -302.573           0.000       0.000             124               0
   93         267.563     421.070           0.235      -1.119              93              -0
  148        -671.043     166.599           0.000       0.000             148              -0
  220       -1553.662      98.223           7.520      -5.943             220               0
  114         986.377    1552.388           0.000       0.000             114               0
   40         409.014     773.411         -16.983      -2.512              40               0
  165       -1151.502   -2307.295           0.000       0.000             165              -0
  200        -636.293     218.896           2.824      -8.048             200               0
  177        1760.705     441.905           0.000       0.000             177               0
  239        -452.287    -161.285           0.348      -1.327             239              -0
  227         259.650    -649.252           0.000       0.000             227              -0
   49       -1290.909     326.560           9.451      -6.743              49               0
  227       -1011.477     980.827           0.000       0.000             227               0
   76        1223.426    -820.551         -20.607      -4.091              76               0
   93        -360.335    1871.109           0.000       0.000              93              -0
  216        1358.257     414.366          -0.551      -9.966             216               0
  248         279.509       0.303           0.000       0.000             248               0
  126        -721.245   -1141.472           0.517      -1.640             126              -0
  188        -451.012    1921.181           0.000       0.000             188              -0
  198        -705.302     161.369          12.424      -7.975             198               0
   77         342.604    1430.162           0.000       0.000              77               0
  233         984.900     299.271         -26.337      -6.586             233               0
   92       -1530.630    1224.930           0.000       0.000              92              -0
   48        2571.468     287.791           5.864     -12.598              48               0
   97        -626.683   -1106.592           0.000       0.000              97               0
  185       -1240.899    -148.555           0.803      -2.168             185              -0
  171       -1114.731     840.639           0.000       0.000             171              -0
  136        -827.254     177.377          17.632     -10.132             136               0
   94         862.842    -509.333           0.000       0.000              94               0
    9         126.585    -127.970         -36.837     -11.159               9               0
   15        -466.666    1873.905           0.000       0.000              15              -0
  196       -1552.817    -386.892           3.685     -19.139             196               0
  234        2665.064    -634.907           0.000       0.000             234               0
  153        1247.853      14.758           1.390      -3.254             153              -0
  241        -199.246    1068.013           0.000       0.000             241              -0
  136         324.088   -1503.602          29.202     -14.924             136               0
   48         805.381    -212.303           0.000       0.000              48               0
   43       -1371.828     930.447         -62.511     -22.340              43               0
  104         705.657    1769.823           0.000       0.000             104              -0
  252         998.456    1039.993          19.573     -33.115             252               0
  104         245.812     949.786           0.000       0.000             104               0
  152        1198.732   -1023.066           3.312      -6.810             152              -0
  182        -360.786    -844.307           0.000       0.000             182              -0
  115        -372.737    -834.553          77.666     -34.999             115               0
  119        -328.497    -947.006           0.000       0.000             119               0
   17        -485.423   -1154.717        -224.755     -92.995              17               0
  193         283.809   -1067.808           0.000       0.000             193              -0
   82        1212.249   -1772.851           0.000       0.000              82               0
