SINAL     NFT                         FFT                         NFT INVERSA     FFT INVERSA
-----     -----------------------     -----------------------     -----------     -----------
  203       68263.000       0.000           0.000       0.000             203               1
   17        -274.364   -1099.388         -25.491      46.464              17               0
   86         483.729     626.603           0.000       0.000              86              -0
  105       -1247.154    1183.952        -132.137      51.904             105               0
   33       -1392.715     259.838           0.000       0.000              33               0
  227       -1747.953   -2016.247         131.966      62.353             227              -0
  142        1240.770   -1010.431           0.000       0.000             142              -0
  133          83.031    -272.678         -29.212      39.897             133               0
  199        1558.164     280.331           0.000       0.000             199               0
  223       -1242.041    1952.773          -3.084       5.020             223               0
  167        2170.340    1278.424           0.000       0.000             167              -0
   22        -135.678     145.318         -36.714      12.379              22               0
  145        -427.375     247.781           0.000       0.000             145               0
  150        2044.149   -1270.337          49.563      26.467             150              -0
   42       -1255.871    -293.767           0.000       0.000              42              -0
  122        -482.319      60.932          -8.324      20.451             122               0
  250        -397.157     989.271           0.000       0.000             250               0
    7       -1848.796    1005.326          -1.763       2.578               7               0
    6       -1429.873     192.075           0.000       0.000               6              -0
   48        -761.784   -1740.086         -21.614       6.124              48               0
  105        -395.790     -59.168           0.000       0.000             105               0
  150         896.468   -1863.344          29.892      17.901             150              -0
  238        -692.030   -1024.940           0.000       0.000             238              -0
  228       -1467.195      86.574         -10.068      11.246             228               0
  153        2714.124    -632.214           0.000       0.000             153               0
  127         638.448     -32.794          -1.286       1.695             127               0
  191         254.940     667.881           0.000       0.000             191              -0
    8        -626.904   -1576.981         -15.439       3.567               8               0
  160         215.209    -343.302           0.000       0.000             160               0
   79        -102.272   -2537.043          21.037      14.045              79              -0
  114       -1984.804   -1293.880           0.000       0.000             114              -0
   58         944.121    1009.654          -3.515      10.018              58               0
   88       -1055.831   -1548.856           0.000       0.000              88               0
   27        -256.715     921.667          -1.039       1.239              27               0
  119       -2301.317     959.376           0.000       0.000             119              -0
  150       -1168.249    -306.161         -12.068       2.170             150               0
  163        1171.744    2865.168           0.000       0.000             163               0
  220       -1020.049     318.506          15.981      11.843             220              -0
   78         195.744    -195.856           0.000       0.000              78              -0
  195          30.048    1896.090          -6.600       6.056             195               0
  216         231.181     637.077           0.000       0.000             216               0
  192         796.500   -3456.630          -0.888       0.958             192               0
  167       -1318.975    1981.062           0.000       0.000             167              -0
  190         703.543   -2625.771          -9.937       1.288             190               0
  145         911.365     739.094           0.000       0.000             145               0
  204        1116.075    -497.254          12.699      10.413             204              -0
   17        -519.433   -1347.087           0.000       0.000              17              -0
  102        1268.530     792.591          -3.928       5.957             102               0
  165         689.301    -231.641           0.000       0.000             165               0
  188        1529.330   -2771.445          -0.785       0.768             188               0
    9        1393.252     161.809           0.000       0.000               9              -0
  246        1937.108    -820.040          -8.461       0.676             246               0
  209         562.345    2157.761           0.000       0.000             209               0
  207         879.926    2196.745          10.387       9.406             207              -0
   96         922.787    -221.664           0.000       0.000              96              -0
  112        -643.985     429.262          -5.127       3.851             112               0
  185         337.318    1654.268           0.000       0.000             185               0
  209        -319.572    2003.686          -0.710       0.630             209               0
  105       -1007.156     776.744           0.000       0.000             105              -0
  190       -1322.431     922.971          -7.375       0.226             190               0
   74        1005.623     890.248           0.000       0.000              74               0
   83         614.698      12.099           8.662       8.656              83              -0
   85         281.431    -775.098           0.000       0.000              85              -0
  171        1195.781    1887.634          -2.358       4.757             171               0
  111         238.703   -1300.667           0.000       0.000             111               0
   75        2105.313    1362.192          -0.653       0.524              75               0
   92        -328.928    2809.176           0.000       0.000              92              -0
  109        -554.975     501.453          -6.538      -0.120             109               0
  231         409.514     -22.270           0.000       0.000             231               0
   47        2161.187     -99.045           7.321       8.072              47              -0
    3        1443.513       2.766           0.000       0.000               3              -0
   94       -1347.696   -1315.360          -4.299       2.613              94               0
  122        4095.915     426.066           0.000       0.000             122               0
  182        1117.433    2162.469          -0.608       0.441             182               0
   35         786.715   -1237.736           0.000       0.000              35              -0
   85        -608.387    -680.294          -5.870      -0.397              85               0
  230       -2701.986    -649.335           0.000       0.000             230               0
  154        1003.035     591.949           6.244       7.603             154              -0
  224        1473.811      76.951           0.000       0.000             224              -0
   55        -552.863    1101.096          -3.061       3.098              55               0
  217         246.761    -633.121           0.000       0.000             217               0
  123       -2560.354     504.521          -0.571       0.373             123               0
   55        1230.750     815.523           0.000       0.000              55              -0
  224        -748.499    -338.994          -5.323      -0.623             224               0
  244         445.310    2076.059           0.000       0.000             244               0
  177        -448.762    1666.143           5.356       7.216             177              -0
   51       -1526.469   -1234.835           0.000       0.000              51              -0
  229         617.630     647.604          -3.761       1.807             229               0
   72        -255.642    1953.867           0.000       0.000              72               0
  111        -997.080    -533.758          -0.541       0.316             111               0
   82         557.990    -604.813           0.000       0.000              82              -0
  210         264.164    -466.051          -4.865      -0.813             210               0
  224        1506.726    -661.968           0.000       0.000             224               0
   24        1646.098      -0.216           4.607       6.890              24              -0
  151        -396.135    1409.782           0.000       0.000             151              -0
  126          91.426    1265.958          -2.432       2.717             126               0
  149        -614.973    1932.102           0.000       0.000             149               0
  207         356.304    -247.347          -0.514       0.268             207               0
  179         501.089     687.356           0.000       0.000             179              -0
  133        2168.623    -450.959          -4.473      -0.976             133               0
   83         795.579     184.382           0.000       0.000              83               0
  188         -63.240     779.462           3.965       6.610             188              -0
    2         380.436    -252.559           0.000       0.000               2              -0
  235         -80.204    1158.743          -3.376       1.232             235               0
  129       -1139.733     812.276           0.000       0.000             129               0
  211         745.731    1597.336          -0.492       0.226             211               0
  187         942.650     525.374           0.000       0.000             187              -0
  134         167.892    1362.967          -4.133      -1.116             134               0
   19       -2133.842   -1334.245           0.000       0.000              19               0
   82        -567.362    -248.001           3.406       6.367              82              -0
  129       -1812.749    -668.325           0.000       0.000             129              -0
  230         310.849     929.210          -2.669       1.807             230               0
  103        -682.498    2084.402           0.000       0.000             103               0
  143        -703.508   -1363.814          -0.472       0.190             143               0
  122        -444.819   -1104.345           0.000       0.000             122              -0
  167         674.211    1900.262          -3.834      -1.240             167               0
  203        1418.028   -1157.470           0.000       0.000             203               0
    1         102.959     -59.947           2.912       6.152               1              -0
  242        -103.522   -1032.259           0.000       0.000             242              -0
  172        1356.266     568.898          -3.083       0.792             172               0
   30         592.962     620.342           0.000       0.000              30               0
   88          63.069     876.020          -0.455       0.157              88               0
   19         962.869   -2821.324           0.000       0.000              19              -0
  155        -454.896    1483.886          -3.567      -1.351             155               0
  105          14.639     824.472           0.000       0.000             105               0
  243         -64.888   -1276.247           2.471       5.959             243              -0
  221         867.612    1760.450           0.000       0.000             221              -0
  211         988.341     678.474          -2.074       1.950             211               0
  197        2537.864    1107.135           0.000       0.000             197               0
  136        2195.284   -1251.417          -0.439       0.128             136               0
  155         197.143    1048.300           0.000       0.000             155              -0
   13       -1542.920    -831.651          -3.327      -1.450              13               0
  222       -1788.303    -132.792           0.000       0.000             222               0
  128        -845.703    1255.427           2.073       5.786             128              -0
   64       -1369.021     872.704           0.000       0.000              64              -0
    4        1460.958    -606.779          -2.848       0.440               4               0
  150         164.323    -588.516           0.000       0.000             150               0
  145       -1341.900    -132.565          -0.425       0.101             145               0
    8         929.215    1800.148           0.000       0.000               8              -0
  155        -934.992     -54.387          -3.108      -1.541             155               0
  209         390.014    -401.245           0.000       0.000             209               0
   94       -1785.160     596.671           1.710       5.628              94              -0
   89       -1516.258    -661.137           0.000       0.000              89              -0
  236        -848.612   -1748.144          -2.432       1.025             236               0
  116       -2118.735    -782.745           0.000       0.000             116               0
  226         564.585     687.444          -0.411       0.077             226               0
  208        -853.460    1468.172           0.000       0.000             208              -0
   73         460.195    1367.794          -2.908      -1.624              73               0
   87        -246.366   -1328.153           0.000       0.000              87               0
  234       -2604.814    1597.882           1.375       5.482             234              -0
   89       -2101.119     107.494           0.000       0.000              89              -0
  211        -187.414    -451.984          -2.651       0.147             211               0
  251         167.501    -379.410           0.000       0.000             251               0
   85        -558.476     152.164          -0.399       0.055              85               0
  181          41.756    1089.009           0.000       0.000             181              -0
  204        1309.641    -166.652          -2.723      -1.701             204               0
  132       -1082.342    -263.021           0.000       0.000             132               0
   99        1399.037    2905.137           1.066       5.347              99              -0
    3        2115.470     482.049           0.000       0.000               3              -0
  110        -249.895    -505.387          -2.185       1.050             110               0
  229        1835.170     795.911           0.000       0.000             229               0
  124         613.670    1315.613          -0.388       0.034             124               0
  146        -821.358     -45.672           0.000       0.000             146              -0
  253        1926.429    1041.348          -2.550      -1.772             253               0
   98        -255.938     266.793           0.000       0.000              98               0
  130         852.487    1036.134           0.777       5.221             130              -0
  159       -1450.065     166.925           0.000       0.000             159              -0
   85          56.497   -2080.029          -2.482      -0.107              85               0
  164          -0.838    2277.035           0.000       0.000             164               0
  229        1537.282   -1229.755          -0.377       0.014             229               0
  196       -1528.499     152.128           0.000       0.000             196              -0
    8        -534.299    -895.577          -2.387      -1.840               8               0
  236         615.048    1570.272           0.000       0.000             236               0
   59         728.833     -69.663           0.505       5.103              59              -0
  116       -2282.753   -2422.854           0.000       0.000             116              -0
   10        -243.355    2104.730          -2.262       0.464              10               0
  137       -1298.127    -904.659           0.000       0.000             137               0
   73         -66.795     237.028          -0.368      -0.004              73               0
  153        -417.350    1872.574           0.000       0.000             153              -0
  143         766.951    -928.602          -2.234      -1.903             143               0
   90         -96.711    -140.465           0.000       0.000              90               0
  229         188.927   -1083.153           0.247       4.991             229              -0
  139        1244.440    1395.183           0.000       0.000             139              -0
   30        2059.534   -2128.413          -2.332      -0.331              30               0
   32         155.156    1880.114           0.000       0.000              32               0
  111       -1894.334     559.862          -0.358      -0.022             111               0
  123       -1959.164   -1185.335           0.000       0.000             123              -0
   38         763.121   -2753.294          -2.088      -1.964              38               0
   43         826.126    3152.990           0.000       0.000              43               0
   73         192.078    1293.925           0.002       4.884              73              -0
   51         342.927       3.797           0.000       0.000              51              -0
  254        1131.420   -1384.731          -2.058       0.694             254               0
  229         169.173    1463.362           0.000       0.000             229               0
  236         447.320     520.557          -0.349      -0.038             236              -0
  231         -49.781     767.606           0.000       0.000             231              -0
  250        1637.372     -73.563          -1.948      -2.021             250               0
   67        1258.060     391.441           0.000       0.000              67               0
  142        -584.061     237.520          -0.233       4.782             142              -0
  207        1143.955     304.431           0.000       0.000             207              -0
  223         341.001    -220.487          -2.196      -0.536             223               0
   99         372.529    -408.182           0.000       0.000              99               0
  248         886.295    -188.767          -0.340      -0.054             248              -0
  116         790.221    1725.983           0.000       0.000             116              -0
   78         620.429     246.073          -1.814      -2.077              78               0
  184         977.935      73.533           0.000       0.000             184               0
  199       -1234.304     223.678          -0.459       4.683             199              -0
   38       -1343.590    -326.930           0.000       0.000              38              -0
  184         414.726   -1042.196          -2.125       0.013             184               0
    1         521.660    2423.557           0.000       0.000               1               0
   83        -468.560   -1310.542          -0.332      -0.070              83              -0
   40        -146.286   -1115.645           0.000       0.000              40              -0
  244         459.232     604.206          -1.684      -2.131             244               0
  191         926.585   -1103.695           0.000       0.000             191               0
  199         813.019     527.417          -0.679       4.588             199              -0
  103       -2056.377    -852.894           0.000       0.000             103              -0
  192       -1644.182    1792.857          -2.069      -0.726             192               0
  177        -640.659    -399.006           0.000       0.000             177               0
   75        2815.823    1147.972          -0.324      -0.085              75              -0
  178        1914.006    -409.919           0.000       0.000             178              -0
  226       -1872.158     659.266          -1.558      -2.183             226               0
   22        -823.909    -805.897           0.000       0.000              22               0
    0         699.375   -1312.835          -0.892       4.495              -0              -0
   95        -811.946     867.599           0.000       0.000              95              -0
   68         698.828   -1235.152          -2.046       0.113              68               0
   79        1399.440    -265.185           0.000       0.000              79               0
   47         738.762    -914.243          -0.316      -0.100              47              -0
  154       -1118.835     -33.877           0.000       0.000             154              -0
  127       -1279.894   -1929.944          -1.434      -2.234             127               0
  245        -553.361    1843.149           0.000       0.000             245               0
   40        2052.720    -351.176          -1.101       4.404              40              -0
  192        -696.468    -391.098           0.000       0.000             192              -0
  249       -1902.047   -1447.818          -1.948      -0.907             249               0
   26       -1520.496     485.388           0.000       0.000              26               0
  219         750.571   -1388.245          -0.308      -0.114             219              -0
    9         924.712   -1326.567           0.000       0.000               9              -0
  153        1488.920    1455.230          -1.313      -2.285             153               0
   92        -202.959    -576.968           0.000       0.000              92               0
  158        -930.201     501.378          -1.307       4.314             158              -0
   83        1782.270   -1630.066           0.000       0.000              83              -0
  221         -51.683    2063.197          -2.004      -0.386             221               0
  181        -505.342   -1031.549           0.000       0.000             181               0
   84         754.527    -326.577          -0.300      -0.128              84              -0
  160        -290.749    -971.722           0.000       0.000             160              -0
  231          31.908    -735.622          -1.193      -2.334             231               0
  234         106.899     365.156           0.000       0.000             234               0
   78       -1090.655   -2564.375          -1.510       4.226              78              -0
   21       -2171.348     735.548           0.000       0.000              21              -0
  105         437.541    1337.749          -1.831      -1.082             105               0
  185        -752.229     167.521           0.000       0.000             185               0
  214         889.910     233.351          -0.293      -0.142             214              -0
  214        1979.460     683.521           0.000       0.000             214              -0
  177        -437.748     172.613          -1.074      -2.384             177               0
  231         719.451    1699.004           0.000       0.000             231               0
  208         140.776    -657.088          -1.712       4.138             208              -0
  119        -286.039   -1095.578           0.000       0.000             119              -0
  242        1401.300   -1753.142           0.000       0.000             242               0
   64        -563.000       0.086           0.000       0.000              64               0
  165        1400.698    1753.727          -0.285      -0.156             165              -0
  206        -286.516    1095.258           0.000       0.000             206              -0
   21         140.586     656.699          -0.956      -2.433              21               0
   79         719.983   -1699.034           0.000       0.000              79               0
  187        -437.630    -172.810          -1.914       4.050             187              -0
   74        1979.657    -682.902           0.000       0.000              74              -0
  231         889.593    -233.046          -1.715      -1.255             231               0
  253        -752.496    -167.825           0.000       0.000             253               0
   49         437.653   -1337.510          -0.278      -0.170              49              -0
  209       -2171.309    -735.838           0.000       0.000             209              -0
  190       -1091.332    2564.177          -0.837      -2.482             190               0
   54         107.211    -365.193           0.000       0.000              54               0
  145          31.749     735.690          -2.116       3.962             145              -0
   92        -290.945     971.538           0.000       0.000              92              -0
  162         754.472     326.684          -1.888      -0.768             162               0
   86        -505.657    1031.077           0.000       0.000              86               0
  105         -50.788   -2063.278          -0.270      -0.185             105              -0
  195        1781.687    1630.704           0.000       0.000             195              -0
  160        -930.151    -501.821          -0.717      -2.531             160               0
  244        -202.969     576.790           0.000       0.000             244               0
  116        1489.473   -1454.652          -2.319       3.873             116              -0
  242         924.061    1327.085           0.000       0.000             242              -0
   35         749.684    1388.356          -1.598      -1.430              35               0
  161       -1520.700    -485.994           0.000       0.000             161               0
   56       -1902.475    1447.096          -0.262      -0.199              56              -0
  193        -696.227     390.599           0.000       0.000             193              -0
  183        2052.666     351.548          -0.596      -2.581             183               0
   39        -552.985   -1843.321           0.000       0.000              39               0
  145       -1280.537    1929.589          -2.526       3.783             145              -0
  136       -1118.528      33.353           0.000       0.000             136              -0
   64         738.828     914.358          -1.929      -0.677              64               0
   14        1399.438     265.486           0.000       0.000              14               0
   80         698.249    1235.100          -0.254      -0.213              80              -0
   18        -811.716    -868.081           0.000       0.000              18              -0
  171         698.894    1312.923          -0.473      -2.632             171               0
  230        -824.279     805.198           0.000       0.000             230               0
  105       -1871.580    -660.259          -2.736       3.692             105              -0
   11        1914.309     410.226           0.000       0.000              11              -0
  192        2815.965   -1147.292          -1.478      -1.610             192               0
   15        -641.309     398.557           0.000       0.000              15               0
  139       -1643.773   -1793.495          -0.246      -0.228             139              -0
  136       -2056.373     852.219           0.000       0.000             136              -0
  102         813.604    -527.202          -0.348      -2.684             102               0
  231         926.334    1103.891           0.000       0.000             231               0
  203         459.396    -604.182          -2.951       3.598             203              -0
   20        -146.703    1115.494           0.000       0.000              20              -0
   21        -468.913    1309.894          -1.767      -1.165              21               0
  155         522.559   -2423.646           0.000       0.000             155               0
   77         414.273    1042.311          -0.238      -0.243              77              -0
  143       -1343.711     326.188           0.000       0.000             143              -0
  238       -1233.854    -224.388          -0.219      -2.738             238               0
  106         978.366     -73.488           0.000       0.000             106               0
   14         620.736    -246.205          -3.172       3.502              14              -0
  118         790.964   -1725.838           0.000       0.000             118              -0
  134         886.298     189.112          -1.351      -1.799             134               0
  230         372.426     408.192           0.000       0.000             230               0
  224         341.024     220.367          -0.230      -0.259             224              -0
  225        1144.052    -304.292           0.000       0.000             225              -0
  230        -583.905    -237.924          -0.086      -2.793             230               0
   94        1258.371    -391.197           0.000       0.000              94               0
   36        1637.234      73.890          -3.400       3.403              36              -0
   77         -49.692    -767.847           0.000       0.000              77              -0
  193         447.434    -520.566          -1.936      -0.960             193               0
   37         169.650   -1463.242           0.000       0.000              37               0
   76        1130.879    1385.101          -0.221      -0.275              76              -0
  152         342.747      -4.034           0.000       0.000             152              -0
  250         192.390   -1294.152           0.052      -2.850             250               0
  252         827.001   -3152.369           0.000       0.000             252               0
  200         761.765    2753.911          -3.637       3.299             200              -0
  197       -1959.878    1184.379           0.000       0.000             197              -0
  250       -1893.930    -560.856          -1.216      -2.001             250               0
   94         156.245   -1879.989           0.000       0.000              94               0
  245        2058.995    2129.084          -0.212      -0.292             245              -0
    4        1244.707   -1394.906           0.000       0.000               4              -0
   30         188.304    1083.195           0.197      -2.910              30               0
   31         -96.912     140.241           0.000       0.000              31               0
  110         766.420     928.492          -3.885       3.191             110              -0
   92        -417.000   -1872.968           0.000       0.000              92              -0
   12         -66.976    -236.997          -1.632      -1.612              12               0
  192       -1298.590     904.051           0.000       0.000             192               0
  149        -242.751   -2104.776          -0.202      -0.310             149              -0
   65       -2283.416    2422.105           0.000       0.000              65              -0
  153         729.111      69.481           0.348      -2.973             153               0
  174         615.558   -1570.195           0.000       0.000             174               0
  201        -534.683     895.365          -4.146       3.078             201              -0
  253       -1528.208    -152.792           0.000       0.000             253              -0
   16        1537.084    1229.928          -1.068      -2.223              16               0
   14          -0.124   -2277.181           0.000       0.000              14               0
   74          55.746    2079.944          -0.192      -0.329              74              -0
  169       -1449.842    -167.898           0.000       0.000             169              -0
  170         853.096   -1036.175           0.508      -3.039             170               0
  213        -255.618    -267.129           0.000       0.000             213               0
  193        1926.840   -1040.899          -4.422       2.957             193              -0
  123        -821.364      45.185           0.000       0.000             123              -0
   64         614.353   -1315.606          -1.791      -1.604              64               0
  106        1835.435    -795.303           0.000       0.000             106               0
  183        -250.074     505.167          -0.181      -0.348             183              -0
  228        2115.591    -481.710           0.000       0.000             228              -0
   60        1399.573   -2904.675           0.678      -3.109              60               0
  164       -1082.719     262.887           0.000       0.000             164               0
  199        1309.371     167.041          -4.716       2.829             199              -0
   20          41.703   -1088.999           0.000       0.000              20              -0
  186        -558.740    -152.224          -0.902      -2.472             186               0
    4         167.058     379.502           0.000       0.000               4               0
  141        -188.056     451.795          -0.170      -0.370             141              -0
  219       -2101.469    -108.441           0.000       0.000             219              -0
   69       -2604.189   -1598.764           0.860      -3.185              69               0
  200        -246.533    1327.988           0.000       0.000             200               0
  133         460.668   -1367.883          -5.032       2.692             133              -0
  171        -853.016   -1468.369           0.000       0.000             171              -0
   31         564.637    -686.931          -1.465      -2.163              31               0
  135       -2119.154     782.343           0.000       0.000             135               0
   97        -849.145    1747.842          -0.158      -0.392              97              -0
  223       -1516.386     660.328           0.000       0.000             223              -0
  143       -1784.596    -597.484           1.057      -3.266             143               0
   77         390.232     401.211           0.000       0.000              77               0
  140        -934.714      53.757          -5.373       2.544             140              -0
   12         930.010   -1799.935           0.000       0.000              12              -0
   63       -1341.767     132.232          -0.709      -2.760              63               0
   22         164.485     588.523           0.000       0.000              22               0
  142        1460.767     606.999          -0.144      -0.417             142              -0
  252       -1368.819    -873.449           0.000       0.000             252              -0
   31        -845.170   -1255.725           1.270      -3.355              31               0
   12       -1788.049     132.286           0.000       0.000              12               0
  213       -1542.527     830.993          -5.744       2.382             213              -0
   50         198.365   -1048.340           0.000       0.000              50              -0
  165        2195.515    1251.971          -1.926      -2.048             165               0
  209        2538.409   -1106.594           0.000       0.000             209               0
   68         988.507    -678.292          -0.129      -0.444              68              -0
  115         868.101   -1760.046           0.000       0.000             115              -0
  255         -65.389    1276.285           1.505      -3.452             255               0
   21          14.936    -824.610           0.000       0.000              21               0
  115        -454.232   -1483.782          -6.152       2.204             115              -0
   21         962.087    2821.657           0.000       0.000              21              -0
  142          63.462    -876.327          -0.480      -3.104             142               0
  207         593.329    -620.213           0.000       0.000             207               0
   44        1356.436    -568.348          -0.113      -0.474              44              -0
  188        -103.949    1032.242           0.000       0.000             188              -0
   59         103.022      59.871           1.764      -3.559              59               0
  110        1417.605    1157.655           0.000       0.000             110               0
    6         674.563   -1900.177          -6.606       2.007               6              -0
   25        -445.468    1104.231           0.000       0.000              25              -0
   45        -704.103    1363.143          -1.233      -2.926              45               0
  238        -681.809   -2084.996           0.000       0.000             238               0
  146         311.046    -929.037          -0.095      -0.508             146              -0
  111       -1813.023     667.739           0.000       0.000             111              -0
  101        -567.333     247.685           2.055      -3.680             101               0
    2       -2133.951    1333.135           0.000       0.000               2               0
  136         168.895   -1363.367          -7.114       1.785             136              -0
  165         943.146    -525.358           0.000       0.000             165              -0
   50         746.316   -1597.282          -0.195      -3.530              50               0
  204       -1139.325    -812.709           0.000       0.000             204               0
  132         -79.466   -1158.721          -0.075      -0.545             132              -0
   74         380.657     252.697           0.000       0.000              74              -0
  230         -62.638    -779.532           2.384      -3.816             230               0
   80         796.044    -184.093           0.000       0.000              80               0
  210        2168.591     451.556          -7.693       1.533             210              -0
  175         501.212    -687.368           0.000       0.000             175              -0
   32         356.131     247.198          -1.551      -3.227              32               0
   82        -614.297   -1932.529           0.000       0.000              82               0
   11          92.007   -1265.884          -0.051      -0.589              11              -0
  187        -395.365   -1409.684           0.000       0.000             187              -0
   92        1646.355       1.079           2.761      -3.972              92               0
  249        1506.425     662.616           0.000       0.000             249               0
    8         263.834     466.127          -8.359       1.243               8              -0
  100         557.576     604.859           0.000       0.000             100              -0
   58        -997.383     533.056           0.176      -4.084              58               0
  134        -254.917   -1954.179           0.000       0.000             134               0
  194         617.768    -647.298          -0.024      -0.639             194              -0
   24       -1526.898    1234.136           0.000       0.000              24              -0
  121        -447.964   -1666.617           3.201      -4.154             121               0
  196         446.144   -2075.800           0.000       0.000             196               0
  117        -748.455     338.900          -9.138       0.904             117              -0
  204        1231.014    -815.071           0.000       0.000             204              -0
  163       -2560.069    -505.221          -0.856      -4.169             163               0
  162         246.967     633.217           0.000       0.000             162               0
  183        -552.077   -1101.284           0.008      -0.698             183              -0
  226        1474.155     -76.348           0.000       0.000             226              -0
   75        1003.123    -591.455           3.724      -4.371              75               0
  139       -2702.051     648.587           0.000       0.000             139               0
   14        -607.934     680.080         -10.069       0.499              14              -0
  173         786.984    1237.677           0.000       0.000             173              -0
  225        1118.794   -2162.296           0.690      -4.854             225               0
  238        4096.135    -424.490           0.000       0.000             238               0
  255       -1348.167    1314.910           0.046      -0.769             255              -0
  231        1443.838      -2.494           0.000       0.000             231              -0
   62        2161.131      99.550           4.357      -4.633              62               0
  213         409.297      22.094           0.000       0.000             213               0
  205        -554.815    -502.070         -11.203       0.004             205              -0
  241        -327.685   -2809.433           0.000       0.000             241              -0
  165        2105.937   -1361.186          -1.647      -4.885             165               0
  228         238.263    1300.791           0.000       0.000             228               0
  185        1196.404   -1887.239           0.094      -0.857             185              -0
   91         281.104     775.280           0.000       0.000              91              -0
  164         614.662     -12.084           5.146      -4.960             164               0
  204        1005.684    -890.100           0.000       0.000             204               0
  157       -1322.307    -923.517         -12.626      -0.615             157               0
   35       -1006.745    -777.207           0.000       0.000              35              -0
  194        -318.608   -2003.801           1.469      -6.020             194               0
  249         338.120   -1653.886           0.000       0.000             249               0
   46        -643.496    -429.159           0.155      -0.970              46              -0
   45         923.131     222.034           0.000       0.000              45              -0
   61         880.949   -2196.346           6.160      -5.380              61               0
  107         563.395   -2156.967           0.000       0.000             107               0
  138        1937.073     821.342         -14.474      -1.420             138               0
  216        1393.353    -160.776           0.000       0.000             216              -0
  225        1528.329    2772.232          -0.042      -6.852             225               0
  239         689.111     231.781           0.000       0.000             239               0
   23        1268.608    -791.990           0.235      -1.119              23              -0
  162        -519.979    1347.107           0.000       0.000             162              -0
  186        1115.917     497.596           7.520      -5.943             186               0
  140         911.449    -738.609           0.000       0.000             140               0
  180         702.355    2625.967         -16.983      -2.512             180               0
  121       -1318.428   -1981.484           0.000       0.000             121              -0
  184         795.369    3456.818           2.824      -8.048             184               0
  163         231.271    -637.552           0.000       0.000             163               0
  233          30.563   -1896.210           0.348      -1.327             233              -0
   72         195.511     195.931           0.000       0.000              72              -0
   65       -1019.983    -319.058           9.451      -6.743              65               0
   96        1172.562   -2864.653           0.000       0.000              96               0
   65       -1168.667     306.099         -20.607      -4.091              65               0
   64       -2300.916    -959.919           0.000       0.000              64              -0
  131        -256.148    -921.269          -0.551      -9.966             131               0
  151       -1056.061    1548.847           0.000       0.000             151               0
  137         944.603   -1009.005           0.517      -1.640             137              -0
  123       -1985.056    1293.723           0.000       0.000             123              -0
  122        -102.684    2537.108          12.424      -7.975             122               0
   55         215.404     343.298           0.000       0.000              55               0
    3        -627.077    1576.617         -26.337      -6.586               3               0
  100         255.621    -667.955           0.000       0.000             100              -0
   19         638.875      33.083           5.864     -12.598              19               0
   11        2713.907     633.168           0.000       0.000              11               0
   83       -1467.303     -86.972           0.803      -2.168              83              -0
  198        -692.095    1024.854           0.000       0.000             198              -0
  249         896.029    1863.519          17.632     -10.132             249               0
  246        -395.785      58.845           0.000       0.000             246               0
  141        -762.276    1739.536         -36.837     -11.159             141               0
   38       -1429.582    -193.032           0.000       0.000              38              -0
  163       -1847.931   -1006.226           3.685     -19.139             163               0
  242        -396.151    -989.429           0.000       0.000             242               0
   45        -481.659     -61.010           1.390      -3.254              45              -0
   35       -1255.072     293.402           0.000       0.000              35              -0
  218        2044.508    1270.858          29.202     -14.924             218               0
  159        -426.704    -248.231           0.000       0.000             159               0
  174        -134.754    -145.656         -62.511     -22.340             174               0
  191        2171.439   -1277.924           0.000       0.000             191              -0
  157       -1240.669   -1953.064          19.573     -33.115             157               0
  215        1559.151    -279.467           0.000       0.000             215               0
   58          83.770     273.006           3.312      -6.810              58              -0
  107        1241.242    1011.043           0.000       0.000             107              -0
   29       -1747.589    2015.488          77.666     -34.999              29               0
   22       -1390.875    -260.687           0.000       0.000              22               0
   28       -1244.165   -1184.497        -224.755     -92.995              28               0
  177         487.712    -626.298           0.000       0.000             177              -0
  252        -267.455    1099.330           0.000       0.000             252               0
