SINAL     NFT                         FFT                         NFT INVERSA     FFT INVERSA
-----     -----------------------     -----------------------     -----------     -----------
   84       67348.000       0.000           0.000       0.000              84               0
  213         182.794    1872.488           0.000      -0.000             213               0
  244       -2452.128    -458.966           0.000       0.000             244               0
   88        1573.421    -505.015           0.000      -0.000              88               0
  205        -281.741   -1119.879           0.000       0.000             205               0
    4        2229.148    -983.716           0.000      -0.000               4               0
   83       -1390.089    2129.666           0.000       0.000              83               0
  115        1266.586    4042.818           0.000      -0.000             115               0
  249         312.192     904.214           0.000       0.000             249               0
    7         326.616   -1176.138           0.000      -0.000               7               0
  104       -1452.164    1436.901           0.000       0.000             104               0
   23       -1962.238    1354.278           0.000      -0.000              23               0
  164         381.890     861.434           0.000       0.000             164               0
   20         530.183    -530.141           0.000      -0.000              20               0
  217        1075.652     194.682           0.000       0.000             217               0
   82         860.269   -1523.719           0.000      -0.000              82               0
  253        -140.913   -1193.525           0.000       0.000             253               0
   20        1335.671    -165.486           0.000      -0.000              20               0
   54        2237.510     626.592           0.000       0.000              54               0
  150         -96.204   -1470.575           0.000      -0.000             150               0
  128       -1477.339    1227.151           0.000       0.000             128               0
   40        -883.087     261.020           0.000      -0.000              40               0
  122          25.066     706.347           0.000       0.000             122               0
   62        -356.534     150.448           0.000      -0.000              62               0
  102         511.103    1608.395           0.000       0.000             102               0
  140         717.492    -612.047           0.000      -0.000             140               0
  101         860.720    -551.506           0.000       0.000             101               0
   18        -869.799   -1102.261           0.000      -0.000              18               0
  228        2234.819   -1262.433           0.000       0.000             228               0
   61       -1567.585     853.217           0.000      -0.000              61               0
  169        -493.296    1377.688           0.000       0.000             169               0
  198         699.843     316.470           0.000      -0.000             198               0
  207        2590.499     446.947           0.000       0.000             207               0
   66         714.280   -1553.503           0.000      -0.000              66               0
  166        -891.465     682.040           0.000       0.000             166               0
   84         -26.192    1082.469           0.000      -0.000              84               0
  156        3335.068    -790.774           0.000       0.000             156               0
  236        -636.674    -531.071           0.000      -0.000             236               0
   18         325.239    -800.515           0.000       0.000              18               0
  234        -573.650     769.948           0.000      -0.000             234               0
  139        1501.575     186.076           0.000       0.000             139               0
  235       -1724.497     865.157           0.000      -0.000             235               0
   29       -1285.452   -2191.923           0.000       0.000              29               0
  192         643.851     744.277           0.000      -0.000             192               0
  253         814.773   -1155.656           0.000       0.000             253               0
   94          30.603    1636.393           0.000      -0.000              94               0
  121       -1036.263     471.671           0.000       0.000             121               0
  184        1465.952   -1571.145           0.000      -0.000             184               0
   74        -384.842    1498.998           0.000       0.000              74               0
   61          93.142    1415.034           0.000      -0.000              61               0
   95        -675.630   -1690.914           0.000       0.000              95               0
  126       -2159.164     -81.557           0.000      -0.000             126               0
   69       -1032.941     748.000           0.000       0.000              69               0
  144        1585.453     533.691           0.000      -0.000             144               0
    7         456.678    -983.311           0.000       0.000               7               0
   91         473.198   -2058.353           0.000      -0.000              91               0
   47       -2296.138    1124.163           0.000       0.000              47               0
  238        -449.474   -1847.366           0.000      -0.000             238               0
  191         785.493    -326.258           0.000       0.000             191               0
   88        -186.752     942.035           0.000      -0.000              88               0
  243         684.830      17.175           0.000       0.000             243               0
  117        1558.688    1487.268           0.000      -0.000             117               0
  184       -1059.898   -1326.353           0.000       0.000             184               0
   73        2282.930     785.463           0.000      -0.000              73               0
  221          62.545     479.552           0.000       0.000             221               0
   87       -1726.720   -1328.917           0.000      -0.000              87               0
  208        -493.121    1852.133           0.000       0.000             208               0
  254         810.734    -547.755           0.000      -0.000             254               0
  229         430.868    1144.002           0.000       0.000             229               0
   71        1744.132    -343.228           0.000      -0.000              71               0
  101        1369.889   -1027.930           0.000       0.000             101               0
   19        -364.462    -383.756           0.000      -0.000              19               0
    8        -443.840    -204.999           0.000       0.000               8               0
  225       -2061.132      21.432           0.000      -0.000             225               0
   94        -421.161    -385.651           0.000       0.000              94               0
  176        -326.445    -485.443           0.000      -0.000             176               0
  245         257.793     712.567           0.000       0.000             245               0
   91         580.352   -1016.793           0.000      -0.000              91               0
   41        -400.479   -1211.298           0.000       0.000              41               0
  173       -1342.167    1236.779           0.000      -0.000             173               0
  119       -1959.196   -1130.030           0.000       0.000             119               0
  157        1635.978   -1303.240           0.000      -0.000             157               0
  231        -437.031     -29.512           0.000       0.000             231               0
  196        -321.008   -1229.197           0.000      -0.000             196               0
   49         818.685   -1800.804           0.000       0.000              49               0
   85       -1534.887    -446.313           0.000      -0.000              85               0
  239       -2019.688   -1808.294           0.000       0.000             239               0
  132        2066.126    -833.602           0.000      -0.000             132               0
  130        -249.560    1075.857           0.000       0.000             130               0
    4        -373.254    -173.558           0.000      -0.000               4               0
   49         170.378     -88.263           0.000       0.000              49               0
   40       -1731.160    -866.023           0.000      -0.000              40               0
   53        -679.304    -735.187           0.000       0.000              53               0
   29       -1314.714    -415.380           0.000      -0.000              29               0
   86       -1790.437    -690.895           0.000       0.000              86               0
  113         965.300   -1196.477           0.000      -0.000             113               0
  129         934.520    1382.723           0.000       0.000             129               0
   36        -960.089   -2037.541           0.000      -0.000              36               0
  255       -1594.534    2488.917           0.000       0.000             255               0
   21        1037.952   -1272.627           0.000      -0.000              21               0
    3        1077.429    -424.727           0.000       0.000               3               0
  130         149.208   -1858.721           0.000      -0.000             130               0
   17        1136.187     694.488           0.000       0.000              17               0
  186        -402.611   -2012.861           0.000      -0.000             186               0
   48        -605.154    2833.406           0.000       0.000              48               0
    5         419.756     -98.113           0.000      -0.000               5               0
  168        -667.052   -1022.122           0.000       0.000             168               0
   83         798.112    -157.212           0.000      -0.000              83               0
   82         120.698   -1617.084           0.000       0.000              82               0
   60         821.995     626.720           0.000      -0.000              60               0
   33        -956.917    -450.893           0.000       0.000              33               0
  147        1299.353    1657.639           0.000      -0.000             147               0
  241        -368.547     485.388           0.000       0.000             241               0
  206       -2865.582     671.634           0.000      -0.000             206               0
  237         371.114     170.145           0.000       0.000             237               0
  209        -750.289    -967.963           0.000      -0.000             209               0
  242        1315.952   -1143.921           0.000       0.000             242               0
  214         538.102    -379.207           0.000      -0.000             214               0
   31       -1306.301    2375.636           0.000       0.000              31               0
  218         712.028    -188.478           0.000      -0.000             218               0
   33         315.849    -857.217           0.000       0.000              33               0
  127       -1412.710    -541.222           0.000      -0.000             127               0
  142       -1557.698     953.852           0.000       0.000             142               0
   35         404.438     757.809           0.000      -0.000              35               0
  248        1552.040     323.193           0.000       0.000             248               0
  200        -456.746     293.697           0.000      -0.000             200               0
  162         562.404     707.700           0.000       0.000             162               0
  136        2666.343    1401.313           0.000      -0.000             136               0
  250         -74.107     441.952           0.000       0.000             250               0
  189        -273.921     919.420           0.000      -0.000             189               0
  194        2817.374     728.242           0.000       0.000             194               0
   10       -1193.118   -1616.893           0.000      -0.000              10               0
  164          80.330    -619.238           0.000       0.000             164               0
  231         306.905    -529.864           0.000      -0.000             231               0
  194        -395.260     -60.713           0.000       0.000             194               0
   90         607.046     439.321           0.000      -0.000              90               0
  123        1678.840    -805.293           0.000       0.000             123               0
  102        1163.779    -353.875           0.000      -0.000             102               0
  181        -519.432    1720.081           0.000       0.000             181               0
   37        -231.330    1150.186           0.000      -0.000              37               0
  187         902.182      41.581           0.000       0.000             187               0
  214        -807.728    2443.320           0.000      -0.000             214               0
  207         -40.227     947.935           0.000       0.000             207               0
  182       -1321.674    -635.556           0.000      -0.000             182               0
  252       -2437.116   -3054.687           0.000       0.000             252               0
  235        -275.551   -1263.041           0.000      -0.000             235               0
  205        1419.854   -2178.043           0.000       0.000             205               0
  183         197.160     339.350           0.000      -0.000             183               0
   11       -1475.787    1494.797           0.000       0.000              11               0
   26        -520.504   -1060.754           0.000      -0.000              26               0
  104        -882.153     978.727           0.000       0.000             104               0
   40         117.756   -1307.576           0.000      -0.000              40               0
  135          81.545     106.347           0.000       0.000             135               0
   35        1224.972    -146.529           0.000      -0.000              35               0
  252        1050.136     415.629           0.000       0.000             252               0
  133       -1916.626     238.657           0.000      -0.000             133               0
   20        -202.085   -1788.252           0.000       0.000              20               0
   24        -727.734   -1963.203           0.000      -0.000              24               0
  132       -1096.495     313.222           0.000       0.000             132               0
    5        -624.040    2170.009           0.000      -0.000               5               0
  121        1001.478    -323.426           0.000       0.000             121               0
  173        -399.992    2764.720           0.000      -0.000             173               0
  149         621.308   -1014.441           0.000       0.000             149               0
   24        1029.926    -669.094           0.000      -0.000              24               0
   56        -607.861    -600.657           0.000       0.000              56               0
  245        -299.003     100.369           0.000      -0.000             245               0
  191        -186.386   -1883.530           0.000       0.000             191               0
  136         376.183    2251.026           0.000      -0.000             136               0
   15        2322.288   -1018.609           0.000       0.000              15               0
  205       -1929.101    -929.496           0.000      -0.000             205               0
  153         247.167   -1553.679           0.000       0.000             153               0
  182       -1613.053    1244.818           0.000      -0.000             182               0
  112       -2099.313    1082.941           0.000       0.000             112               0
   13       -1824.685    1457.546           0.000      -0.000              13               0
  242       -1045.729    -829.008           0.000       0.000             242               0
    0       -1147.810     587.982           0.000      -0.000              -0               0
  247        -708.954     542.698           0.000       0.000             247               0
  242        -949.698     948.951           0.000      -0.000             242               0
   57       -1487.412    -668.353           0.000       0.000              57               0
   29        -448.940     504.265           0.000      -0.000              29               0
  196       -1601.314     455.941           0.000       0.000             196               0
   52       -2561.163    -914.417           0.000      -0.000              52               0
   12        3901.280    -591.098           0.000       0.000              12               0
  124        -801.262      43.457           0.000      -0.000             124               0
   89          74.803    -204.657           0.000       0.000              89               0
  185        2168.592   -1501.105           0.000      -0.000             185               0
  249         565.850    1215.878           0.000       0.000             249               0
  125       -2056.214     967.705           0.000      -0.000             125               0
  108         -40.010     519.321           0.000       0.000             108               0
  117        1521.168   -1320.383           0.000      -0.000             117               0
  212       -2342.546   -1261.472           0.000       0.000             212               0
    7       -2050.820    -778.966           0.000      -0.000               7               0
  152        -262.314   -1240.362           0.000       0.000             152               0
  147         656.878     757.959           0.000      -0.000             147               0
   87        2066.412    -575.055           0.000       0.000              87               0
   95       -1072.561    1680.214           0.000      -0.000              95               0
   57       -1376.252    1644.992           0.000       0.000              57               0
  200        -955.098     -51.099           0.000      -0.000             200               0
   95        1819.207   -1804.613           0.000       0.000              95               0
  159        -534.606   -1385.139           0.000      -0.000             159               0
  209       -1107.038   -1133.143           0.000       0.000             209               0
  220       -1657.430    -309.806           0.000      -0.000             220               0
  222         214.251     641.086           0.000       0.000             222               0
   33         978.366   -1647.899           0.000      -0.000              33               0
  129         545.309    -353.855           0.000       0.000             129               0
  100        -666.090     847.421           0.000      -0.000             100               0
  242         545.976    -308.760           0.000       0.000             242               0
  159       -1553.226    1401.988           0.000      -0.000             159               0
  211        1033.137    -121.671           0.000       0.000             211               0
   78         624.077     532.448           0.000      -0.000              78               0
  137         188.308     377.794           0.000       0.000             137               0
  130        -667.828     277.852           0.000      -0.000             130               0
   93         487.706     496.980           0.000       0.000              93               0
   28         -81.265     325.428           0.000      -0.000              28               0
  193       -1107.293       2.704           0.000       0.000             193               0
  131        1284.089    -410.200           0.000      -0.000             131               0
  161        -425.407   -1033.848           0.000       0.000             161               0
  252       -2024.134    -311.571           0.000      -0.000             252               0
    4         248.156     755.277           0.000       0.000               4               0
  189         259.267   -1106.833           0.000      -0.000             189               0
  205        1098.950    1116.924           0.000       0.000             205               0
  127         255.885      -4.050           0.000      -0.000             127               0
  103        1119.157     846.342           0.000       0.000             103               0
  100        1156.423    1915.002           0.000      -0.000             100               0
  147        2281.512   -1467.139           0.000       0.000             147               0
  247       -1161.732   -2303.240           0.000      -0.000             247               0
   25        1506.041      30.143           0.000       0.000              25               0
   65        -362.635    -303.195           0.000      -0.000              65               0
  152       -2247.899    -713.800           0.000       0.000             152               0
  168         860.079     138.017           0.000      -0.000             168               0
   72       -1124.060     781.654           0.000       0.000              72               0
   90        -879.918     909.634           0.000      -0.000              90               0
   19         218.764    1915.559           0.000       0.000              19               0
  203         -61.474    -185.253           0.000      -0.000             203               0
  119         425.346    -578.836           0.000       0.000             119               0
  212       -2549.920     405.888           0.000      -0.000             212               0
   13        2068.023     274.520           0.000       0.000              13               0
   42        -231.751    1459.318           0.000      -0.000              42               0
  104        -626.211    1843.822           0.000       0.000             104               0
  217        1148.591     663.234           0.000      -0.000             217               0
   29        1390.462     653.371           0.000       0.000              29               0
  155        -523.706      26.724           0.000      -0.000             155               0
   43          19.471     135.535           0.000       0.000              43               0
   96       -3992.140     428.692           0.000      -0.000              96               0
  186        1214.137    -358.335           0.000       0.000             186               0
  155        -369.595    1769.415           0.000      -0.000             155               0
   21        1022.376    1512.620           0.000       0.000              21               0
   93       -1524.185    1997.333           0.000      -0.000              93               0
  110        1053.425    2953.842           0.000       0.000             110               0
   82         607.222     777.421           0.000      -0.000              82               0
  139        1046.038    2783.259           0.000       0.000             139               0
  131        -687.976     469.538           0.000      -0.000             131               0
   28         548.297     707.583           0.000       0.000              28               0
  144        1914.871     698.590           0.000      -0.000             144               0
  247       -1787.571     740.166           0.000       0.000             247               0
    3         165.475     777.599           0.000      -0.000               3               0
  249        2000.000      -0.041           0.000       0.000             249               0
    0         165.446    -778.212           0.000       0.000              -0               0
   87       -1787.220    -741.317           0.000       0.000              87               0
  156        1915.268    -698.460           0.000       0.000             156               0
  221         548.347    -707.907           0.000       0.000             221               0
   37        -687.839    -470.402           0.000       0.000              37               0
   27        1047.004   -2783.373           0.000       0.000              27               0
    6         607.359    -777.563           0.000       0.000               6               0
   14        1054.097   -2953.752           0.000       0.000              14               0
   28       -1523.689   -1997.793           0.000       0.000              28               0
   37        1022.811   -1512.153           0.000       0.000              37               0
    9        -369.196   -1769.246           0.000       0.000               9               0
   28        1213.572     358.988           0.000       0.000              28               0
  212       -3992.141    -429.966           0.000       0.000             212               0
  145          19.865    -135.495           0.000       0.000             145               0
  239        -523.393     -26.982           0.000       0.000             239               0
  199        1390.886    -653.042           0.000       0.000             199               0
   75        1148.661    -663.002           0.000       0.000              75               0
   42        -625.749   -1844.057           0.000       0.000              42               0
  203        -231.189   -1459.154           0.000       0.000             203               0
  143        2067.850    -273.551           0.000       0.000             143               0
   82       -2549.993    -406.507           0.000       0.000              82               0
   59         425.265     579.092           0.000       0.000              59               0
  137         -61.575     185.086           0.000       0.000             137               0
   44         219.280   -1915.505           0.000       0.000              44               0
  166        -879.733    -909.678           0.000       0.000             166               0
  152       -1123.680    -781.694           0.000       0.000             152               0
  152         860.120    -137.331           0.000       0.000             152               0
  163       -2248.053     713.338           0.000       0.000             163               0
  169        -362.264     303.249           0.000       0.000             169               0
  235        1506.279     -29.355           0.000       0.000             235               0
    1       -1162.217    2302.939           0.000       0.000               1               0
   37        2281.326    1467.467           0.000       0.000              37               0
  112        1157.021   -1914.934           0.000       0.000             112               0
  120        1119.287    -845.889           0.000       0.000             120               0
  167         255.729       4.203           0.000       0.000             167               0
  173        1099.117   -1116.374           0.000       0.000             173               0
  201         258.572    1107.057           0.000       0.000             201               0
   46         248.004    -755.129           0.000       0.000              46               0
  237       -2024.416     311.096           0.000       0.000             237               0
  226        -425.583    1033.744           0.000       0.000             226               0
  103        1283.883     410.503           0.000       0.000             103               0
  208       -1107.426      -3.223           0.000       0.000             208               0
  178         -81.093    -325.569           0.000       0.000             178               0
  212         487.820    -496.857           0.000       0.000             212               0
  150        -667.764    -278.075           0.000       0.000             150               0
  144         188.514    -377.723           0.000       0.000             144               0
   31         624.245    -532.170           0.000       0.000              31               0
   89        1032.832     122.034           0.000       0.000              89               0
   54       -1552.914   -1402.377           0.000       0.000              54               0
  202         545.861     309.160           0.000       0.000             202               0
  216        -665.832    -847.397           0.000       0.000             216               0
  150         545.224     354.415           0.000       0.000             150               0
  215         977.623    1648.327           0.000       0.000             215               0
  192         214.054    -640.970           0.000       0.000             192               0
  208       -1657.800     309.505           0.000       0.000             208               0
    4       -1107.373    1132.958           0.000       0.000               4               0
  127        -534.861    1384.971           0.000       0.000             127               0
   69        1818.514    1804.924           0.000       0.000              69               0
  193        -955.435      50.273           0.000       0.000             193               0
   80       -1375.729   -1645.730           0.000       0.000              80               0
  250       -1071.697   -1680.405           0.000       0.000             250               0
  240        2066.334     575.970           0.000       0.000             240               0
  194         656.802    -757.503           0.000       0.000             194               0
   26        -263.168    1240.526           0.000       0.000              26               0
   21       -2051.326     778.353           0.000       0.000              21               0
   24       -2342.674    1260.645           0.000       0.000              24               0
  177        1520.974    1320.583           0.000       0.000             177               0
  200         -39.991    -519.699           0.000       0.000             200               0
   21       -2055.738    -968.532           0.000       0.000              21               0
  194         566.670   -1215.495           0.000       0.000             194               0
   99        2168.089    1501.971           0.000       0.000              99               0
  209          74.465     204.578           0.000       0.000             209               0
  220        -801.208     -43.750           0.000       0.000             220               0
  226        3900.633     592.381           0.000       0.000             226               0
   71       -2562.215     913.350           0.000       0.000              71               0
   91       -1601.342    -456.728           0.000       0.000              91               0
  155        -448.926    -504.492           0.000       0.000             155               0
  192       -1487.777     667.695           0.000       0.000             192               0
  205        -949.407    -949.462           0.000       0.000             205               0
  202        -708.837    -542.971           0.000       0.000             202               0
   78       -1147.685    -588.309           0.000       0.000              78               0
  127       -1046.069     828.555           0.000       0.000             127               0
    8       -1824.190   -1458.297           0.000       0.000               8               0
  145       -2098.709   -1083.513           0.000       0.000             145               0
  244       -1612.139   -1244.947           0.000       0.000             244               0
  192         247.059    1554.116           0.000       0.000             192               0
  185       -1928.851     928.876           0.000       0.000             185               0
  114        2322.423    1019.164           0.000       0.000             114               0
   18         376.969   -2250.830           0.000       0.000              18               0
  255        -186.959    1883.654           0.000       0.000             255               0
  158        -298.848    -100.528           0.000       0.000             158               0
  114        -607.792     600.442           0.000       0.000             114               0
  237        1029.928     669.312           0.000       0.000             237               0
  139         620.955    1014.232           0.000       0.000             139               0
  144        -399.043   -2765.041           0.000       0.000             144               0
  212        1001.304     323.814           0.000       0.000             212               0
   84        -623.508   -2170.053           0.000       0.000              84               0
  216       -1096.404    -313.040           0.000       0.000             216               0
  252        -728.260    1963.299           0.000       0.000             252               0
   57        -202.594    1788.050           0.000       0.000              57               0
   30       -1916.220    -239.535           0.000       0.000              30               0
  240        1050.716    -415.313           0.000       0.000             240               0
  117        1224.993     146.973           0.000       0.000             117               0
  234          81.500    -106.236           0.000       0.000             234               0
   64         117.208    1307.544           0.000       0.000              64               0
  229        -881.889    -979.082           0.000       0.000             229               0
  132        -520.834    1060.527           0.000       0.000             132               0
   19       -1475.074   -1495.284           0.000       0.000              19               0
  165         197.625    -338.873           0.000       0.000             165               0
  165        1419.142    2178.781           0.000       0.000             165               0
  123        -276.254    1262.957           0.000       0.000             123               0
  176       -2438.140    3053.511           0.000       0.000             176               0
  157       -1321.490     634.355           0.000       0.000             157               0
   74         -39.519    -948.621           0.000       0.000              74               0
  198        -806.490   -2443.826           0.000       0.000             198               0
  231         902.560     -41.334           0.000       0.000             231               0
   55        -230.709   -1150.388           0.000       0.000              55               0
  255        -518.424   -1720.075           0.000       0.000             255               0
   21        1164.112     354.555           0.000       0.000              21               0
   26        1678.715     805.889           0.000       0.000              26               0
   43         607.131    -439.130           0.000       0.000              43               0
   98        -395.239      60.677           0.000       0.000              98               0
   37         306.857     530.024           0.000       0.000              37               0
  191          80.209     619.249           0.000       0.000             191               0
   68       -1193.272    1616.193           0.000       0.000              68               0
  230        2817.856    -727.731           0.000       0.000             230               0
  221        -273.655    -919.727           0.000       0.000             221               0
  158         -73.679    -442.145           0.000       0.000             158               0
  168        2666.871   -1400.486           0.000       0.000             168               0
  104         562.363    -707.418           0.000       0.000             104               0
   27        -456.717    -293.770           0.000       0.000              27               0
  187        1552.027    -322.647           0.000       0.000             187               0
  201         404.271    -757.613           0.000       0.000             201               0
   66       -1557.648    -954.129           0.000       0.000              66               0
   93       -1412.764     541.014           0.000       0.000              93               0
  132         315.773     857.342           0.000       0.000             132               0
  206         711.924     188.514           0.000       0.000             206               0
  117       -1305.455   -2375.960           0.000       0.000             117               0
  192         538.187     379.802           0.000       0.000             192               0
  217        1315.466    1144.532           0.000       0.000             217               0
  150        -750.794     967.609           0.000       0.000             150               0
  159         370.953    -170.214           0.000       0.000             159               0
  251       -2865.325    -672.679           0.000       0.000             251               0
   95        -367.929    -485.535           0.000       0.000              95               0
  232        1300.086   -1656.996           0.000       0.000             232               0
   97        -956.943     450.879           0.000       0.000              97               0
  162         822.400    -626.123           0.000       0.000             162               0
  187         120.239    1617.353           0.000       0.000             187               0
  169         798.040     157.523           0.000       0.000             169               0
  247        -667.401    1021.864           0.000       0.000             247               0
  255         419.761      98.020           0.000       0.000             255               0
  109        -604.166   -2833.367           0.000       0.000             109               0
   70        -403.052    2013.089           0.000       0.000              70               0
  130        1136.570    -693.908           0.000       0.000             130               0
  136         148.625    1858.950           0.000       0.000             136               0
  132        1077.261     425.048           0.000       0.000             132               0
    0        1037.196    1272.754           0.000       0.000              -0               0
  233       -1593.951   -2489.382           0.000       0.000             233               0
  141        -960.633    2037.392           0.000       0.000             141               0
  163         935.067   -1382.314           0.000       0.000             163               0
  230         964.583    1197.061           0.000       0.000             230               0
  192       -1790.966     690.358           0.000       0.000             192               0
  219       -1314.830     415.001           0.000       0.000             219               0
  123        -679.484     735.011           0.000       0.000             123               0
  165       -1731.218     865.385           0.000       0.000             165               0
  173         170.656      88.237           0.000       0.000             173               0
   58        -373.106     173.382           0.000       0.000              58               0
  247        -248.903   -1075.762           0.000       0.000             247               0
  255        2065.776     834.659           0.000       0.000             255               0
   63       -2020.477    1807.735           0.000       0.000              63               0
  145       -1534.717     445.841           0.000       0.000             145               0
  198         818.369    1801.074           0.000       0.000             198               0
   91        -321.311    1228.861           0.000       0.000              91               0
   86        -436.810      29.217           0.000       0.000              86               0
  234        1635.492    1303.667           0.000       0.000             234               0
  227       -1959.700    1129.010           0.000       0.000             227               0
  100       -1341.470   -1237.400           0.000       0.000             100               0
   61        -400.474    1211.148           0.000       0.000              61               0
  163         580.301    1016.691           0.000       0.000             163               0
   96         258.135    -712.703           0.000       0.000              96               0
  188        -326.547     485.245           0.000       0.000             188               0
  199        -421.247     385.336           0.000       0.000             199               0
   65       -2060.842     -22.275           0.000       0.000              65               0
    2        -443.365     204.751           0.000       0.000               2               0
  139        -363.974     383.539           0.000       0.000             139               0
  219        1370.092    1028.162           0.000       0.000             219               0
  173        1744.212     343.410           0.000       0.000             173               0
   10         431.290   -1144.099           0.000       0.000              10               0
  199         810.516     547.814           0.000       0.000             199               0
  203        -492.585   -1852.350           0.000       0.000             203               0
  124       -1726.902    1328.333           0.000       0.000             124               0
  128          63.264    -479.746           0.000       0.000             128               0
   69        2283.390    -784.689           0.000       0.000              69               0
    0       -1060.205    1325.860           0.000       0.000               0               0
  212        1559.413   -1486.915           0.000       0.000             212               0
  155         684.793     -16.923           0.000       0.000             155               0
  108        -186.434    -941.982           0.000       0.000             108               0
  198         785.330     326.781           0.000       0.000             198               0
   39        -450.275    1847.166           0.000       0.000              39               0
  248       -2295.562   -1124.941           0.000       0.000             248               0
   76         472.934    2058.533           0.000       0.000              76               0
   32         456.605     983.091           0.000       0.000              32               0
  187        1585.564    -533.511           0.000       0.000             187               0
  185       -1032.922    -748.455           0.000       0.000             185               0
    4       -2159.024      80.860           0.000       0.000               4               0
   31        -675.741    1690.402           0.000       0.000              31               0
   40          94.016   -1415.379           0.000       0.000              40               0
  134        -383.916   -1499.033           0.000       0.000             134               0
   24        1465.666    1571.635           0.000       0.000              24               0
   28       -1035.928    -472.289           0.000       0.000              28               0
  179          31.543   -1636.312           0.000       0.000             179               0
   44         814.662    1156.030           0.000       0.000              44               0
   20         644.132    -743.993           0.000       0.000              20               0
  172       -1286.102    2191.388           0.000       0.000             172               0
   89       -1723.670    -866.027           0.000       0.000              89               0
   21        1502.140    -185.672           0.000       0.000              21               0
   38        -573.050    -770.097           0.000       0.000              38               0
   48         325.419     800.685           0.000       0.000              48               0
  196        -636.206     530.756           0.000       0.000             196               0
   82        3335.181     791.613           0.000       0.000              82               0
  158         -25.840   -1082.705           0.000       0.000             158               0
  201        -890.889    -682.257           0.000       0.000             201               0
  173         714.331    1553.654           0.000       0.000             173               0
   68        2590.879    -446.369           0.000       0.000              68               0
  161         699.840    -316.448           0.000       0.000             161               0
  239        -492.850   -1377.903           0.000       0.000             239               0
   84       -1566.880    -853.481           0.000       0.000              84               0
  137        2234.745    1263.383           0.000       0.000             137               0
  182        -869.962    1101.870           0.000       0.000             182               0
   81         860.898     551.555           0.000       0.000              81               0
  252         717.499     611.894           0.000       0.000             252               0
  147         511.758   -1608.485           0.000       0.000             147               0
  184        -356.327    -150.633           0.000       0.000             184               0
  108          25.504    -706.401           0.000       0.000             108               0
   80        -882.737    -261.339           0.000       0.000              80               0
  125       -1476.338   -1227.482           0.000       0.000             125               0
  198         -95.810    1470.631           0.000       0.000             198               0
   89        2238.391    -625.888           0.000       0.000              89               0
  169        1335.911     166.067           0.000       0.000             169               0
  251        -140.950    1193.509           0.000       0.000             251               0
  207         860.235    1523.724           0.000       0.000             207               0
   68        1076.067    -194.696           0.000       0.000              68               0
  186         530.266     529.920           0.000       0.000             186               0
   79         382.350    -861.750           0.000       0.000              79               0
  132       -1961.389   -1355.186           0.000       0.000             132               0
  138       -1450.774   -1437.360           0.000       0.000             138               0
  214         327.289    1176.099           0.000       0.000             214               0
   55         313.558    -904.623           0.000       0.000              55               0
  164        1268.911   -4042.436           0.000       0.000             164               0
    1       -1388.097   -2129.485           0.000       0.000               1               0
  251        2230.308     985.066           0.000       0.000             251               0
  211        -280.485    1119.997           0.000       0.000             211               0
  128        1575.320     505.556           0.000       0.000             128               0
  144       -2448.898     458.007           0.000       0.000             144               0
  138         190.722   -1872.355           0.000       0.000             138               0
