SINAL     NFT                         FFT                         NFT INVERSA     FFT INVERSA
-----     -----------------------     -----------------------     -----------     -----------
   34       62410.000       0.000           0.000       0.000              34               1
   52        -708.343   -1122.771         -25.491      46.464              52               0
  152         382.148    -518.735           0.000       0.000             152              -0
  128        1782.457     285.484        -132.137      51.904             128               0
  172         121.426    -550.301           0.000       0.000             172               0
  124        -808.371     339.778         131.966      62.353             124              -0
  113       -1122.869     105.116           0.000       0.000             113              -0
  124        -582.275    1162.973         -29.212      39.897             124               0
   95        -174.050     293.287           0.000       0.000              95               0
    1         219.688     947.499          -3.084       5.020               1               0
  201        1189.899    1105.128           0.000       0.000             201              -0
   10       -1745.762    -253.510         -36.714      12.379              10               0
   15         280.591     135.793           0.000       0.000              15               0
  108         612.099     831.173          49.563      26.467             108              -0
   22       -1417.664    1810.697           0.000       0.000              22              -0
   59        1790.299    -228.336          -8.324      20.451              59               0
  170         652.068     973.136           0.000       0.000             170               0
  219        -535.766    -446.089          -1.763       2.578             219               0
  200         422.196    -287.256           0.000       0.000             200              -0
   29        -988.940    -354.842         -21.614       6.124              29               0
  141         795.665    -495.531           0.000       0.000             141               0
   48        1609.058     889.367          29.892      17.901              48              -0
  212        -525.652    2719.306           0.000       0.000             212              -0
   95          68.580   -2431.301         -10.068      11.246              95               0
  116         785.987    -324.788           0.000       0.000             116               0
  242         779.539     200.320          -1.286       1.695             242               0
   44         965.501    -661.485           0.000       0.000              44              -0
   45        2321.843    -814.058         -15.439       3.567              45               0
  255        -177.302    1244.453           0.000       0.000             255               0
  233          58.901    2076.474          21.037      14.045             233              -0
   81        1036.309   -1403.925           0.000       0.000              81              -0
   57        1496.739    -513.211          -3.515      10.018              57               0
  103       -1165.419     282.209           0.000       0.000             103               0
  196        1055.757    1153.098          -1.039       1.239             196               0
  191       -2305.708    -284.122           0.000       0.000             191              -0
   74        -305.070    2497.356         -12.068       2.170              74               0
   20       -1750.007     990.169           0.000       0.000              20               0
  214        1399.571    -231.148          15.981      11.843             214              -0
  126         264.410    -796.185           0.000       0.000             126              -0
  184        -803.960    -512.796          -6.600       6.056             184               0
  230         392.843     193.947           0.000       0.000             230               0
  153       -1097.761     -20.867          -0.888       0.958             153               0
  203         362.303    -471.237           0.000       0.000             203              -0
  118       -1752.793    -294.227          -9.937       1.288             118               0
  143       -1652.441     217.824           0.000       0.000             143               0
   46         451.244    1293.941          12.699      10.413              46              -0
   16       -1387.954    1115.538           0.000       0.000              16              -0
  180       -1902.559    1323.392          -3.928       5.957             180               0
  106       -2014.991    -121.622           0.000       0.000             106               0
  125        1234.068     334.443          -0.785       0.768             125               0
  213          19.997     622.800           0.000       0.000             213              -0
   87         622.783    1302.809          -8.461       0.676              87               0
    5       -3779.481    1034.129           0.000       0.000               5               0
  231        -990.113     553.016          10.387       9.406             231              -0
  181        -595.330   -1527.907           0.000       0.000             181              -0
  160        -932.872     894.441          -5.127       3.851             160               0
  144         -47.983   -2288.619           0.000       0.000             144               0
  175         116.688     134.822          -0.710       0.630             175               0
    4          68.822     121.543           0.000       0.000               4              -0
  100        -308.274     461.479          -7.375       0.226             100               0
   79        -547.142    2255.097           0.000       0.000              79               0
   99         516.249    -639.783           8.662       8.656              99              -0
  252         400.359    -754.727           0.000       0.000             252              -0
  122        -411.732    1432.033          -2.358       4.757             122               0
   80       -2189.554      36.664           0.000       0.000              80               0
  129        1082.304   -1500.470          -0.653       0.524             129               0
  250        1795.288     169.765           0.000       0.000             250              -0
   86         463.104    2175.370          -6.538      -0.120              86               0
   98       -2961.859   -1732.199           0.000       0.000              98               0
  247        -142.598   -1532.866           7.321       8.072             247              -0
  191       -2627.728      79.292           0.000       0.000             191              -0
  124       -1816.355    2283.621          -4.299       2.613             124               0
   52       -1801.111     155.867           0.000       0.000              52               0
  111        -297.233    -496.300          -0.608       0.441             111               0
   70        -112.100   -1099.807           0.000       0.000              70              -0
   36        1077.532   -2466.362          -5.870      -0.397              36               0
  144       -1371.068   -1067.835           0.000       0.000             144               0
  147        -592.466     101.389           6.244       7.603             147              -0
   31         333.594    -755.031           0.000       0.000              31              -0
   25        -572.756    2408.846          -3.061       3.098              25               0
   65       -2089.655      53.497           0.000       0.000              65               0
   77       -2148.203   -1302.992          -0.571       0.373              77               0
   36         473.111     194.564           0.000       0.000              36              -0
  151       -1367.019    1988.153          -5.323      -0.623             151               0
  194        1103.408    -630.468           0.000       0.000             194               0
  208        -398.505    1347.480           5.356       7.216             208              -0
   74       -1736.546    -947.732           0.000       0.000              74              -0
   24        -556.287     109.250          -3.761       1.807              24               0
   76        1215.147   -1209.093           0.000       0.000              76               0
   48         746.286     779.773          -0.541       0.316              48               0
   31        -209.173     225.875           0.000       0.000              31              -0
  211         481.489     499.277          -4.865      -0.813             211               0
  154        1563.042     -88.816           0.000       0.000             154               0
   98        -211.011    -159.202           4.607       6.890              98              -0
   30        -202.967     481.455           0.000       0.000              30              -0
  125         619.477   -1496.770          -2.432       2.717             125               0
  229       -1245.524   -1108.563           0.000       0.000             229               0
    8       -1304.921   -1411.028          -0.514       0.268               8               0
  155         223.487   -1476.149           0.000       0.000             155              -0
  200        -444.606     262.362          -4.473      -0.976             200               0
  193        -535.274    -753.018           0.000       0.000             193               0
  141       -2362.674    -364.580           3.965       6.610             141              -0
   30        1620.315    1451.256           0.000       0.000              30              -0
  148         397.019    -891.849          -3.376       1.232             148               0
  197        1121.736    -719.961           0.000       0.000             197               0
  146        -454.616    1019.463          -0.492       0.226             146               0
    3         979.657    2720.022           0.000       0.000               3              -0
   61        1292.404     932.352          -4.133      -1.116              61               0
   94       -1511.175    1129.751           0.000       0.000              94               0
  188        -777.977    -536.823           3.406       6.367             188              -0
  122        -578.293   -1360.292           0.000       0.000             122              -0
   99        -914.334   -1865.670          -2.669       1.807              99               0
  148       -1221.648    -400.459           0.000       0.000             148               0
  180        1464.793    -419.899          -0.472       0.190             180               0
  100        -339.021     374.383           0.000       0.000             100              -0
   89       -1041.647    -618.641          -3.834      -1.240              89               0
  146        -220.746     936.078           0.000       0.000             146               0
  168        -337.741     818.948           2.912       6.152             168              -0
   97        -240.765     416.569           0.000       0.000              97              -0
   19        1652.474    -370.412          -3.083       0.792              19               0
  170       -1599.639    -116.178           0.000       0.000             170               0
  226        -552.220    2384.722          -0.455       0.157             226               0
   29        -743.924    1442.546           0.000       0.000              29              -0
  127        1364.982    -692.526          -3.567      -1.351             127               0
  240         302.659     -50.351           0.000       0.000             240               0
  194         118.764   -2889.197           2.471       5.959             194              -0
   29        -332.466     236.234           0.000       0.000              29              -0
  162        1317.693     838.385          -2.074       1.950             162               0
   24       -1011.010   -1187.172           0.000       0.000              24               0
  153       -1560.187   -1552.630          -0.439       0.128             153               0
   81       -3385.010   -2936.651           0.000       0.000              81              -0
   60        -218.072    1084.259          -3.327      -1.450              60               0
    1        1855.875     213.677           0.000       0.000               1               0
  193        -419.908      59.956           2.073       5.786             193              -0
  177       -1946.816     569.127           0.000       0.000             177              -0
  206        -450.971   -1659.857          -2.848       0.440             206               0
  242        -591.222   -1291.537           0.000       0.000             242               0
  109       -1880.421      88.985          -0.425       0.101             109               0
   83         158.787    2327.192           0.000       0.000              83              -0
  211         813.345    1486.545          -3.108      -1.541             211               0
  184        -182.648    -218.184           0.000       0.000             184               0
  178        1748.852    -628.363           1.710       5.628             178              -0
   26         926.798   -1009.939           0.000       0.000              26              -0
  124       -1311.537     375.471          -2.432       1.025             124               0
  144         729.843     538.236           0.000       0.000             144               0
  218        1164.941    -635.649          -0.411       0.077             218               0
   10         378.285     472.610           0.000       0.000              10              -0
   15          12.173   -1543.885          -2.908      -1.624              15               0
  197          -4.851     796.967           0.000       0.000             197               0
    1        1399.140   -1569.333           1.375       5.482               1              -0
  140        -252.809    1540.180           0.000       0.000             140              -0
  250          -8.341    -585.390          -2.651       0.147             250               0
   90       -1534.088     534.181           0.000       0.000              90               0
  126        2496.370    -410.165          -0.399       0.055             126               0
  223        1360.218     574.862           0.000       0.000             223              -0
   72        -982.708    -608.799          -2.723      -1.701              72               0
  225         589.588    -630.051           0.000       0.000             225               0
  119         549.125   -1148.185           1.066       5.347             119              -0
  162        1121.175   -1774.635           0.000       0.000             162              -0
  190       -1355.780    2299.996          -2.185       1.050             190               0
  222         472.642    1919.274           0.000       0.000             222               0
    5        -814.050     333.914          -0.388       0.034               5               0
   56        1067.505     910.202           0.000       0.000              56              -0
  221        1451.231    -311.952          -2.550      -1.772             221               0
  151         878.565    -705.224           0.000       0.000             151               0
   18        -674.572     830.389           0.777       5.221              18              -0
  133         258.318    -712.763           0.000       0.000             133              -0
  242        -171.785   -3198.528          -2.482      -0.107             242               0
    7       -2136.799     269.981           0.000       0.000               7               0
  227       -1031.708     458.921          -0.377       0.014             227               0
  162          37.837   -1163.861           0.000       0.000             162              -0
   55       -2430.707   -1707.662          -2.387      -1.840              55               0
  250          34.913    1813.951           0.000       0.000             250               0
  115         432.377    -802.241           0.505       5.103             115              -0
  208       -1314.370    -932.095           0.000       0.000             208              -0
    8       -2300.129   -1344.932          -2.262       0.464               8               0
  198           4.667   -1636.918           0.000       0.000             198               0
    7        1037.102     863.872          -0.368      -0.004               7               0
  234        -853.097    -455.492           0.000       0.000             234              -0
   99         575.303     991.622          -2.234      -1.903              99               0
   18         690.792     683.510           0.000       0.000              18               0
  238         824.951    2062.027           0.247       4.991             238              -0
    0         908.109    -423.142           0.000       0.000              -0              -0
  163         206.996     290.469          -2.332      -0.331             163               0
  123        -817.271    1800.571           0.000       0.000             123               0
  151        -708.045   -3382.954          -0.358      -0.022             151               0
  203        -545.431    1400.517           0.000       0.000             203              -0
   11        2873.272    -815.094          -2.088      -1.964              11               0
   51       -1802.686    -371.016           0.000       0.000              51               0
  129       -1336.473    1438.691           0.002       4.884             129              -0
  113        -254.451   -1062.992           0.000       0.000             113              -0
  107         786.994    1670.176          -2.058       0.694             107               0
  165       -1820.560    1296.507           0.000       0.000             165               0
  117         821.035    -232.986          -0.349      -0.038             117              -0
  214        -866.173     375.714           0.000       0.000             214              -0
  103        -350.489   -1402.014          -1.948      -2.021             103               0
   39        1069.065     742.079           0.000       0.000              39               0
  108         730.096     508.965          -0.233       4.782             108              -0
   74         669.172      13.164           0.000       0.000              74              -0
  156       -1178.887     122.311          -2.196      -0.536             156               0
  154         115.626     -33.303           0.000       0.000             154               0
  192          69.746    -367.244          -0.340      -0.054             192              -0
  161         444.600    -678.703           0.000       0.000             161              -0
  232        2223.427    2469.788          -1.814      -2.077             232               0
   59          96.282    -837.590           0.000       0.000              59               0
  243        1363.787    -461.521          -0.459       4.683             243              -0
  255         592.552    2739.910           0.000       0.000             255              -0
   82          87.786     430.171          -2.125       0.013              82               0
  144        -207.980   -1307.332           0.000       0.000             144               0
   18        1458.999    -127.852          -0.332      -0.070              18              -0
  202       -1240.445   -2200.267           0.000       0.000             202              -0
  236        -343.924   -1652.396          -1.684      -2.131             236               0
   49         164.338     436.792           0.000       0.000              49               0
  115       -2397.624   -1572.037          -0.679       4.588             115              -0
  177         857.049     693.198           0.000       0.000             177              -0
   48         692.100   -1049.841          -2.069      -0.726              48               0
   27       -2049.711    -900.173           0.000       0.000              27               0
  221         357.941    -827.382          -0.324      -0.085             221              -0
   45         331.651     558.985           0.000       0.000              45              -0
  115          -9.430   -2789.749          -1.558      -2.183             115               0
  161         120.840    1718.465           0.000       0.000             161               0
  174          73.074    -507.193          -0.892       4.495             174              -0
  152         876.986    -796.930           0.000       0.000             152              -0
   10        -559.323    1343.012          -2.046       0.113              10               0
   25        2842.133    -493.618           0.000       0.000              25               0
  120       -1556.065     831.694          -0.316      -0.100             120              -0
   16         304.224   -1072.344           0.000       0.000              16              -0
  140        1405.580    -199.125          -1.434      -2.234             140               0
  157       -2638.784      27.714           0.000       0.000             157               0
   63        2412.106    1917.744          -1.101       4.404              63              -0
  244        2054.402     -85.490           0.000       0.000             244              -0
  196        -871.853     837.751          -1.948      -0.907             196               0
  141        1645.000    1087.175           0.000       0.000             141               0
   44          87.908    1105.286          -0.308      -0.114              44              -0
  150        -110.645     417.388           0.000       0.000             150              -0
    0       -1289.160    -625.380          -1.313      -2.285              -0               0
   52         -99.988   -1236.418           0.000       0.000              52               0
  118        -700.535   -1763.404          -1.307       4.314             118              -0
  101         735.392    1668.524           0.000       0.000             101              -0
   84         234.857    -409.395          -2.004      -0.386              84               0
   36         164.128    1072.919           0.000       0.000              36               0
  216          40.278    -437.533          -0.300      -0.128             216              -0
   13         336.349    1859.410           0.000       0.000              13              -0
   82        -871.339   -1060.842          -1.193      -2.334              82               0
  127        -252.021     759.214           0.000       0.000             127               0
  248        -350.635     192.556          -1.510       4.226             248              -0
  176        -431.814    1930.782           0.000       0.000             176              -0
  150        -394.935   -1588.862          -1.831      -1.082             150               0
   12        -124.307     346.781           0.000       0.000              12               0
  209        -278.495      52.280          -0.293      -0.142             209              -0
  236        2647.779     615.209           0.000       0.000             236              -0
  208        -518.965    -925.259          -1.074      -2.384             208               0
  194         763.855    1162.130           0.000       0.000             194               0
   40         138.114      54.041          -1.712       4.138              40              -0
   49        1826.203   -1195.354           0.000       0.000              49              -0
   67         410.266     168.261           0.000       0.000              67               0
   52        -384.000      -0.064           0.000       0.000              52               0
   13         410.493    -168.057          -0.285      -0.156              13              -0
  255        1825.771    1195.898           0.000       0.000             255              -0
  111         137.975     -54.247          -0.956      -2.433             111               0
  193         764.116   -1161.903           0.000       0.000             193               0
   39        -519.247     925.061          -1.914       4.050              39              -0
  232        2647.827    -614.442           0.000       0.000             232              -0
   91        -278.906     -52.400          -1.715      -1.255              91               0
   62        -124.460    -346.787           0.000       0.000              62               0
  110        -395.673    1588.511          -0.278      -0.170             110              -0
  166        -431.294   -1931.157           0.000       0.000             166              -0
   37        -350.643    -192.640          -0.837      -2.482              37               0
  193        -251.830    -759.219           0.000       0.000             193               0
   99        -871.635    1060.465          -2.116       3.962              99              -0
  149         337.079   -1859.345           0.000       0.000             149              -0
   49          40.163     437.632          -1.888      -0.768              49               0
  191         164.517   -1072.792           0.000       0.000             191               0
    6         234.733     409.557          -0.270      -0.185               6              -0
  177         735.826   -1668.014           0.000       0.000             177              -0
  160        -701.257    1763.480          -0.717      -2.531             160               0
  164        -100.458    1236.286           0.000       0.000             164               0
  183       -1289.282     624.653          -2.319       3.873             183              -0
   12        -110.234    -417.754           0.000       0.000              12              -0
  241          88.579   -1105.444          -1.598      -1.430             241               0
  133        1645.456   -1086.634           0.000       0.000             133               0
  179        -871.433    -837.926          -0.262      -0.199             179              -0
  241        2054.567      86.205           0.000       0.000             241              -0
   86        2412.334   -1916.775          -0.596      -2.581              86               0
   31       -2638.977     -28.226           0.000       0.000              31               0
   50        1405.620     199.879          -2.526       3.783              50              -0
  132         303.678    1072.512           0.000       0.000             132              -0
   60       -1555.631    -832.170          -1.929      -0.677              60               0
  138        2842.011     494.647           0.000       0.000             138               0
  147        -559.091   -1343.008          -0.254      -0.213             147              -0
   39         876.608     797.514           0.000       0.000              39              -0
  149          72.711     507.266          -0.473      -2.632             149               0
  204         121.261   -1718.071           0.000       0.000             204               0
  169         -10.494    2790.016          -2.736       3.692             169              -0
  106         331.683    -558.849           0.000       0.000             106              -0
  239         357.348     827.693          -1.478      -1.610             239               0
   59       -2050.088     899.565           0.000       0.000              59               0
  209         691.854    1049.995          -0.246      -0.228             209              -0
   25         857.001    -692.860           0.000       0.000              25              -0
   28       -2398.252    1571.298          -0.348      -2.684              28               0
  197         164.646    -436.673           0.000       0.000             197               0
    9        -344.441    1652.424          -2.951       3.598               9              -0
  129       -1240.915    2199.605           0.000       0.000             129              -0
   85        1459.178     127.982          -1.767      -1.165              85               0
  149        -208.372    1306.834           0.000       0.000             149               0
  251          88.106    -430.738          -0.238      -0.243             251              -0
   99         593.667   -2739.844           0.000       0.000              99              -0
  125        1363.674     462.117          -0.219      -2.738             125               0
  115          96.046     837.378           0.000       0.000             115               0
  190        2224.157   -2469.084          -3.172       3.502             190              -0
   55         444.028     679.058           0.000       0.000              55              -0
  222          69.353     367.239          -1.351      -1.799             222               0
   98         115.354      33.257           0.000       0.000              98               0
  248       -1178.904    -122.780          -0.230      -0.259             248              -0
   69         669.248     -13.029           0.000       0.000              69              -0
  105         730.182    -508.783          -0.086      -2.793             105               0
  214        1069.026    -741.594           0.000       0.000             214               0
   80        -351.321    1401.892          -3.400       3.403              80              -0
  220        -866.192    -376.189           0.000       0.000             220              -0
   97         820.734     233.055          -1.936      -0.960              97               0
  117       -1820.254   -1297.292           0.000       0.000             117               0
  184         787.528   -1669.721          -0.221      -0.275             184              -0
  119        -255.054    1063.034           0.000       0.000             119              -0
  135       -1336.107   -1439.049           0.052      -2.850             135               0
   91       -1802.464     370.670           0.000       0.000              91               0
  142        2873.113     816.072          -3.637       3.299             142              -0
    6        -545.261   -1400.488           0.000       0.000               6              -0
   37        -709.261    3382.644          -1.216      -2.001              37               0
   21        -816.557   -1801.181           0.000       0.000              21               0
   57         207.299    -290.373          -0.212      -0.292              57              -0
  148         908.051     423.289           0.000       0.000             148              -0
  119         825.565   -2061.798           0.197      -2.910             119               0
  111         690.835    -683.053           0.000       0.000             111               0
   56         575.322    -991.094          -3.885       3.191              56              -0
   41        -853.453     455.532           0.000       0.000              41              -0
  241        1037.162    -863.113          -1.632      -1.612             241               0
   43           3.603    1637.336           0.000       0.000              43               0
   73       -2300.878    1344.267          -0.202      -0.310              73              -0
  187       -1314.580     931.616           0.000       0.000             187              -0
   20         432.140     802.197           0.348      -2.973              20               0
  252          35.252   -1813.824           0.000       0.000             252               0
  202       -2431.338    1707.116          -4.146       3.078             202              -0
  253          37.543    1163.768           0.000       0.000             253              -0
  190       -1031.599    -459.329          -1.068      -2.223             190               0
  123       -2136.460    -270.418           0.000       0.000             123               0
  233        -172.420    3198.470          -0.192      -0.329             233              -0
   26         258.357     712.388           0.000       0.000              26              -0
  179        -673.959    -830.864           0.508      -3.039             179               0
  119         878.714     705.368           0.000       0.000             119               0
  251        1451.257     312.107          -4.422       2.957             251              -0
  254        1067.658    -910.120           0.000       0.000             254              -0
   29        -814.021    -334.408          -1.791      -1.604              29               0
   16         473.276   -1919.202           0.000       0.000              16               0
   62       -1354.862   -2299.984          -0.181      -0.348              62              -0
   22        1120.823    1775.501           0.000       0.000              22              -0
  177         548.777    1148.432           0.678      -3.109             177               0
  151         589.321     630.185           0.000       0.000             151               0
  145        -982.781     608.312          -4.716       2.829             145              -0
  117        1360.657    -574.500           0.000       0.000             117              -0
   71        2495.958     410.954          -0.902      -2.472              71               0
   60       -1534.212    -534.719           0.000       0.000              60               0
  206          -8.505     585.327          -0.170      -0.370             206              -0
  172        -252.181   -1540.160           0.000       0.000             172              -0
  190        1398.616    1569.914           0.860      -3.185             190               0
  142          -4.723    -796.933           0.000       0.000             142               0
  162          11.634    1543.890          -5.032       2.692             162              -0
  113         378.475    -472.595           0.000       0.000             113              -0
  211        1164.638     635.960          -1.465      -2.163             211               0
   50         729.714    -538.083           0.000       0.000              50               0
   30       -1311.511    -375.810          -0.158      -0.392              30              -0
   37         926.553    1010.288           0.000       0.000              37              -0
   45        1748.395     628.765           1.057      -3.266              45               0
  185        -183.075     217.791           0.000       0.000             185               0
   38         813.486   -1486.524          -5.373       2.544              38              -0
   52         159.008   -2326.919           0.000       0.000              52              -0
  113       -1880.767     -89.103          -0.709      -2.760             113               0
    8        -591.797    1291.666           0.000       0.000               8               0
   20        -451.751    1659.643          -0.144      -0.417              20              -0
  197       -1946.663    -569.908           0.000       0.000             197              -0
  164        -419.660     -60.054           1.270      -3.355             164               0
  217        1855.813    -212.969           0.000       0.000             217               0
  197        -218.293   -1083.912          -5.744       2.382             197              -0
  119       -3386.214    2935.834           0.000       0.000             119              -0
   84       -1560.429    1551.942          -1.926      -2.048              84               0
   19       -1010.969    1186.485           0.000       0.000              19               0
  101        1318.223    -838.173          -0.129      -0.444             101              -0
  152        -332.339    -236.204           0.000       0.000             152              -0
  218         117.913    2889.087           1.505      -3.452             218               0
  252         302.738      49.979           0.000       0.000             252               0
  224        1364.600     692.470          -6.152       2.204             224              -0
   74        -743.699   -1443.294           0.000       0.000              74              -0
   69        -551.536   -2384.924          -0.480      -3.104              69               0
   63       -1599.508     115.826           0.000       0.000              63               0
   87        1652.452     370.926          -0.113      -0.474              87              -0
   16        -240.806    -416.769           0.000       0.000              16              -0
  226        -337.568    -819.079           1.764      -3.559             226               0
  191        -220.537    -935.968           0.000       0.000             191               0
  114       -1041.856     618.459          -6.606       2.007             114              -0
   35        -338.729    -374.377           0.000       0.000              35              -0
  168        1464.544     420.569          -1.233      -2.926             168               0
   92       -1222.026     400.233           0.000       0.000              92               0
   20        -914.965    1865.377          -0.095      -0.508              20              -0
  253        -578.698    1359.777           0.000       0.000             253              -0
   90        -778.076     536.046           2.055      -3.680              90               0
    0       -1510.443   -1130.700           0.000       0.000              -0               0
  118        1293.079    -932.222          -7.114       1.785             118              -0
   30         980.574   -2719.669           0.000       0.000              30              -0
  126        -454.235   -1019.190          -0.195      -3.530             126               0
  197        1121.535     720.672           0.000       0.000             197               0
   74         396.620     891.984          -0.075      -0.545              74              -0
  119        1620.396   -1450.609           0.000       0.000             119              -0
  221       -2363.129     364.108           2.384      -3.816             221               0
   98        -535.486     753.002           0.000       0.000              98               0
  109        -444.483    -262.286          -7.693       1.533             109              -0
   97         222.914    1476.458           0.000       0.000              97              -0
  135       -1305.454    1410.593          -1.551      -3.227             135               0
   36       -1245.656    1108.027           0.000       0.000              36               0
   17         619.205    1496.654          -0.051      -0.589              17              -0
  234        -202.699    -481.854           0.000       0.000             234              -0
  241        -210.829     158.947           2.761      -3.972             241               0
   83        1563.105      89.119           0.000       0.000              83               0
   67         481.505    -499.282          -8.359       1.243              67              -0
   98        -209.167    -226.035           0.000       0.000              98              -0
    3         746.496    -779.457           0.176      -4.084               3               0
   12        1214.415    1209.505           0.000       0.000              12               0
   30        -556.714    -109.567          -0.024      -0.639              30              -0
  126       -1737.031     946.906           0.000       0.000             126              -0
   25        -397.982   -1347.803           3.201      -4.154              25               0
   33        1103.004     630.680           0.000       0.000              33               0
   60       -1366.607   -1988.666          -9.138       0.904              60              -0
  220         472.892    -194.149           0.000       0.000             220              -0
  198       -2148.940    1302.284          -0.856      -4.169             198               0
  149       -2089.526     -54.459           0.000       0.000             149               0
   91        -571.683   -2408.924           0.008      -0.698              91              -0
  251         333.419     755.481           0.000       0.000             251              -0
   86        -592.491    -101.334           3.724      -4.371              86               0
   10       -1371.273    1067.675           0.000       0.000              10               0
   90        1076.789    2466.689         -10.069       0.499              90              -0
  165        -112.671    1099.414           0.000       0.000             165              -0
  224        -297.701     495.779           0.690      -4.854             224               0
   86       -1801.305    -156.927           0.000       0.000              86               0
   74       -1815.639   -2284.328           0.046      -0.769              74              -0
   44       -2627.436     -79.901           0.000       0.000              44              -0
  139        -142.825    1532.884           4.357      -4.633             139               0
  151       -2961.965    1730.782           0.000       0.000             151               0
   34         464.577   -2175.517         -11.203       0.004              34              -0
   33        1795.659    -169.038           0.000       0.000              33              -0
   84        1081.628    1500.715          -1.647      -4.885              84               0
   50       -2189.560     -37.766           0.000       0.000              50               0
  206        -410.914   -1432.283           0.094      -0.857             206              -0
  191         400.351     754.832           0.000       0.000             191              -0
   86         516.081     639.586           5.146      -4.960              86               0
  202        -546.372   -2255.478           0.000       0.000             202               0
   18        -308.008    -461.448         -12.626      -0.615              18               0
  145          68.950    -121.407           0.000       0.000             145              -0
   17         116.726    -134.595           1.469      -6.020              17               0
   28         -48.864    2288.489           0.000       0.000              28               0
  171        -932.671    -894.989           0.155      -0.970             171              -0
  190        -595.905    1527.445           0.000       0.000             190              -0
  179        -990.077    -553.820           6.160      -5.380             179               0
  125       -3778.806   -1035.710           0.000       0.000             125               0
  134         623.795   -1302.722         -14.474      -1.420             134               0
   40          20.482    -622.798           0.000       0.000              40              -0
  184        1234.112    -334.052          -0.042      -6.852             184               0
   50       -2015.186     120.784           0.000       0.000              50               0
   93       -1901.899   -1324.190           0.235      -1.119              93              -0
  132       -1387.136   -1115.987           0.000       0.000             132              -0
  206         451.964   -1293.602           7.520      -5.943             206               0
   66       -1652.176    -218.096           0.000       0.000              66               0
   92       -1752.365     293.831         -16.983      -2.512              92               0
    7         362.653     471.411           0.000       0.000               7              -0
  124       -1097.310      20.482           2.824      -8.048             124               0
  237         393.367    -193.776           0.000       0.000             237               0
  132        -803.691     512.554           0.348      -1.327             132              -0
  118         264.663     796.117           0.000       0.000             118              -0
   22        1399.670     231.269           9.451      -6.743              22               0
  144       -1749.514    -991.115           0.000       0.000             144               0
  233        -303.886   -2497.425         -20.607      -4.091             233               0
  198       -2305.190     283.513           0.000       0.000             198              -0
  103        1056.834   -1152.641          -0.551      -9.966             103               0
  122       -1164.648    -282.347           0.000       0.000             122               0
   75        1497.290     513.890           0.517      -1.640              75              -0
   92        1036.257    1404.074           0.000       0.000              92              -0
   38          60.001   -2076.624          12.424      -7.975              38               0
   71        -176.243   -1244.204           0.000       0.000              71               0
   38        2322.088     815.131         -26.337      -6.586              38               0
  216         965.514     661.851           0.000       0.000             216              -0
  191         779.836    -200.029           5.864     -12.598             191               0
   61         786.054     325.172           0.000       0.000              61               0
  200          67.945    2430.988           0.803      -2.168             200              -0
   86        -524.333   -2719.813           0.000       0.000              86              -0
   92        1609.729    -888.614          17.632     -10.132              92               0
  211         795.580     495.968           0.000       0.000             211               0
  106        -988.828     354.522         -36.837     -11.159             106               0
  210         422.477     287.331           0.000       0.000             210              -0
  162        -535.471     445.707           3.685     -19.139             162               0
  195         652.945    -973.080           0.000       0.000             195               0
   85        1790.455     228.761           1.390      -3.254              85              -0
  213       -1416.775   -1811.274           0.000       0.000             213              -0
   74         612.881    -830.810          29.202     -14.924              74               0
   29         280.975    -135.556           0.000       0.000              29               0
  160       -1745.215     252.896         -62.511     -22.340             160               0
  115        1191.043   -1104.773           0.000       0.000             115              -0
   76         220.592    -947.292          19.573     -33.115              76               0
   12        -173.289    -293.208           0.000       0.000              12               0
  140        -581.066   -1162.957           3.312      -6.810             140              -0
  154       -1121.701    -105.197           0.000       0.000             154              -0
  197        -806.688    -339.759          77.666     -34.999             197               0
  250         123.243     550.570           0.000       0.000             250               0
  244        1784.845    -284.684        -224.755     -92.995             244               0
  224         385.086     519.102           0.000       0.000             224              -0
    9        -702.171    1122.561           0.000       0.000               9               0
