SINAL     NFT                         FFT                         NFT INVERSA     FFT INVERSA
-----     -----------------------     -----------------------     -----------     -----------
  163       65980.000       0.000           0.000       0.000             163               1
  122         223.433   -2442.727         -25.491      46.464             122               0
  149        1663.862     548.834           0.000       0.000             149              -0
   85         129.959    -900.991        -132.137      51.904              85               0
  123       -2916.317    -623.043           0.000       0.000             123               0
  161       -1449.826    -280.200         131.966      62.353             161              -0
   50         270.912    -511.744           0.000       0.000              50              -0
  198        1433.826     391.129         -29.212      39.897             198               0
   24        1076.176     248.587           0.000       0.000              24               0
  114        -887.846    -589.143          -3.084       5.020             114               0
  237         160.805    2036.095           0.000       0.000             237              -0
  250         551.754   -1932.165         -36.714      12.379             250               0
  121         947.494      69.889           0.000       0.000             121               0
   47        1715.774    1307.393          49.563      26.467              47              -0
   85          42.753   -1268.272           0.000       0.000              85              -0
  100         364.334    -338.721          -8.324      20.451             100               0
   37       -1523.597     139.402           0.000       0.000              37               0
  235        -663.219   -1034.532          -1.763       2.578             235               0
  245          22.443    2341.579           0.000       0.000             245              -0
  162         -93.893      61.493         -21.614       6.124             162               0
  242        -697.413   -2394.931           0.000       0.000             242               0
   55       -2167.009      85.835          29.892      17.901              55              -0
  148        -535.896    1098.379           0.000       0.000             148              -0
   19        1385.226    -230.828         -10.068      11.246              19               0
   40        1063.378    1492.413           0.000       0.000              40               0
  241        2386.887     450.399          -1.286       1.695             241               0
  126         486.174    1255.530           0.000       0.000             126              -0
  115         158.240    -201.863         -15.439       3.567             115               0
   50        1226.121    1942.403           0.000       0.000              50               0
    8       -1295.735     935.277          21.037      14.045               8              -0
   40        -453.051   -1197.377           0.000       0.000              40              -0
  184         -41.310   -1622.851          -3.515      10.018             184               0
  147        -316.435   -1245.033           0.000       0.000             147               0
  120       -1563.433     538.666          -1.039       1.239             120               0
  167         478.406    -986.468           0.000       0.000             167              -0
  209          79.618   -1737.384         -12.068       2.170             209               0
  223        -621.284    1869.478           0.000       0.000             223               0
   79         709.225    -224.007          15.981      11.843              79              -0
  170        -228.766    1698.911           0.000       0.000             170              -0
  176         418.158    -997.132          -6.600       6.056             176               0
  195        1294.259   -2061.149           0.000       0.000             195               0
  221        -993.447     488.908          -0.888       0.958             221               0
  247         951.278     341.715           0.000       0.000             247              -0
  190         415.102    1118.781          -9.937       1.288             190               0
   99        -150.498    2104.462           0.000       0.000              99               0
  166        -774.627     374.031          12.699      10.413             166              -0
   46        1935.987    -253.933           0.000       0.000              46              -0
  207        -595.489    2506.020          -3.928       5.957             207               0
   71         235.556     -86.782           0.000       0.000              71               0
  195         752.334    -151.415          -0.785       0.768             195               0
   53        1419.683    -444.213           0.000       0.000              53              -0
  191        -322.298     874.034          -8.461       0.676             191               0
   79        1281.064    -893.036           0.000       0.000              79               0
  221       -1113.179    1339.566          10.387       9.406             221              -0
  224         424.770     941.719           0.000       0.000             224              -0
  171        -313.197    1541.837          -5.127       3.851             171               0
  190         954.101     383.027           0.000       0.000             190               0
  205        -170.470     -85.649          -0.710       0.630             205               0
    2        -496.208    -284.501           0.000       0.000               2              -0
  173        1802.225    -456.903          -7.375       0.226             173               0
  115       -1128.234    -823.055           0.000       0.000             115               0
  110        -105.911    -975.770           8.662       8.656             110              -0
   97         311.451    -143.891           0.000       0.000              97              -0
  252         501.653    -706.691          -2.358       4.757             252               0
  204        1222.223   -1574.322           0.000       0.000             204               0
  119       -3024.533   -1269.678          -0.653       0.524             119               0
  165         816.507    -571.972           0.000       0.000             165              -0
   80         -22.877   -2557.115          -6.538      -0.120              80               0
  168        -520.604   -1993.981           0.000       0.000             168               0
  101        -390.537    2161.574           7.321       8.072             101              -0
  157       -1288.149   -1532.799           0.000       0.000             157              -0
  216       -1647.398    1431.721          -4.299       2.613             216               0
   90         720.179    2806.834           0.000       0.000              90               0
   60        1128.288    1173.213          -0.608       0.441              60               0
  201        -672.037    1878.070           0.000       0.000             201              -0
   90        -523.879   -1142.525          -5.870      -0.397              90               0
   89        -209.596    2305.781           0.000       0.000              89               0
  175       -1375.122     940.230           6.244       7.603             175              -0
  232           7.477    1029.880           0.000       0.000             232              -0
  147        -356.192     618.198          -3.061       3.098             147               0
  133        -548.770     566.972           0.000       0.000             133               0
  246       -1633.253    -277.189          -0.571       0.373             246               0
  111         590.813    -768.648           0.000       0.000             111              -0
  239        1703.120    -171.979          -5.323      -0.623             239               0
  239       -2592.361     -18.402           0.000       0.000             239               0
  213        2157.488    1224.138           5.356       7.216             213              -0
   56         540.738     -28.990           0.000       0.000              56              -0
   59         133.529   -1846.099          -3.761       1.807              59               0
  159       -1272.980    -701.466           0.000       0.000             159               0
  173         887.779     282.546          -0.541       0.316             173               0
   78        1118.436    -815.584           0.000       0.000              78              -0
  252        -704.601    -126.575          -4.865      -0.813             252               0
   87        -766.945    1706.201           0.000       0.000              87               0
   33        -367.762    -159.656           4.607       6.890              33              -0
  101        1287.816   -1412.635           0.000       0.000             101              -0
  150        -977.975     635.584          -2.432       2.717             150               0
    4        1554.267    -745.799           0.000       0.000               4               0
    8        2192.234    1262.352          -0.514       0.268               8               0
   39        2077.601    1618.237           0.000       0.000              39              -0
  234         223.989    -396.677          -4.473      -0.976             234               0
   24         233.819    -141.693           0.000       0.000              24               0
   55       -1228.006    1339.123           3.965       6.610              55              -0
   87         996.522    -400.028           0.000       0.000              87              -0
   94         451.461     965.066          -3.376       1.232              94               0
  246        -328.169     336.491           0.000       0.000             246               0
  231        -500.487   -1860.962          -0.492       0.226             231               0
   72       -2202.265   -1284.710           0.000       0.000              72              -0
  155        -273.457    -377.425          -4.133      -1.116             155               0
  221        -274.362    1148.651           0.000       0.000             221               0
  111         665.895   -1895.276           3.406       6.367             111              -0
   69         -40.116     431.635           0.000       0.000              69              -0
  134       -1958.072    1514.667          -2.669       1.807             134               0
   29        -803.311   -1167.203           0.000       0.000              29               0
  244         290.780   -1244.915          -0.472       0.190             244               0
   72        2207.726    1290.230           0.000       0.000              72              -0
   89         334.934    -582.693          -3.834      -1.240              89               0
   71       -2049.274     584.863           0.000       0.000              71               0
  100         126.974    1686.238           2.912       6.152             100              -0
   28         382.647   -1105.531           0.000       0.000              28              -0
  215        -920.822    -373.491          -3.083       0.792             215               0
  133         -25.650    -287.650           0.000       0.000             133               0
  123       -1597.841   -1451.473          -0.455       0.157             123               0
   14        1052.015      -7.497           0.000       0.000              14              -0
  162        -809.888    -209.143          -3.567      -1.351             162               0
   22         582.696     399.574           0.000       0.000              22               0
   81       -1055.871     393.405           2.471       5.959              81              -0
  135       -2769.916    -706.148           0.000       0.000             135              -0
  103         388.965    1245.183          -2.074       1.950             103               0
    6       -1741.981     187.800           0.000       0.000               6               0
   61         376.624    -264.570          -0.439       0.128              61               0
  158        1263.281     246.286           0.000       0.000             158              -0
  237       -1658.208     376.527          -3.327      -1.450             237               0
  149       -2307.343    1437.770           0.000       0.000             149               0
  201        -572.726    -835.586           2.073       5.786             201              -0
    3        -496.961   -2006.590           0.000       0.000               3              -0
  128       -1125.036   -1635.465          -2.848       0.440             128               0
  212        1627.071    1009.566           0.000       0.000             212               0
  163         685.515   -1002.221          -0.425       0.101             163               0
  221          92.382     347.671           0.000       0.000             221              -0
  204         297.997     246.483          -3.108      -1.541             204               0
  111        2399.779     483.491           0.000       0.000             111               0
   51       -1962.991     552.375           1.710       5.628              51              -0
  121        -411.099     950.616           0.000       0.000             121              -0
  239       -1526.071    -389.464          -2.432       1.025             239               0
    9         601.481     704.993           0.000       0.000               9               0
   85        1908.237    -455.185          -0.411       0.077              85               0
  177        2359.584    -561.134           0.000       0.000             177              -0
  178         168.446   -1489.468          -2.908      -1.624             178               0
  159        -405.068   -2322.276           0.000       0.000             159               0
  207        -768.708    -623.172           1.375       5.482             207              -0
   48        -362.367    2113.836           0.000       0.000              48              -0
  126        1913.423   -1567.347          -2.651       0.147             126               0
    9        -731.728   -1219.656           0.000       0.000               9               0
  154         364.598    1206.896          -0.399       0.055             154               0
  239       -1148.916   -1790.473           0.000       0.000             239              -0
  146       -2728.010   -1191.063          -2.723      -1.701             146               0
  213         405.526   -2650.831           0.000       0.000             213               0
  197        2276.416     173.647           1.066       5.347             197              -0
   69         395.183    1645.247           0.000       0.000              69              -0
   12        -576.900   -2990.469          -2.185       1.050              12               0
  248        -198.749     896.975           0.000       0.000             248               0
  201         672.076      35.661          -0.388       0.034             201               0
  243          13.619    1014.959           0.000       0.000             243              -0
   75        1156.098   -2792.062          -2.550      -1.772              75               0
   15        -534.581     312.444           0.000       0.000              15               0
  209        -271.718    -859.300           0.777       5.221             209              -0
  175         542.058    -385.679           0.000       0.000             175              -0
   78         392.705   -1852.989          -2.482      -0.107              78               0
  125         630.890     211.404           0.000       0.000             125               0
  143       -1397.556    1771.601          -0.377       0.014             143               0
  225          61.598     455.857           0.000       0.000             225              -0
   78        -479.658    1029.039          -2.387      -1.840              78               0
   15         837.542    -340.063           0.000       0.000              15               0
   79        -348.859    -757.331           0.505       5.103              79              -0
   31       -1152.264     197.803           0.000       0.000              31              -0
   36        -581.813   -2620.766          -2.262       0.464              36               0
   60         187.313    2344.703           0.000       0.000              60               0
  253         286.950   -1121.972          -0.368      -0.004             253               0
   28       -2154.208    -544.128           0.000       0.000              28              -0
  163        2606.341    2334.082          -2.234      -1.903             163               0
  227         923.824     371.374           0.000       0.000             227               0
  108         249.573     537.652           0.247       4.991             108              -0
  157         -42.783     174.828           0.000       0.000             157              -0
  246       -1880.820    -572.287          -2.332      -0.331             246               0
  221        -241.174   -2375.045           0.000       0.000             221               0
  250        1750.752     756.897          -0.358      -0.022             250               0
   62        1564.026     754.289           0.000       0.000              62              -0
  225       -1950.977   -2238.519          -2.088      -1.964             225               0
  124         -80.303    -820.056           0.000       0.000             124               0
   55         480.838    -293.794           0.002       4.884              55              -0
  115         982.246    -695.656           0.000       0.000             115              -0
  237        -394.980    -199.940          -2.058       0.694             237               0
  250         619.871    -804.165           0.000       0.000             250               0
  217        -800.300    -214.272          -0.349      -0.038             217              -0
  239         866.657    1055.403           0.000       0.000             239              -0
    5       -1210.319     210.056          -1.948      -2.021               5               0
  166        1471.984    3068.562           0.000       0.000             166               0
  224        -888.942   -2515.449          -0.233       4.782             224              -0
  220         767.535    1602.155           0.000       0.000             220              -0
  107         554.274    1472.483          -2.196      -0.536             107               0
  198         485.897    1010.487           0.000       0.000             198               0
  251         924.181    1460.366          -0.340      -0.054             251              -0
    5         590.108     430.568           0.000       0.000               5              -0
  120        1152.736     813.685          -1.814      -2.077             120               0
   49        1397.503     463.902           0.000       0.000              49               0
  155          38.773    1261.779          -0.459       4.683             155              -0
  251        -455.064    1783.660           0.000       0.000             251              -0
  107         320.227    2552.451          -2.125       0.013             107               0
  190         915.815    1494.753           0.000       0.000             190               0
  211        -908.683    -939.048          -0.332      -0.070             211              -0
  145       -1051.603     275.516           0.000       0.000             145              -0
  193        -276.096    -282.289          -1.684      -2.131             193               0
   69       -1557.816   -2811.331           0.000       0.000              69               0
   36        -260.533   -1042.649          -0.679       4.588              36              -0
  253         496.151   -1423.748           0.000       0.000             253              -0
   10         937.285    -840.451          -2.069      -0.726              10               0
   59        1654.306    1684.416           0.000       0.000              59               0
  245         929.827       1.777          -0.324      -0.085             245              -0
   43        -935.394     128.791           0.000       0.000              43              -0
  100        -757.772    -899.683          -1.558      -2.183             100               0
   98        1031.850   -1316.184           0.000       0.000              98               0
  170        -223.973    -105.693          -0.892       4.495             170              -0
   11         490.958    1364.854           0.000       0.000              11              -0
  227       -1307.052    -445.423          -2.046       0.113             227               0
  110        -570.909     101.671           0.000       0.000             110               0
   80         395.470   -1228.132          -0.316      -0.100              80              -0
  195        1273.544    2505.637           0.000       0.000             195              -0
  199         118.261     340.644          -1.434      -2.234             199               0
   68        1892.412   -2687.702           0.000       0.000              68               0
  171         784.539    1745.983          -1.101       4.404             171              -0
  161        1200.218   -1549.100           0.000       0.000             161              -0
   37         355.420     376.396          -1.948      -0.907              37               0
  116        1262.401   -1041.411           0.000       0.000             116               0
   32         121.457    -887.705          -0.308      -0.114              32              -0
  236        1374.313    -549.761           0.000       0.000             236              -0
  220        -185.088    -444.502          -1.313      -2.285             220               0
  114        -264.237    -600.473           0.000       0.000             114               0
  187        2579.802    -150.517          -1.307       4.314             187              -0
   92       -1120.620    1088.955           0.000       0.000              92              -0
   73         466.763      -4.324          -2.004      -0.386              73               0
  233         750.611    3191.760           0.000       0.000             233               0
  166        2267.495    -749.545          -0.300      -0.128             166              -0
  121       -1161.125    1932.682           0.000       0.000             121              -0
  138          57.970   -1865.927          -1.193      -2.334             138               0
   15        -580.177     110.626           0.000       0.000              15               0
  212       -2197.570    -793.577          -1.510       4.226             212              -0
  141         312.522     492.913           0.000       0.000             141              -0
  185       -1122.910     189.841          -1.831      -1.082             185               0
  185        -345.255    1752.158           0.000       0.000             185               0
  184        -255.024     463.592          -0.293      -0.142             184              -0
   54         767.988     523.142           0.000       0.000              54              -0
  154       -1632.144    -581.237          -1.074      -2.384             154               0
  124        -590.855     -27.929           0.000       0.000             124               0
  135        -447.162    -412.563          -1.712       4.138             135              -0
   57        1795.883   -2357.031           0.000       0.000              57              -0
  210         690.756    -534.096           0.000       0.000             210               0
  246       -5020.000      -0.697           0.000       0.000             246               0
   44         691.169     534.614          -0.285      -0.156              44              -0
  193        1795.126    2357.598           0.000       0.000             193              -0
  114        -447.513     412.094          -0.956      -2.433             114               0
   55        -590.979      27.497           0.000       0.000              55               0
   78       -1632.198     580.400          -1.914       4.050              78              -0
   49         768.328    -523.212           0.000       0.000              49              -0
   26        -254.901    -463.952          -1.715      -1.255              26               0
  145        -344.703   -1752.333           0.000       0.000             145               0
   67       -1122.762    -190.105          -0.278      -0.170              67              -0
  171         312.711    -492.680           0.000       0.000             171              -0
  154       -2197.701     792.898          -0.837      -2.482             154               0
  199        -579.706    -110.826           0.000       0.000             199               0
   86          57.704    1865.660          -2.116       3.962              86              -0
  197       -1159.933   -1933.368           0.000       0.000             197              -0
   97        2267.698     750.057          -1.888      -0.768              97               0
  155         751.766   -3191.575           0.000       0.000             155               0
   10         466.800       4.733          -0.270      -0.185              10              -0
  246       -1119.938   -1089.094           0.000       0.000             246              -0
    3        2579.965     151.716          -0.717      -2.531               3               0
   53        -264.481     600.604           0.000       0.000              53               0
  254        -185.007     444.576          -2.319       3.873             254              -0
  174        1374.308     550.334           0.000       0.000             174              -0
  158         121.282     887.787          -1.598      -1.430             158               0
    4        1262.168    1041.704           0.000       0.000               4               0
  243         355.624    -376.352          -0.262      -0.199             243              -0
   39        1199.779    1549.320           0.000       0.000              39              -0
  181         785.157   -1745.751          -0.596      -2.581             181               0
    0        1891.377    2688.243           0.000       0.000              -0               0
   99         118.171    -341.117          -2.526       3.783              99              -0
   32        1274.170   -2505.226           0.000       0.000              32              -0
  238         394.684    1228.408          -1.929      -0.677             238               0
  121        -571.188    -101.946           0.000       0.000             121               0
  239       -1307.218     444.842          -0.254      -0.213             239              -0
  153         491.491   -1364.698           0.000       0.000             153              -0
    5        -223.972     105.854          -0.473      -2.632               5               0
   66        1031.335    1316.594           0.000       0.000              66               0
  192        -758.197     899.235          -2.736       3.692             192              -0
  188        -935.153    -129.328           0.000       0.000             188              -0
  197         930.108      -1.662          -1.478      -1.610             197               0
  180        1654.871   -1683.774           0.000       0.000             180               0
  126         936.768     841.062          -0.246      -0.228             126              -0
   32         495.339    1423.982           0.000       0.000              32              -0
   24        -261.251    1042.523          -0.348      -2.684              24               0
   52       -1558.901    2810.430           0.000       0.000              52               0
  103        -276.180     281.529          -2.951       3.598             103              -0
  249       -1051.451    -276.376           0.000       0.000             249              -0
  192        -908.698     938.091          -1.767      -1.165             192               0
   46         916.573   -1495.205           0.000       0.000              46               0
  159         321.138   -2552.737          -0.238      -0.243             159              -0
  152        -454.327   -1783.888           0.000       0.000             152              -0
  199          39.508   -1261.720          -0.219      -2.738             199               0
  186        1397.887    -463.422           0.000       0.000             186               0
  108        1153.019    -813.339          -3.172       3.502             108              -0
  240         590.217    -430.465           0.000       0.000             240              -0
  203         924.600   -1460.119          -1.351      -1.799             203               0
  114         486.120   -1010.281           0.000       0.000             114               0
  169         554.653   -1472.163          -0.230      -0.259             169              -0
   51         767.848   -1601.455           0.000       0.000              51              -0
  142        -889.872    2515.209          -0.086      -2.793             142               0
   22        1472.877   -3068.106           0.000       0.000              22               0
  155       -1210.388    -210.110          -3.400       3.403             155              -0
    2         866.960   -1054.742           0.000       0.000               2              -0
  138        -800.425     214.461          -1.936      -0.960             138               0
   27         619.609     804.668           0.000       0.000              27               0
  119        -395.031     200.028          -0.221      -0.275             119              -0
  105         982.014     696.180           0.000       0.000             105              -0
  180         480.556     294.134           0.052      -2.850             180               0
   10         -80.818     820.237           0.000       0.000              10               0
    1       -1951.600    2237.740          -3.637       3.299               1              -0
  223        1564.537    -753.997           0.000       0.000             223              -0
   85        1750.777    -756.117          -1.216      -2.001              85               0
   15        -242.393    2375.010           0.000       0.000              15               0
   89       -1881.084     571.330          -0.212      -0.292              89              -0
   45         -42.526    -175.140           0.000       0.000              45              -0
  184         249.921    -537.770           0.197      -2.910             184               0
  169         924.067    -371.254           0.000       0.000             169               0
  165        2606.753   -2333.082          -3.885       3.191             165              -0
  107       -2154.750     543.750           0.000       0.000             107              -0
  206         286.558    1122.028          -1.632      -1.612             206               0
  112         187.920   -2344.421           0.000       0.000             112               0
  244        -582.883    2620.810          -0.202      -0.310             244              -0
   95       -1152.201    -198.283           0.000       0.000              95              -0
  197        -348.946     757.159           0.348      -2.973             197               0
   57         837.445     340.123           0.000       0.000              57               0
   35        -479.386   -1029.336          -4.146       3.078              35              -0
   60          61.695    -455.849           0.000       0.000              60              -0
  239       -1396.851   -1771.845          -1.068      -2.223             239               0
  212         631.183    -210.668           0.000       0.000             212               0
   85         392.148    1853.414          -0.192      -0.329              85              -0
  253         541.889     385.933           0.000       0.000             253              -0
   89        -272.060     859.257           0.508      -3.039              89               0
  174        -534.343    -312.453           0.000       0.000             174               0
  228        1155.240    2792.373          -4.422       2.957             228              -0
   65          13.915   -1015.202           0.000       0.000              65              -0
   68         672.013     -35.409          -1.791      -1.604              68               0
   41        -198.568    -896.762           0.000       0.000              41               0
   10        -577.845    2990.288          -0.181      -0.348              10              -0
  147         395.916   -1645.225           0.000       0.000             147              -0
  169        2276.314    -172.471           0.678      -3.109             169               0
   16         404.049    2651.176           0.000       0.000              16               0
  155       -2728.676    1190.032          -4.716       2.829             155              -0
  152       -1149.282    1789.762           0.000       0.000             152              -0
  130         365.195   -1206.962          -0.902      -2.472             130               0
   19        -731.902    1219.433           0.000       0.000              19               0
   46        1912.969    1567.633          -0.170      -0.370              46              -0
  148        -361.834   -2114.087           0.000       0.000             148              -0
  201        -768.879     623.214           0.860      -3.185             201               0
   84        -405.615    2322.149           0.000       0.000              84               0
  175         168.321    1489.179          -5.032       2.692             175              -0
   66        2359.562     561.503           0.000       0.000              66              -0
  130        1907.791     455.380          -1.465      -2.163             130               0
  214         601.183    -705.126           0.000       0.000             214               0
  208       -1526.530     388.654          -0.158      -0.392             208              -0
   23        -410.879    -951.032           0.000       0.000              23              -0
  199       -1962.560    -553.145           1.057      -3.266             199               0
   21        2400.133    -482.731           0.000       0.000              21               0
   13         297.888    -246.378          -5.373       2.544              13              -0
   45          92.398    -347.548           0.000       0.000              45              -0
  138         685.083    1002.440          -0.709      -2.760             138               0
   49        1626.994   -1008.938           0.000       0.000              49               0
  132       -1126.072    1635.253          -0.144      -0.417             132              -0
  189        -497.929    2006.175           0.000       0.000             189              -0
   16        -573.359     834.832           1.270      -3.355              16               0
   83       -2307.014   -1438.935           0.000       0.000              83               0
  207       -1657.800    -377.203          -5.744       2.382             207              -0
  206        1263.528    -245.950           0.000       0.000             206              -0
   74         376.274     264.558          -1.926      -2.048              74               0
  133       -1742.057    -188.601           0.000       0.000             133               0
  140         389.234   -1245.075          -0.129      -0.444             140              -0
   19       -2770.192     705.230           0.000       0.000              19              -0
  216       -1055.368    -393.858           1.505      -3.452             216               0
   47         583.050    -399.351           0.000       0.000              47               0
   64        -809.804     208.932          -6.152       2.204              64              -0
  112        1052.029       7.943           0.000       0.000             112              -0
  242       -1598.330    1450.901          -0.480      -3.104             242               0
   25         -25.597     287.442           0.000       0.000              25               0
   75        -920.769     373.016          -0.113      -0.474              75              -0
   31         382.461    1105.278           0.000       0.000              31              -0
  124         127.511   -1686.500           1.764      -3.559             124               0
  118       -2048.861    -585.513           0.000       0.000             118               0
    9         335.240     582.739          -6.606       2.007               9              -0
  232        2208.257   -1289.449           0.000       0.000             232              -0
  179         290.094    1245.116          -1.233      -2.926             179               0
   66        -803.920    1166.644           0.000       0.000              66               0
  192       -1957.447   -1515.522          -0.095      -0.508             192              -0
   38         -39.649    -431.474           0.000       0.000              38              -0
   68         665.369    1895.423           2.055      -3.680              68               0
   88        -274.004   -1148.884           0.000       0.000              88               0
   83        -273.655     377.453          -7.114       1.785              83              -0
   25       -2202.538    1283.962           0.000       0.000              25              -0
  120        -500.684    1860.419          -0.195      -3.530             120               0
   11        -327.625    -337.125           0.000       0.000              11               0
   81         452.179    -965.182          -0.075      -0.545              81              -0
   89         996.542     400.105           0.000       0.000              89              -0
    3       -1227.330   -1339.726           2.384      -3.816               3               0
  163         234.225     141.709           0.000       0.000             163               0
  136         224.367     396.466          -7.693       1.533             136              -0
  192        2078.541   -1617.762           0.000       0.000             192              -0
   75        2192.679   -1261.478          -1.551      -3.227              75               0
    3        1553.714     746.418           0.000       0.000               3               0
  227        -977.919    -635.850          -0.051      -0.589             227              -0
   78        1287.259    1413.034           0.000       0.000              78              -0
   10        -368.036     159.215           2.761      -3.972              10               0
   88        -766.405   -1706.527           0.000       0.000              88               0
  249        -704.436     126.513          -8.359       1.243             249              -0
  113        1118.329     815.956           0.000       0.000             113              -0
  101         887.727    -282.265           0.176      -4.084             101               0
  181       -1273.248     701.098           0.000       0.000             181               0
   57         133.110    1845.901          -0.024      -0.639              57              -0
  205         540.888      28.697           0.000       0.000             205              -0
  233        2157.651   -1223.652           3.201      -4.154             233               0
  128       -2592.460      17.477           0.000       0.000             128               0
  131        1703.180     172.450          -9.138       0.904             131              -0
   56         590.229     768.620           0.000       0.000              56              -0
  189       -1633.539     276.245          -0.856      -4.169             189               0
  182        -548.524    -567.555           0.000       0.000             182               0
  184        -355.927    -618.658           0.008      -0.698             184              -0
   82           7.787   -1030.160           0.000       0.000              82              -0
   91       -1374.756    -940.929           3.724      -4.371              91               0
  124        -208.653   -2305.805           0.000       0.000             124               0
  245        -524.115    1142.304         -10.069       0.499             245              -0
  209        -671.124   -1878.524           0.000       0.000             209              -0
   31        1128.864   -1172.888           0.690      -4.854              31               0
  177         720.933   -2806.372           0.000       0.000             177               0
  158       -1647.048   -1431.621           0.046      -0.769             158              -0
   80       -1288.463    1532.771           0.000       0.000              80              -0
  113        -389.538   -2161.214           4.357      -4.633             113               0
  137        -520.993    1994.499           0.000       0.000             137               0
  237         -23.444    2557.259         -11.203       0.004             237              -0
   79         816.336     572.224           0.000       0.000              79              -0
   51       -3024.648    1268.693          -1.647      -4.885              51               0
  180        1222.261    1574.578           0.000       0.000             180               0
  174         501.658     706.588           0.094      -0.857             174              -0
  234         311.561     143.819           0.000       0.000             234              -0
   95        -106.106     975.567           5.146      -4.960              95               0
  221       -1128.133     822.380           0.000       0.000             221               0
  168        1802.358     457.145         -12.626      -0.615             168               0
  236        -496.205     283.944           0.000       0.000             236              -0
   76        -170.201      85.155           1.469      -6.020              76               0
   82         954.433    -383.182           0.000       0.000              82               0
  125        -312.532   -1542.258           0.155      -0.970             125              -0
   10         425.246    -941.700           0.000       0.000              10              -0
   27       -1112.413   -1339.868           6.160      -5.380              27               0
  241        1281.110     893.460           0.000       0.000             241               0
   18        -321.716    -874.237         -14.474      -1.420              18               0
   97        1419.811     444.631           0.000       0.000              97              -0
  143         752.347     151.448          -0.042      -6.852             143               0
  218         235.565      86.474           0.000       0.000             218               0
   58        -594.410   -2506.358           0.235      -1.119              58              -0
  134        1936.007     254.620           0.000       0.000             134              -0
  225        -774.522    -374.501           7.520      -5.943             225               0
   58        -149.570   -2104.550           0.000       0.000              58               0
  226         415.718   -1118.382         -16.983      -2.512             226               0
  181         951.462    -341.100           0.000       0.000             181              -0
  233        -993.105    -488.849           2.824      -8.048             233               0
  181        1293.802    2061.765           0.000       0.000             181               0
    1         417.842     996.980           0.348      -1.327               1              -0
  235        -228.106   -1699.123           0.000       0.000             235              -0
  205         709.204     224.279           9.451      -6.743             205               0
  130        -620.603   -1869.429           0.000       0.000             130               0
   79          79.197    1737.731         -20.607      -4.091              79               0
    1         478.079     986.554           0.000       0.000               1              -0
   84       -1563.142    -539.166          -0.551      -9.966              84               0
   46        -316.514    1245.023           0.000       0.000              46               0
  103         -41.568    1622.641           0.517      -1.640             103              -0
  126        -453.177    1196.700           0.000       0.000             126              -0
   93       -1294.883    -936.274          12.424      -7.975              93               0
  189        1227.336   -1942.169           0.000       0.000             189               0
   17         158.594     201.829         -26.337      -6.586              17               0
  204         487.138   -1255.489           0.000       0.000             204              -0
   29        2387.363    -449.636           5.864     -12.598              29               0
  115        1063.918   -1491.961           0.000       0.000             115               0
  182        1385.003     231.427           0.803      -2.168             182              -0
  248        -535.777   -1098.401           0.000       0.000             248              -0
  204       -2166.851     -86.190          17.632     -10.132             204               0
   11        -697.755    2394.712           0.000       0.000              11               0
    7         -93.422     -61.897         -36.837     -11.159               7               0
  112          23.593   -2341.521           0.000       0.000             112              -0
   16        -663.193    1034.532           3.685     -19.139              16               0
  197       -1522.887    -139.867           0.000       0.000             197               0
  154         365.040     338.935           1.390      -3.254             154              -0
   58          43.156    1268.138           0.000       0.000              58              -0
  226        1716.936   -1306.933          29.202     -14.924             226               0
    9         948.024     -69.396           0.000       0.000               9               0
  239         551.597    1932.183         -62.511     -22.340             239               0
  105         162.017   -2036.183           0.000       0.000             105              -0
  155        -887.228     588.945          19.573     -33.115             155               0
   52        1077.243    -248.245           0.000       0.000              52               0
  101        1434.739    -390.547           3.312      -6.810             101              -0
  170         271.443     511.945           0.000       0.000             170              -0
  135       -1448.898     279.766          77.666     -34.999             135               0
   36       -2914.597     622.090           0.000       0.000              36               0
  226         132.510     900.914        -224.755     -92.995             226               0
  224        1667.729    -548.290           0.000       0.000             224              -0
   82         229.574    2442.605           0.000       0.000              82               0
