SINAL     NFT                         FFT                         NFT INVERSA     FFT INVERSA
-----     -----------------------     -----------------------     -----------     -----------
    0       66333.000       0.000           0.000       0.000               0               0
  218        -652.494     220.812           0.000      -0.000             218               0
   61        3312.392     105.540           0.000       0.000              61               0
  158        -980.551    1766.675           0.000      -0.000             158               0
  162         830.962     630.164           0.000       0.000             162               0
  194       -1035.530   -1042.863           0.000      -0.000             194               0
  105         380.433      32.737           0.000       0.000             105               0
   24        1358.946     630.548           0.000      -0.000              24               0
  176       -1228.583    1093.584           0.000       0.000             176               0
  200       -1420.016     871.053           0.000      -0.000             200               0
  145         725.849     261.157           0.000       0.000             145               0
   33         -89.066    -804.190           0.000      -0.000              33               0
  187         400.945    2907.225           0.000       0.000             187               0
  142        -614.584    -828.675           0.000      -0.000             142               0
  126        2270.401   -1832.214           0.000       0.000             126               0
  190         470.503    1264.379           0.000      -0.000             190               0
   34        -956.333   -1393.105           0.000       0.000              34               0
   66        -167.641    -234.625           0.000      -0.000              66               0
  136         885.904   -1469.211           0.000       0.000             136               0
  251         925.356     885.226           0.000      -0.000             251               0
  100         -30.357   -1801.171           0.000       0.000             100               0
  118         872.072    -879.165           0.000      -0.000             118               0
    6       -1000.438     234.291           0.000       0.000               6               0
   55       -1520.374     -88.096           0.000      -0.000              55               0
   32         -48.235     -67.775           0.000       0.000              32               0
   10        1559.643     533.313           0.000      -0.000              10               0
  128        -972.237    1315.000           0.000       0.000             128               0
  244         771.837    1039.145           0.000      -0.000             244               0
  107        -642.849     604.671           0.000       0.000             107               0
   86       -1009.352    1141.899           0.000      -0.000              86               0
  181        -399.113    2242.934           0.000       0.000             181               0
  244         515.237    -664.288           0.000      -0.000             244               0
  196        1653.433    2828.623           0.000       0.000             196               0
  231        1131.359   -1623.492           0.000      -0.000             231               0
  252         702.121     113.465           0.000       0.000             252               0
   89         579.785   -3047.248           0.000      -0.000              89               0
  177         508.263   -1781.554           0.000       0.000             177               0
   92        -577.623    1383.191           0.000      -0.000              92               0
  216       -1756.158     358.233           0.000       0.000             216               0
   40         320.523    1790.115           0.000      -0.000              40               0
   46        -512.563    -251.889           0.000       0.000              46               0
   36        -393.313   -1240.262           0.000      -0.000              36               0
  251        -724.763    1054.338           0.000       0.000             251               0
   39         332.984    1132.624           0.000      -0.000              39               0
   85       -3517.248     -25.245           0.000       0.000              85               0
  245        1516.782    1952.520           0.000      -0.000             245               0
  245         957.713    -600.667           0.000       0.000             245               0
   20        -329.265    1290.354           0.000      -0.000              20               0
  253       -1378.500   -1454.379           0.000       0.000             253               0
   65        -114.768     111.139           0.000      -0.000              65               0
  171         227.882    -145.303           0.000       0.000             171               0
   80        -507.542     205.239           0.000      -0.000              80               0
   70       -1252.906     921.900           0.000       0.000              70               0
  165        1225.022    -884.550           0.000      -0.000             165               0
   69         443.499     424.874           0.000       0.000              69               0
  178        -786.840       7.314           0.000      -0.000             178               0
   68        -833.774    1125.138           0.000       0.000              68               0
    6       -1194.965   -1334.106           0.000      -0.000               6               0
  137        -548.372   -2059.404           0.000       0.000             137               0
   87        2832.999    -109.143           0.000      -0.000              87               0
  183       -1625.683    -587.872           0.000       0.000             183               0
  152          97.228   -2109.697           0.000      -0.000             152               0
  186         944.884    -280.601           0.000       0.000             186               0
   20       -1236.363     209.952           0.000      -0.000              20               0
  145       -2059.756     537.375           0.000       0.000             145               0
  172         831.290   -2127.327           0.000      -0.000             172               0
  136         517.976    -785.956           0.000       0.000             136               0
  128        1246.592     750.536           0.000      -0.000             128               0
   65         561.076    1862.624           0.000       0.000              65               0
   24        -282.399      71.124           0.000      -0.000              24               0
  105        -558.532    1472.916           0.000       0.000             105               0
   24       -3180.993    -613.748           0.000      -0.000              24               0
   98         749.952    1749.933           0.000       0.000              98               0
  127          91.577     392.321           0.000      -0.000             127               0
   94       -1064.215   -1244.663           0.000       0.000              94               0
   60        -343.801     554.012           0.000      -0.000              60               0
  247         448.096     400.071           0.000       0.000             247               0
  225        1970.126    1007.473           0.000      -0.000             225               0
  233         310.607   -1667.786           0.000       0.000             233               0
  234        1185.261    1417.036           0.000      -0.000             234               0
  217        1017.175     785.387           0.000       0.000             217               0
   12        -571.408    -852.587           0.000      -0.000              12               0
   77       -1322.494   -1265.939           0.000       0.000              77               0
  147       -1349.651     727.577           0.000      -0.000             147               0
   14        -486.390    1733.735           0.000       0.000              14               0
  242        1117.434    -460.984           0.000      -0.000             242               0
  108        -707.296   -1039.843           0.000       0.000             108               0
   12       -3071.353   -2731.166           0.000      -0.000              12               0
   23        -994.069   -1381.085           0.000       0.000              23               0
  231        -512.519     171.524           0.000      -0.000             231               0
  187       -1012.683     740.421           0.000       0.000             187               0
  161          37.266     814.533           0.000      -0.000             161               0
   57         580.205    -797.182           0.000       0.000              57               0
   46        -468.744    1219.877           0.000      -0.000              46               0
  118       -1078.179   -1475.533           0.000       0.000             118               0
   61         829.570     547.823           0.000      -0.000              61               0
  244        1325.235     381.459           0.000       0.000             244               0
   21        -835.195   -2341.760           0.000      -0.000              21               0
   70        2070.310    1459.739           0.000       0.000              70               0
  176        1839.835    1246.437           0.000      -0.000             176               0
   84        -729.247     356.804           0.000       0.000              84               0
  111       -1343.092    1706.054           0.000      -0.000             111               0
  218        -280.448    1266.588           0.000       0.000             218               0
  140        2034.085    -669.201           0.000      -0.000             140               0
   68        -786.143   -1496.842           0.000       0.000              68               0
  236         -48.818     127.056           0.000      -0.000             236               0
  146         -16.416     812.317           0.000       0.000             146               0
   57         655.976    1138.212           0.000      -0.000              57               0
  106        2943.575    1120.145           0.000       0.000             106               0
  233         993.574    1160.989           0.000      -0.000             233               0
  123         -61.144     461.800           0.000       0.000             123               0
   16         142.868    1659.052           0.000      -0.000              16               0
  116         801.713     773.899           0.000       0.000             116               0
  189        1581.183    -159.286           0.000      -0.000             189               0
  224       -1389.005    -545.251           0.000       0.000             224               0
  163         -60.678    -868.769           0.000      -0.000             163               0
   25        1111.477   -1062.550           0.000       0.000              25               0
   21         365.254    -531.006           0.000      -0.000              21               0
  205         968.885    1362.881           0.000       0.000             205               0
  146       -1185.259     612.594           0.000      -0.000             146               0
  152          19.839    -101.977           0.000       0.000             152               0
  177         624.702     520.703           0.000      -0.000             177               0
   25       -1145.448    1854.258           0.000       0.000              25               0
   93       -1754.388   -1993.445           0.000      -0.000              93               0
  136        -851.072   -1066.077           0.000       0.000             136               0
   69        -377.192    -124.852           0.000      -0.000              69               0
  158         631.090    -732.966           0.000       0.000             158               0
  228        -206.584   -3798.896           0.000      -0.000             228               0
    7        -189.992     159.111           0.000       0.000               7               0
  237        1553.273   -1143.158           0.000      -0.000             237               0
   17        -587.019    3661.106           0.000       0.000              17               0
   13         387.679     577.518           0.000      -0.000              13               0
  168         134.610     749.859           0.000       0.000             168               0
  207        -588.334      80.955           0.000      -0.000             207               0
  232          61.326     182.653           0.000       0.000             232               0
  142        2916.940   -1086.857           0.000      -0.000             142               0
   44        -959.140    -471.189           0.000       0.000              44               0
   29        1956.561   -1365.476           0.000      -0.000              29               0
   47          -2.396    -974.725           0.000       0.000              47               0
  172       -1590.583     466.405           0.000      -0.000             172               0
   67         617.172   -1169.772           0.000       0.000              67               0
  203       -1632.156     362.540           0.000      -0.000             203               0
   59       -2675.454   -2628.586           0.000       0.000              59               0
   69        1634.095    -249.656           0.000      -0.000              69               0
  237          74.686     221.195           0.000       0.000             237               0
  100        -803.760    2195.038           0.000      -0.000             100               0
  242        -362.531     701.657           0.000       0.000             242               0
  165        -342.484     657.657           0.000      -0.000             165               0
   40        -825.153     793.582           0.000       0.000              40               0
  149        -347.280     693.496           0.000      -0.000             149               0
  167        1380.237    -618.536           0.000       0.000             167               0
  157        -763.419    -349.183           0.000      -0.000             157               0
   39       -3586.128    -337.337           0.000       0.000              39               0
  119       -1109.559      44.363           0.000      -0.000             119               0
  209        -152.886     689.596           0.000       0.000             209               0
  221       -1023.158     340.262           0.000      -0.000             221               0
  194        1116.654     -89.809           0.000       0.000             194               0
  137       -1158.516   -1423.696           0.000      -0.000             137               0
   56       -1371.905     438.321           0.000       0.000              56               0
  176         990.300    1407.333           0.000      -0.000             176               0
   98       -1128.115    -356.404           0.000       0.000              98               0
  173        1259.040   -1718.843           0.000      -0.000             173               0
   13        1648.504    -849.670           0.000       0.000              13               0
   65       -1502.575    -179.190           0.000      -0.000              65               0
  223        -954.389    2291.339           0.000       0.000             223               0
  135         647.335    1775.397           0.000      -0.000             135               0
  119       -1157.874    1251.668           0.000       0.000             119               0
  167        1206.013    1822.439           0.000      -0.000             167               0
  180       -1081.552     436.210           0.000       0.000             180               0
   65       -1503.186     -32.938           0.000      -0.000              65               0
   91        1261.025    -252.091           0.000       0.000              91               0
  178        -339.967   -2510.555           0.000      -0.000             178               0
  119       -1746.312   -1360.589           0.000       0.000             119               0
    8        2090.476     201.911           0.000      -0.000               8               0
  140         839.137     -53.797           0.000       0.000             140               0
  172        1371.048    -696.591           0.000      -0.000             172               0
   26       -2161.201   -1529.184           0.000       0.000              26               0
   36       -1942.182   -1034.615           0.000      -0.000              36               0
   79        1731.507    -473.200           0.000       0.000              79               0
    6       -1355.597    -239.772           0.000      -0.000               6               0
  195          -7.819     415.229           0.000       0.000             195               0
  116         749.308     475.107           0.000      -0.000             116               0
   23        1031.211    1037.841           0.000       0.000              23               0
  245        -925.921   -2300.101           0.000      -0.000             245               0
   10        -765.623      66.465           0.000       0.000              10               0
   14        1235.471    -462.965           0.000      -0.000              14               0
  113        1653.231     314.693           0.000       0.000             113               0
  127       -1054.260     354.802           0.000      -0.000             127               0
   35        -632.819      70.563           0.000       0.000              35               0
   52       -3321.164    -231.669           0.000      -0.000              52               0
  238        1762.684    1979.863           0.000       0.000             238               0
  245         246.693     716.861           0.000      -0.000             245               0
   60        -856.284     -66.694           0.000       0.000              60               0
  220         951.602     660.157           0.000      -0.000             220               0
   32       -1455.494    -523.462           0.000       0.000              32               0
   36        -584.230    -124.463           0.000      -0.000              36               0
  139        1512.944      15.404           0.000       0.000             139               0
   39       -1678.484     185.088           0.000      -0.000              39               0
   83        -468.145    -127.010           0.000       0.000              83               0
  186         140.885     158.876           0.000      -0.000             186               0
   17        -468.983    -305.208           0.000       0.000              17               0
  117       -2605.893    1149.171           0.000      -0.000             117               0
  145        1272.342     847.072           0.000       0.000             145               0
  192       -1350.392     392.883           0.000      -0.000             192               0
  239         -64.785   -2017.872           0.000       0.000             239               0
  246         689.831    -921.698           0.000      -0.000             246               0
  114        -908.247    2273.400           0.000       0.000             114               0
  232         496.365   -2399.162           0.000      -0.000             232               0
  159       -3805.557    -712.895           0.000       0.000             159               0
   98         903.435     628.556           0.000      -0.000              98               0
   58       -1214.703     879.667           0.000       0.000              58               0
  101          86.550     311.945           0.000      -0.000             101               0
   64       -2702.241     568.300           0.000       0.000              64               0
  250        1240.678    -776.858           0.000      -0.000             250               0
   96         960.131   -2124.078           0.000       0.000              96               0
   79        -114.402    -525.472           0.000      -0.000              79               0
  163        -183.409   -1699.260           0.000       0.000             163               0
   65        -279.869      32.591           0.000      -0.000              65               0
  233        -133.918   -1238.781           0.000       0.000             233               0
  141        -969.262    -720.902           0.000      -0.000             141               0
  132       -1466.045    -101.448           0.000       0.000             132               0
   62       -1249.797     248.220           0.000      -0.000              62               0
   23        -669.363   -1752.544           0.000       0.000              23               0
  207        1223.576    -852.713           0.000      -0.000             207               0
  152         721.458    -568.774           0.000       0.000             152               0
  210         254.922     149.938           0.000      -0.000             210               0
  161       -2272.113    -922.136           0.000       0.000             161               0
   93       -2796.862    -577.116           0.000      -0.000              93               0
  212         188.682   -1422.754           0.000       0.000             212               0
    9        1791.415     807.454           0.000      -0.000               9               0
  117         -87.188     239.557           0.000       0.000             117               0
  152        -432.886   -1193.403           0.000      -0.000             152               0
   67        -435.851     634.599           0.000       0.000              67               0
  178       -1164.721    -229.234           0.000      -0.000             178               0
  117         295.817     507.878           0.000       0.000             117               0
  253         346.355    -314.697           0.000      -0.000             253               0
  249        -923.984    -644.916           0.000       0.000             249               0
   72       -2723.367     771.851           0.000      -0.000              72               0
  240        -832.145   -1230.107           0.000       0.000             240               0
  248         754.434     209.892           0.000      -0.000             248               0
  170        -416.199    1158.191           0.000       0.000             170               0
    9         935.116     583.058           0.000      -0.000               9               0
  117        1024.505     557.325           0.000       0.000             117               0
  229        -372.252    -870.346           0.000      -0.000             229               0
    9        1383.278    -845.693           0.000       0.000               9               0
  154        1750.777     769.819           0.000      -0.000             154               0
  133        -482.725     502.484           0.000       0.000             133               0
  228        1233.301    -411.016           0.000      -0.000             228               0
  152       -1109.860   -1287.067           0.000       0.000             152               0
   90         317.819    -100.752           0.000      -0.000              90               0
  249        -233.373    -295.869           0.000       0.000             249               0
  224        -817.121    1171.048           0.000      -0.000             224               0
  166       -2166.641    1094.523           0.000       0.000             166               0
  168       -1263.940    1311.228           0.000      -0.000             168               0
  138       -1552.755    1373.364           0.000       0.000             138               0
  185        1134.496   -2140.690           0.000      -0.000             185               0
   42         927.000       0.262           0.000       0.000              42               0
  114        1133.439    2140.876           0.000       0.000             114               0
  121       -1552.665   -1374.267           0.000       0.000             121               0
  209       -1263.634   -1311.710           0.000       0.000             209               0
  105       -2166.149   -1095.136           0.000       0.000             105               0
  240        -816.379   -1171.014           0.000       0.000             240               0
  195        -233.144     296.139           0.000       0.000             195               0
  197         317.975     101.142           0.000       0.000             197               0
  219       -1109.996    1286.823           0.000       0.000             219               0
   85        1233.445     411.334           0.000       0.000              85               0
   73        -482.313    -502.694           0.000       0.000              73               0
  248        1751.250    -769.055           0.000       0.000             248               0
  110        1382.849     846.342           0.000       0.000             110               0
  213        -372.658     870.136           0.000       0.000             213               0
  206        1024.633    -557.115           0.000       0.000             206               0
  194         935.019    -582.756           0.000       0.000             194               0
  196        -416.102   -1158.156           0.000       0.000             196               0
   72         754.146    -209.289           0.000       0.000              72               0
   40        -833.066    1229.973           0.000       0.000              40               0
  125       -2723.244    -772.661           0.000       0.000             125               0
   19        -923.965     644.786           0.000       0.000              19               0
   90         346.382     314.843           0.000       0.000              90               0
  107         295.875    -507.686           0.000       0.000             107               0
  108       -1164.874     228.984           0.000       0.000             108               0
   81        -435.570    -634.511           0.000       0.000              81               0
   43        -433.188    1193.438           0.000       0.000              43               0
  171         -86.944    -239.540           0.000       0.000             171               0
  133        1791.561    -806.539           0.000       0.000             133               0
  252         187.656    1423.130           0.000       0.000             252               0
  217       -2797.363     576.307           0.000       0.000             217               0
  233       -2272.137     921.432           0.000       0.000             233               0
  165         255.371    -149.760           0.000       0.000             165               0
   52         721.424     569.217           0.000       0.000              52               0
  189        1223.110     853.296           0.000       0.000             189               0
  163        -670.286    1752.268           0.000       0.000             163               0
  195       -1249.891    -248.747           0.000       0.000             195               0
  210       -1466.049     101.061           0.000       0.000             210               0
  129        -969.306     720.717           0.000       0.000             129               0
  168        -134.146    1238.737           0.000       0.000             168               0
   97        -279.734     -32.639           0.000       0.000              97               0
  143        -183.853    1699.224           0.000       0.000             143               0
  207        -114.425     525.376           0.000       0.000             207               0
  157         959.455    2124.197           0.000       0.000             157               0
  230        1240.029     776.793           0.000       0.000             230               0
  194       -2702.281    -569.588           0.000       0.000             194               0
   96          86.689    -312.149           0.000       0.000              96               0
  245       -1214.399    -880.169           0.000       0.000             245               0
  142         903.448    -628.118           0.000       0.000             142               0
  203       -3805.760     711.812           0.000       0.000             203               0
   65         495.916    2399.053           0.000       0.000              65               0
   41        -907.277   -2273.892           0.000       0.000              41               0
  101         689.674     922.108           0.000       0.000             101               0
  143         -65.533    2017.598           0.000       0.000             143               0
    4       -1350.170    -393.790           0.000       0.000               4               0
   40        1272.555    -846.907           0.000       0.000              40               0
  111       -2605.554   -1150.056           0.000       0.000             111               0
  133        -468.783     305.090           0.000       0.000             133               0
  224         141.089    -158.867           0.000       0.000             224               0
  117        -468.151     126.804           0.000       0.000             117               0
  134       -1678.126    -185.705           0.000       0.000             134               0
    8        1513.163     -14.925           0.000       0.000               8               0
   65        -584.339     124.228           0.000       0.000              65               0
  165       -1455.449     522.815           0.000       0.000             165               0
  244         952.022    -660.004           0.000       0.000             244               0
   15        -856.198      66.266           0.000       0.000              15               0
  122         247.151    -716.975           0.000       0.000             122               0
  252        1763.113   -1979.174           0.000       0.000             252               0
   56       -3321.352     230.799           0.000       0.000              56               0
   14        -632.422     -70.682           0.000       0.000              14               0
  126       -1053.640    -355.044           0.000       0.000             126               0
  184        1653.739    -313.939           0.000       0.000             184               0
   64        1235.269     463.563           0.000       0.000              64               0
  208        -765.680     -66.504           0.000       0.000             208               0
  181        -926.459    2299.724           0.000       0.000             181               0
  217        1031.786   -1037.719           0.000       0.000             217               0
  113         749.426    -474.799           0.000       0.000             113               0
  137          -7.829    -415.053           0.000       0.000             137               0
   27       -1355.586     239.554           0.000       0.000              27               0
  235        1731.288     474.002           0.000       0.000             235               0
   83       -1942.714    1034.130           0.000       0.000              83               0
   11       -2161.297    1528.423           0.000       0.000              11               0
  202        1371.293     696.857           0.000       0.000             202               0
  167         839.295      53.935           0.000       0.000             167               0
  115        2090.329    -201.156           0.000       0.000             115               0
  230       -1746.992    1360.095           0.000       0.000             230               0
   63        -340.659    2510.117           0.000       0.000              63               0
  213        1260.840     251.938           0.000       0.000             213               0
   26       -1503.351      31.915           0.000       0.000              26               0
  213       -1081.187    -437.115           0.000       0.000             213               0
  211        1206.700   -1822.409           0.000       0.000             211               0
   62       -1157.450   -1252.225           0.000       0.000              62               0
  136         647.959   -1775.219           0.000       0.000             136               0
  111        -953.666   -2291.316           0.000       0.000             111               0
   66       -1502.310     179.202           0.000       0.000              66               0
  103        1648.519     850.545           0.000       0.000             103               0
  124        1258.289    1719.255           0.000       0.000             124               0
   42       -1128.362     355.737           0.000       0.000              42               0
   11         990.633   -1407.094           0.000       0.000              11               0
    8       -1371.958    -438.561           0.000       0.000               8               0
  254       -1158.860    1423.357           0.000       0.000             254               0
  203        1116.612      90.000           0.000       0.000             203               0
  106       -1023.210    -340.735           0.000       0.000             106               0
   36        -152.794    -689.642           0.000       0.000              36               0
    3       -1109.799     -44.640           0.000       0.000               3               0
   66       -3586.050     336.176           0.000       0.000              66               0
   32        -762.900     348.885           0.000       0.000              32               0
  206        1380.339     618.802           0.000       0.000             206               0
  168        -347.028    -693.845           0.000       0.000             168               0
  183        -824.758    -793.951           0.000       0.000             183               0
  182        -342.074    -657.796           0.000       0.000             182               0
  227        -362.136    -701.806           0.000       0.000             227               0
  126        -802.783   -2195.055           0.000       0.000             126               0
  241          75.067    -220.651           0.000       0.000             241               0
  165        1633.905     250.729           0.000       0.000             165               0
  177       -2676.433    2627.855           0.000       0.000             177               0
  164       -1631.586    -363.109           0.000       0.000             164               0
  220         617.149    1170.003           0.000       0.000             220               0
  207       -1590.042    -466.888           0.000       0.000             207               0
   32          -2.074     974.875           0.000       0.000              32               0
   28        1956.441    1366.070           0.000       0.000              28               0
  147        -958.955     470.713           0.000       0.000             147               0
  154        2916.786    1087.580           0.000       0.000             154               0
   23          61.221    -182.951           0.000       0.000              23               0
  129        -588.259     -81.423           0.000       0.000             129               0
  238         135.025    -750.041           0.000       0.000             238               0
   20         387.961    -577.613           0.000       0.000              20               0
  140        -585.602   -3661.008           0.000       0.000             140               0
   23        1552.987    1144.273           0.000       0.000              23               0
   41        -190.024    -158.668           0.000       0.000              41               0
   79        -207.811    3798.988           0.000       0.000              79               0
   57         630.806     732.861           0.000       0.000              57               0
    8        -377.383     124.577           0.000       0.000               8               0
  202        -851.517    1065.679           0.000       0.000             202               0
  200       -1754.919    1992.353           0.000       0.000             200               0
  138       -1144.393   -1855.115           0.000       0.000             138               0
   34         625.256    -520.587           0.000       0.000              34               0
   20          19.984     101.842           0.000       0.000              20               0
   26       -1184.685    -613.162           0.000       0.000              26               0
   13         969.767   -1362.470           0.000       0.000              13               0
   21         365.352     531.338           0.000       0.000              21               0
   31        1111.261    1062.920           0.000       0.000              31               0
  210         -60.948     868.549           0.000       0.000             210               0
  195       -1388.837     544.456           0.000       0.000             195               0
  122        1581.539     159.382           0.000       0.000             122               0
   66         802.097    -774.065           0.000       0.000              66               0
   50         143.556   -1659.214           0.000       0.000              50               0
  239         -60.694    -461.926           0.000       0.000             239               0
   20         994.359   -1160.768           0.000       0.000              20               0
   64        2943.973   -1119.156           0.000       0.000              64               0
  150         656.057   -1137.871           0.000       0.000             150               0
    2         -16.335    -812.075           0.000       0.000               2               0
  187         -48.871    -126.755           0.000       0.000             187               0
   69        -786.508    1496.659           0.000       0.000              69               0
  201        2033.857     669.579           0.000       0.000             201               0
   73        -280.300   -1266.973           0.000       0.000              73               0
   64       -1342.508   -1706.474           0.000       0.000              64               0
  247        -728.740    -356.925           0.000       0.000             247               0
  143        1840.568   -1245.674           0.000       0.000             143               0
  215        2070.621   -1458.549           0.000       0.000             215               0
   80        -836.139    2341.769           0.000       0.000              80               0
  176        1325.302    -381.062           0.000       0.000             176               0
    2         829.396    -547.352           0.000       0.000               2               0
  182       -1078.953    1475.205           0.000       0.000             182               0
   21        -468.367   -1220.029           0.000       0.000              21               0
  248         579.834     797.450           0.000       0.000             248               0
   49          37.253    -814.507           0.000       0.000              49               0
   56       -1012.665    -740.511           0.000       0.000              56               0
   78        -512.630    -171.260           0.000       0.000              78               0
  138        -994.760    1381.165           0.000       0.000             138               0
   50       -3072.133    2730.130           0.000       0.000              50               0
  220        -707.138    1039.249           0.000       0.000             220               0
  230        1117.498     460.906           0.000       0.000             230               0
  126        -485.851   -1734.122           0.000       0.000             126               0
  228       -1349.301    -727.851           0.000       0.000             228               0
  141       -1322.556    1265.579           0.000       0.000             141               0
   12        -571.132     852.142           0.000       0.000              12               0
  187        1017.929    -785.314           0.000       0.000             187               0
  126        1185.965   -1416.547           0.000       0.000             126               0
  245         310.239    1667.870           0.000       0.000             245               0
   92        1970.474   -1007.010           0.000       0.000              92               0
  166         447.972    -399.925           0.000       0.000             166               0
  179        -343.835    -554.023           0.000       0.000             179               0
  169       -1064.649    1244.251           0.000       0.000             169               0
   46          91.785    -392.575           0.000       0.000              46               0
  140         750.302   -1749.687           0.000       0.000             140               0
  151       -3181.206     612.703           0.000       0.000             151               0
   38        -557.607   -1473.115           0.000       0.000              38               0
  208        -281.959     -71.156           0.000       0.000             208               0
  255         562.075   -1862.254           0.000       0.000             255               0
  147        1246.996    -749.609           0.000       0.000             147               0
   78         517.684     786.634           0.000       0.000              78               0
   10         830.341    2127.703           0.000       0.000              10               0
  129       -2059.689    -538.110           0.000       0.000             129               0
   93       -1235.949    -210.161           0.000       0.000              93               0
  188         945.069     281.250           0.000       0.000             188               0
  103          96.549    2109.852           0.000       0.000             103               0
  253       -1625.548     587.221           0.000       0.000             253               0
  143        2833.109     110.147           0.000       0.000             143               0
   73        -549.328    2059.163           0.000       0.000              73               0
  235       -1195.426    1333.258           0.000       0.000             235               0
  172        -833.222   -1125.766           0.000       0.000             172               0
   14        -786.517      -7.705           0.000       0.000              14               0
   40         443.972    -424.790           0.000       0.000              40               0
  250        1224.735     884.800           0.000       0.000             250               0
  239       -1252.619    -922.499           0.000       0.000             239               0
   70        -507.251    -205.416           0.000       0.000              70               0
   31         228.005     145.348           0.000       0.000              31               0
   40        -114.689    -111.185           0.000       0.000              40               0
  169       -1378.795    1453.690           0.000       0.000             169               0
  250        -328.424   -1290.725           0.000       0.000             250               0
   64         957.792     600.759           0.000       0.000              64               0
   98        1517.216   -1952.165           0.000       0.000              98               0
  214       -3517.230      24.070           0.000       0.000             214               0
  120         333.765   -1132.530           0.000       0.000             120               0
  114        -724.156   -1054.339           0.000       0.000             114               0
  118        -393.416    1240.258           0.000       0.000             118               0
  197        -512.300     251.504           0.000       0.000             197               0
  208         321.360   -1790.042           0.000       0.000             208               0
  204       -1755.697    -358.632           0.000       0.000             204               0
   21        -576.517   -1382.962           0.000       0.000              21               0
   65         508.282    1782.206           0.000       0.000              65               0
  118         579.273    3047.299           0.000       0.000             118               0
   50         702.619    -113.606           0.000       0.000              50               0
  129        1131.195    1623.335           0.000       0.000             129               0
  243        1654.519   -2828.450           0.000       0.000             243               0
  193         514.959     664.268           0.000       0.000             193               0
    7        -398.371   -2243.286           0.000       0.000               7               0
  157       -1008.776   -1142.147           0.000       0.000             157               0
  171        -642.226    -604.807           0.000       0.000             171               0
  161         772.526   -1038.805           0.000       0.000             161               0
  160        -971.399   -1315.084           0.000       0.000             160               0
  240        1560.164    -532.425           0.000       0.000             240               0
   88         -48.194      68.087           0.000       0.000              88               0
  230       -1520.121      87.847           0.000       0.000             230               0
  174        -999.717    -234.301           0.000       0.000             174               0
  141         872.400     879.793           0.000       0.000             141               0
  134         -30.419    1801.171           0.000       0.000             134               0
  198         926.179    -884.881           0.000       0.000             198               0
   54         885.755    1469.612           0.000       0.000              54               0
  133        -167.407     234.537           0.000       0.000             133               0
  210        -956.217    1392.612           0.000       0.000             210               0
  244         471.716   -1264.284           0.000       0.000             244               0
  182        2270.250    1832.932           0.000       0.000             182               0
   56        -614.503     827.959           0.000       0.000              56               0
    3         402.465   -2907.263           0.000       0.000               3               0
  202         -88.746     804.245           0.000       0.000             202               0
   56         726.472    -261.081           0.000       0.000              56               0
  160       -1419.063    -871.634           0.000       0.000             160               0
  125       -1227.049   -1093.938           0.000       0.000             125               0
   89        1360.396    -629.900           0.000       0.000              89               0
  220         381.554     -32.391           0.000       0.000             220               0
  163       -1034.362    1042.504           0.000       0.000             163               0
  238         833.101    -630.062           0.000       0.000             238               0
   91        -977.300   -1766.885           0.000       0.000              91               0
  165        3316.022    -104.139           0.000       0.000             165               0
  205        -645.606    -220.789           0.000       0.000             205               0
