SINAL     NFT                         FFT                         NFT INVERSA     FFT INVERSA
-----     -----------------------     -----------------------     -----------     -----------
  110       65522.000       0.000           0.000       0.000             110               1
   33        1531.134    -331.468         -25.491      46.464              33               0
  248       -1296.788    1556.021           0.000       0.000             248              -0
  157        -993.321   -1789.681        -132.137      51.904             157               0
   40        -306.462     466.582           0.000       0.000              40               0
   33       -1299.842   -3215.907         131.966      62.353              33              -0
  153         227.294    1436.404           0.000       0.000             153              -0
   22         171.290    2638.496         -29.212      39.897              22               0
  171         615.465    -775.243           0.000       0.000             171               0
   63       -1374.267     -74.485          -3.084       5.020              63               0
   93       -1481.455    1608.558           0.000       0.000              93              -0
  150       -1161.565    -257.453         -36.714      12.379             150               0
  147       -2149.531    -732.759           0.000       0.000             147               0
  167       -1190.282     996.149          49.563      26.467             167              -0
  145        1491.412   -1193.609           0.000       0.000             145              -0
  108         774.936     -91.122          -8.324      20.451             108               0
  145         364.998   -1122.507           0.000       0.000             145               0
  105        -231.911    2315.646          -1.763       2.578             105               0
   27         621.467    -387.977           0.000       0.000              27              -0
   96        1144.210    -674.760         -21.614       6.124              96               0
  214        -427.903    1404.399           0.000       0.000             214               0
  135        -695.537   -2009.831          29.892      17.901             135              -0
   68        -514.406   -1675.091           0.000       0.000              68              -0
  126       -1414.274     125.154         -10.068      11.246             126               0
  126         336.456   -1049.489           0.000       0.000             126               0
  211         -85.038    1471.115          -1.286       1.695             211               0
  200         543.073    -727.266           0.000       0.000             200              -0
   59        -354.430    1950.692         -15.439       3.567              59               0
  159        2064.744     607.261           0.000       0.000             159               0
  228        1705.013   -1560.671          21.037      14.045             228              -0
  206       -1117.402   -1526.969           0.000       0.000             206              -0
   40       -2134.128    1808.691          -3.515      10.018              40               0
  161           9.945   -1197.875           0.000       0.000             161               0
  241         -19.882    1171.877          -1.039       1.239             241               0
  138        1804.781    1198.674           0.000       0.000             138              -0
   44         755.287    1231.818         -12.068       2.170              44               0
  226        1087.820   -1398.767           0.000       0.000             226               0
  231       -1393.120    1301.885          15.981      11.843             231              -0
   40        -321.777   -1072.193           0.000       0.000              40              -0
   44         608.862    -393.016          -6.600       6.056              44               0
  217        -794.839     368.558           0.000       0.000             217               0
  216        2073.264   -1575.886          -0.888       0.958             216               0
  176        1214.176   -1449.108           0.000       0.000             176              -0
   59        1091.267    1230.892          -9.937       1.288              59               0
   15          93.943    -503.953           0.000       0.000              15               0
  124         163.229    -236.704          12.699      10.413             124              -0
  193         338.780    -105.447           0.000       0.000             193              -0
   47         384.266    -129.527          -3.928       5.957              47               0
   51         721.054    1054.251           0.000       0.000              51               0
  186        -301.644     332.186          -0.785       0.768             186               0
   12         684.695    1620.798           0.000       0.000              12              -0
  142         456.220     279.548          -8.461       0.676             142               0
  219        -985.084   -3065.728           0.000       0.000             219               0
  231       -1686.529    -519.010          10.387       9.406             231              -0
   57        -129.192    -168.605           0.000       0.000              57              -0
  241       -2237.208   -1648.234          -5.127       3.851             241               0
  251         352.036      23.615           0.000       0.000             251               0
   18        2488.804     616.066          -0.710       0.630              18               0
  179         267.631    -649.554           0.000       0.000             179              -0
  155       -1291.022   -1636.280          -7.375       0.226             155               0
  245        2923.833    -229.328           0.000       0.000             245               0
  123       -1466.866    -292.787           8.662       8.656             123              -0
  197        -598.623    -689.858           0.000       0.000             197              -0
  215         221.172    -506.390          -2.358       4.757             215               0
   54        1362.654    1479.065           0.000       0.000              54               0
   51        1141.739    -436.634          -0.653       0.524              51               0
    9        -751.176    1180.470           0.000       0.000               9              -0
   43        -337.336    -246.736          -6.538      -0.120              43               0
   57         448.422    -448.203           0.000       0.000              57               0
  240        -211.160   -1219.640           7.321       8.072             240              -0
  143         290.892    -645.880           0.000       0.000             143              -0
  247        1168.084      22.676          -4.299       2.613             247               0
  205        -235.103    2071.501           0.000       0.000             205               0
  105         798.028     250.663          -0.608       0.441             105               0
  255        1697.946    2055.236           0.000       0.000             255              -0
  221        -377.775    -343.840          -5.870      -0.397             221               0
  155        -111.695    -787.187           0.000       0.000             155               0
   58        2115.436     -32.216           6.244       7.603              58              -0
  199       -1570.387     807.729           0.000       0.000             199              -0
  176         300.921     372.444          -3.061       3.098             176               0
   91         332.892     248.985           0.000       0.000              91               0
   98       -1300.485     143.055          -0.571       0.373              98               0
  130       -3124.308     130.116           0.000       0.000             130              -0
   99         442.426   -2139.424          -5.323      -0.623              99               0
   45         757.029    -310.413           0.000       0.000              45               0
   78        1046.510   -1114.640           5.356       7.216              78              -0
   42         121.205    1101.420           0.000       0.000              42              -0
  144       -1052.405   -1110.391          -3.761       1.807             144               0
  239        1825.499    1161.436           0.000       0.000             239               0
   28         -47.645    1420.834          -0.541       0.316              28               0
  165        -466.728   -3275.568           0.000       0.000             165              -0
  165          54.557   -1395.249          -4.865      -0.813             165               0
  225        -558.252    -475.907           0.000       0.000             225               0
   18         312.963     692.171           4.607       6.890              18              -0
   35        -914.613    2582.581           0.000       0.000              35              -0
    6         988.086    -736.686          -2.432       2.717               6               0
  145         544.264     873.852           0.000       0.000             145               0
   34       -1915.975    1462.642          -0.514       0.268              34               0
  124         668.126    4519.831           0.000       0.000             124              -0
  119        -209.999    -921.342          -4.473      -0.976             119               0
   90        -855.287     532.278           0.000       0.000              90               0
   16       -2294.642   -1268.815           3.965       6.610              16              -0
  121         238.770     857.808           0.000       0.000             121              -0
  232         282.507   -2422.970          -3.376       1.232             232               0
  201         -78.917    -652.295           0.000       0.000             201               0
   72        -133.896   -2436.697          -0.492       0.226              72               0
  119        1155.869    2360.877           0.000       0.000             119              -0
   83        -345.534     508.876          -4.133      -1.116              83               0
  170       -1791.022    -491.605           0.000       0.000             170               0
  203         -76.971    1207.802           3.406       6.367             203              -0
  159         793.223    1362.543           0.000       0.000             159              -0
  205        -568.686    1877.519          -2.669       1.807             205               0
   33        -579.007   -1239.343           0.000       0.000              33               0
  131       -2009.396    -421.468          -0.472       0.190             131               0
   97       -1437.532   -1675.704           0.000       0.000              97              -0
  217       -1460.792    1137.152          -3.834      -1.240             217               0
   41       -1083.042    -728.972           0.000       0.000              41               0
   43        -482.445     290.760           2.912       6.152              43              -0
   94       -2653.196    1551.910           0.000       0.000              94              -0
  159        -532.271     501.976          -3.083       0.792             159               0
  129       -1587.646   -1538.717           0.000       0.000             129               0
  230        -930.550     936.876          -0.455       0.157             230               0
    7        1605.906    1757.787           0.000       0.000               7              -0
   45        -912.788    1384.876          -3.567      -1.351              45               0
  242        2562.940   -1476.182           0.000       0.000             242               0
  218         680.561   -1903.964           2.471       5.959             218              -0
   72        -240.064      47.783           0.000       0.000              72              -0
  132         592.117     518.291          -2.074       1.950             132               0
  157        -139.866   -1296.078           0.000       0.000             157               0
  192        1302.624   -2688.277          -0.439       0.128             192               0
  210         862.135    -512.882           0.000       0.000             210              -0
   65        1374.852   -1364.448          -3.327      -1.450              65               0
   60       -1779.018    -689.693           0.000       0.000              60               0
  152       -1078.688    2925.361           2.073       5.786             152              -0
  206        -843.019     405.384           0.000       0.000             206              -0
  159        -143.577    1157.959          -2.848       0.440             159               0
   30        1626.381     937.676           0.000       0.000              30               0
  254       -1082.997    1655.357          -0.425       0.101             254               0
   20        1209.258    1725.627           0.000       0.000              20              -0
  131        1123.033   -1012.545          -3.108      -1.541             131               0
  232         795.450   -1138.670           0.000       0.000             232               0
  253        -662.635    1190.252           1.710       5.628             253              -0
  149        -133.843    -238.050           0.000       0.000             149              -0
  229       -2249.183     260.009          -2.432       1.025             229               0
  237         375.276    1090.165           0.000       0.000             237               0
  253        1147.528    -326.631          -0.411       0.077             253               0
  219        -779.045     170.525           0.000       0.000             219              -0
  108        -350.146    1177.991          -2.908      -1.624             108               0
   96        1112.626     893.625           0.000       0.000              96               0
  233       -2017.178     844.183           1.375       5.482             233              -0
  199         398.235     -93.693           0.000       0.000             199              -0
   74         266.681     792.051          -2.651       0.147              74               0
  253        -992.971    2101.155           0.000       0.000             253               0
   50       -1416.889    2617.775          -0.399       0.055              50               0
   58        -763.557     -51.545           0.000       0.000              58              -0
  102        -669.245    1609.407          -2.723      -1.701             102               0
   20        2703.090    1322.016           0.000       0.000              20               0
    4         791.623     504.582           1.066       5.347               4              -0
   36         188.041   -1953.803           0.000       0.000              36              -0
  130        -468.991    -269.022          -2.185       1.050             130               0
  249       -2283.399    -329.599           0.000       0.000             249               0
  161        -768.510    -663.964          -0.388       0.034             161               0
  196        -621.673      80.193           0.000       0.000             196              -0
   80       -2328.754     569.167          -2.550      -1.772              80               0
  101        -432.678    2288.810           0.000       0.000             101               0
   14        1000.096   -1638.896           0.777       5.221              14              -0
   83        -933.253   -1430.438           0.000       0.000              83              -0
  119         -48.228     714.438          -2.482      -0.107             119               0
   31         720.279     938.233           0.000       0.000              31               0
   85         963.531    -591.690          -0.377       0.014              85               0
   10         612.865    1564.122           0.000       0.000              10              -0
  137       -2375.002   -1057.104          -2.387      -1.840             137               0
   78        1375.526     516.797           0.000       0.000              78               0
  250        -431.396     538.460           0.505       5.103             250              -0
   83       -1217.405     746.245           0.000       0.000              83              -0
    2        1221.862    1647.689          -2.262       0.464               2               0
   99        -775.322     662.846           0.000       0.000              99               0
  245       -1265.291     878.755          -0.368      -0.004             245               0
  168         994.833    -776.892           0.000       0.000             168              -0
   31        1094.490    -374.291          -2.234      -1.903              31               0
  234         978.216     368.023           0.000       0.000             234               0
  228        -517.427     817.181           0.247       4.991             228              -0
    5           2.634    -546.605           0.000       0.000               5              -0
   52         802.898   -1561.527          -2.332      -0.331              52               0
  116        -792.832    1001.331           0.000       0.000             116               0
   66        1263.854     249.595          -0.358      -0.022              66               0
    2         452.479     462.199           0.000       0.000               2              -0
  200         378.060    -578.865          -2.088      -1.964             200               0
  134          30.113   -1502.331           0.000       0.000             134               0
  164         903.409    1517.691           0.002       4.884             164              -0
  157       -1715.870   -1116.423           0.000       0.000             157              -0
  107         540.987     194.383          -2.058       0.694             107               0
  150        -690.777     746.805           0.000       0.000             150               0
  130        -568.862    -478.193          -0.349      -0.038             130              -0
  111        1280.824   -1942.161           0.000       0.000             111              -0
   93         873.959    -212.751          -1.948      -2.021              93               0
  171         474.197   -1673.684           0.000       0.000             171               0
  183        -748.784     543.430          -0.233       4.782             183              -0
  213        2232.456     257.558           0.000       0.000             213              -0
  241        -815.453    -878.344          -2.196      -0.536             241               0
  201        1634.635    -887.046           0.000       0.000             201               0
   89         755.770     180.587          -0.340      -0.054              89              -0
  231        1855.323     878.771           0.000       0.000             231              -0
   93        1709.736     779.409          -1.814      -2.077              93               0
   24       -1490.826    -157.162           0.000       0.000              24               0
  205         939.904     660.899          -0.459       4.683             205              -0
   12         240.913   -1679.867           0.000       0.000              12              -0
  250       -1222.361    2363.620          -2.125       0.013             250               0
   17         -80.174    -321.732           0.000       0.000              17               0
   16       -1847.717    -441.549          -0.332      -0.070              16              -0
  154        2480.786   -1253.155           0.000       0.000             154              -0
  152       -1689.304     381.168          -1.684      -2.131             152               0
  169        1694.865    1576.125           0.000       0.000             169               0
   50        -430.553    -602.745          -0.679       4.588              50              -0
  222        -859.841    -761.049           0.000       0.000             222              -0
  192         932.939    1202.627          -2.069      -0.726             192               0
   49       -2085.797     863.251           0.000       0.000              49               0
  137       -1037.538    -948.139          -0.324      -0.085             137              -0
   10        -388.939    -590.828           0.000       0.000              10              -0
  239         384.962    -232.064          -1.558      -2.183             239               0
  162         319.651    1252.890           0.000       0.000             162               0
   41         718.634    1283.664          -0.892       4.495              41              -0
  220        1477.366    -297.972           0.000       0.000             220              -0
  129        -341.041   -2072.782          -2.046       0.113             129               0
  158        1153.081    -288.666           0.000       0.000             158               0
  200         490.636    -111.372          -0.316      -0.100             200              -0
   84       -2272.395    1021.479           0.000       0.000              84              -0
  253        -225.046    1792.942          -1.434      -2.234             253               0
   63        1192.598     144.132           0.000       0.000              63               0
  153         192.400     707.474          -1.101       4.404             153              -0
  245         348.594     416.521           0.000       0.000             245              -0
  152         166.854    -977.814          -1.948      -0.907             152               0
   77         810.560     261.902           0.000       0.000              77               0
   75        1088.622    -237.883          -0.308      -0.114              75              -0
  186        -864.041    2116.799           0.000       0.000             186              -0
  145         158.215    1652.075          -1.313      -2.285             145               0
  126        -577.050    1105.812           0.000       0.000             126               0
   41        1075.936     -41.164          -1.307       4.314              41              -0
  185       -1434.627    2430.415           0.000       0.000             185              -0
  206         123.374     986.638          -2.004      -0.386             206               0
  223        1575.862     552.992           0.000       0.000             223               0
  134        -981.150     575.435          -0.300      -0.128             134              -0
   65       -2421.490    -224.819           0.000       0.000              65              -0
   59         481.190    -208.126          -1.193      -2.334              59               0
  204       -1161.187    -788.503           0.000       0.000             204               0
   86        1803.645      49.530          -1.510       4.226              86              -0
  253         789.817     -61.150           0.000       0.000             253              -0
   92        -814.666    -731.045          -1.831      -1.082              92               0
   75        -921.654     739.395           0.000       0.000              75               0
  223         334.314    1379.829          -0.293      -0.142             223              -0
    0        1294.223    1046.504           0.000       0.000              -0              -0
   16       -1071.121    -738.673          -1.074      -2.384              16               0
   12         166.041    -659.511           0.000       0.000              12               0
  127        -254.408     -80.664          -1.712       4.138             127              -0
  168         483.147    1156.701           0.000       0.000             168              -0
  159         216.652   -2027.013           0.000       0.000             159               0
  222        2470.000       0.482           0.000       0.000             222               0
  127         215.726    2026.860          -0.285      -0.156             127              -0
   54         483.335   -1156.873           0.000       0.000              54              -0
  201        -254.599      80.486          -0.956      -2.433             201               0
  245         165.682     659.369           0.000       0.000             245               0
  219       -1071.332     737.881          -1.914       4.050             219              -0
  155        1294.605   -1046.520           0.000       0.000             155              -0
   45         334.535   -1379.885          -1.715      -1.255              45               0
  157        -921.550    -739.645           0.000       0.000             157               0
   97        -814.774     730.752          -0.278      -0.170              97              -0
  193         789.971      61.246           0.000       0.000             193              -0
   51        1803.435     -49.053          -0.837      -2.482              51               0
   24       -1161.737     787.904           0.000       0.000              24               0
   14         480.876     207.942          -2.116       3.962              14              -0
  163       -2421.655     223.586           0.000       0.000             163              -0
  151        -980.582    -576.206          -1.888      -0.768             151               0
   68        1576.230    -552.878           0.000       0.000              68               0
   84         123.558    -987.024          -0.270      -0.185              84              -0
  235       -1433.719   -2431.036           0.000       0.000             235              -0
  100        1076.047      41.465          -0.717      -2.531             100               0
  179        -576.669   -1106.229           0.000       0.000             179               0
   85         158.842   -1652.117          -2.319       3.873              85              -0
   17        -863.129   -2116.861           0.000       0.000              17              -0
   97        1088.776     238.540          -1.598      -1.430              97               0
  162         810.652    -261.468           0.000       0.000             162               0
   45         166.497     977.856          -0.262      -0.199              45              -0
   24         348.727    -416.584           0.000       0.000              24              -0
   35         192.649    -707.489          -0.596      -2.581              35               0
   79        1192.504    -143.852           0.000       0.000              79               0
  126        -224.766   -1793.023          -2.526       3.783             126              -0
  173       -2271.979   -1021.951           0.000       0.000             173              -0
    7         490.949     111.855          -1.929      -0.677               7               0
   53        1153.063     289.330           0.000       0.000              53               0
   76        -341.659    2072.643          -0.254      -0.213              76              -0
  164        1477.315     298.096           0.000       0.000             164              -0
   36         718.888   -1283.648          -0.473      -2.632              36               0
  138         319.861   -1252.670           0.000       0.000             138               0
   78         384.613     232.399          -2.736       3.692              78              -0
    8        -389.449     590.761           0.000       0.000               8              -0
   79       -1038.073     947.611          -1.478      -1.610              79               0
   42       -2085.355    -864.172           0.000       0.000              42               0
  252         933.525   -1202.226          -0.246      -0.228             252              -0
  202        -860.042     760.875           0.000       0.000             202              -0
   77        -430.481     602.416          -0.348      -2.684              77               0
   90        1695.421   -1575.622           0.000       0.000              90               0
   82       -1689.090    -381.489          -2.951       3.598              82              -0
  176        2480.341    1254.076           0.000       0.000             176              -0
  190       -1848.039     440.781          -1.767      -1.165             190               0
   66         -80.184     321.418           0.000       0.000              66               0
   86       -1221.359   -2363.988          -0.238      -0.243              86              -0
   27         240.704    1680.051           0.000       0.000              27              -0
  133         940.259    -660.713          -0.219      -2.738             133               0
   64       -1490.557     156.593           0.000       0.000              64               0
  108        1710.466    -778.899          -3.172       3.502             108              -0
   71        1855.713    -878.018           0.000       0.000              71              -0
    7         755.811    -180.065          -1.351      -1.799               7               0
   10        1634.179     887.776           0.000       0.000              10               0
    4        -815.795     878.031          -0.230      -0.259               4              -0
  150        2232.444    -256.874           0.000       0.000             150              -0
  125        -748.806    -543.496          -0.086      -2.793             125               0
  137         473.655    1673.956           0.000       0.000             137               0
    1         873.825     213.035          -3.400       3.403               1              -0
  154        1279.881    1942.445           0.000       0.000             154              -0
  199        -569.359     477.600          -1.936      -0.960             199               0
   68        -690.622    -747.288           0.000       0.000              68               0
   31         540.914    -194.240          -0.221      -0.275              31              -0
  209       -1716.221    1115.649           0.000       0.000             209              -0
    9         904.072   -1517.469           0.052      -2.850               9               0
  212          29.625    1502.340           0.000       0.000             212               0
  236         377.907     578.678          -3.637       3.299             236              -0
  156         452.657    -462.330           0.000       0.000             156              -0
  156        1263.776    -249.356          -1.216      -2.001             156               0
  185        -792.629   -1001.571           0.000       0.000             185               0
   38         802.327    1561.760          -0.212      -0.292              38              -0
  167           2.303     546.236           0.000       0.000             167              -0
  226        -517.132    -817.649           0.197      -2.910             226               0
  145         978.390    -367.804           0.000       0.000             145               0
  185        1094.203     374.528          -3.885       3.191             185              -0
   30         994.160     776.868           0.000       0.000              30              -0
   28       -1265.337    -879.589          -1.632      -1.612              28               0
   37        -775.101    -663.416           0.000       0.000              37               0
   75        1222.261   -1647.432          -0.202      -0.310              75              -0
  227       -1217.367    -746.630           0.000       0.000             227              -0
  189        -431.161    -538.571           0.348      -2.973             189               0
  142        1375.497    -516.240           0.000       0.000             142               0
  188       -2375.438    1056.205          -4.146       3.078             188              -0
  133         613.608   -1564.009           0.000       0.000             133              -0
  204         963.298     592.002          -1.068      -2.223             204               0
   98         720.352    -938.059           0.000       0.000              98               0
   86         -48.310    -714.263          -0.192      -0.329              86              -0
  213        -933.882    1430.226           0.000       0.000             213              -0
   67         999.324    1638.811           0.508      -3.039              67               0
  191        -432.389   -2289.283           0.000       0.000             191               0
  119       -2328.769    -569.866          -4.422       2.957             119              -0
  144        -621.627     -80.304           0.000       0.000             144              -0
  128        -768.812     663.704          -1.791      -1.604             128               0
  249       -2283.346     328.720           0.000       0.000             249               0
   94        -468.661     268.768          -0.181      -0.348              94              -0
  207         187.757    1953.467           0.000       0.000             207              -0
   70         792.088    -504.976           0.678      -3.109              70               0
  111        2703.358   -1321.594           0.000       0.000             111               0
  219        -669.152   -1609.864          -4.716       2.829             219              -0
  193        -763.818      50.969           0.000       0.000             193              -0
  133       -1416.069   -2618.538          -0.902      -2.472             133               0
  193        -992.093   -2101.367           0.000       0.000             193               0
   60         267.106    -791.718          -0.170      -0.370              60              -0
   24         398.117      93.900           0.000       0.000              24              -0
    2       -2016.779    -844.890           0.860      -3.185               2               0
   74        1113.119    -893.219           0.000       0.000              74               0
   50        -349.777   -1177.947          -5.032       2.692              50              -0
  229        -778.823    -170.572           0.000       0.000             229              -0
  215        1147.507     327.043          -1.465      -2.163             215               0
  119         375.398   -1090.005           0.000       0.000             119               0
   85       -2249.101    -260.603          -0.158      -0.392              85              -0
   89        -133.653     238.040           0.000       0.000              89              -0
   29        -661.924   -1190.336           1.057      -3.266              29               0
  148         795.399    1139.067           0.000       0.000             148               0
  221        1122.818    1012.609          -5.373       2.544             221              -0
   63        1209.690   -1725.547           0.000       0.000              63              -0
   25       -1082.472   -1655.707          -0.709      -2.760              25               0
  219        1626.657    -936.998           0.000       0.000             219               0
  191        -143.481   -1157.814          -0.144      -0.417             191              -0
  238        -843.056    -405.516           0.000       0.000             238              -0
   10       -1077.714   -2925.236           1.270      -3.355              10               0
  163       -1778.882     689.868           0.000       0.000             163               0
   76        1374.810    1365.355          -5.744       2.382              76              -0
   34         862.096     513.545           0.000       0.000              34              -0
   89        1301.661    2688.856          -1.926      -2.048              89               0
  189        -140.402    1295.765           0.000       0.000             189               0
  137         592.232    -518.266          -0.129      -0.444             137              -0
  192        -240.058     -47.758           0.000       0.000             192              -0
   25         680.021    1904.150           1.505      -3.452              25               0
   41        2562.150    1476.538           0.000       0.000              41               0
  103        -912.722   -1385.689          -6.152       2.204             103              -0
  217        1606.065   -1757.342           0.000       0.000             217              -0
  178        -930.866    -936.961          -0.480      -3.104             178               0
   45       -1588.524    1538.201           0.000       0.000              45               0
  148        -532.431    -502.411          -0.113      -0.474             148              -0
   58       -2652.820   -1552.789           0.000       0.000              58              -0
  251        -482.320    -290.700           1.764      -3.559             251               0
   56       -1083.378     728.665           0.000       0.000              56               0
   79       -1460.435   -1137.498          -6.606       2.007              79              -0
  122       -1438.025    1675.344           0.000       0.000             122              -0
    6       -2009.261     420.648          -1.233      -2.926               6               0
  223        -579.023    1238.758           0.000       0.000             223               0
  136        -567.672   -1878.085          -0.095      -0.508             136              -0
  210         793.907   -1362.290           0.000       0.000             210              -0
  192         -76.590   -1207.623           2.055      -3.680             192               0
   96       -1791.012     491.155           0.000       0.000              96               0
  184        -344.925    -509.008          -7.114       1.785             184              -0
  196        1156.888   -2360.058           0.000       0.000             196              -0
  238        -134.666    2437.103          -0.195      -3.530             238               0
   32         -79.042     652.356           0.000       0.000              32               0
  158         281.725    2422.857          -0.075      -0.545             158              -0
  238         238.880    -858.018           0.000       0.000             238              -0
  132       -2295.068    1267.794           2.384      -3.816             132               0
   72        -854.773    -532.942           0.000       0.000              72               0
   84        -209.969     920.653          -7.693       1.533              84              -0
  229         669.753   -4519.938           0.000       0.000             229              -0
  158       -1915.247   -1462.972          -1.551      -3.227             158               0
   61         544.989    -873.329           0.000       0.000              61               0
  169         987.956     737.096          -0.051      -0.589             169              -0
  227        -913.641   -2582.720           0.000       0.000             227              -0
   31         313.378    -691.487           2.761      -3.972              31               0
  182        -558.240     476.289           0.000       0.000             182               0
  122          54.303    1395.688          -8.359       1.243             122              -0
   82        -467.576    3275.231           0.000       0.000              82              -0
  222         -46.793   -1421.213           0.176      -4.084             222               0
  188        1825.995   -1160.672           0.000       0.000             188               0
   88       -1052.744    1110.153          -0.024      -0.639              88              -0
  201         121.850   -1101.246           0.000       0.000             201              -0
  157        1046.277    1115.212           3.201      -4.154             157               0
  204         756.835     310.793           0.000       0.000             204               0
  102         441.366    2139.465          -9.138       0.904             102              -0
  119       -3124.322    -131.474           0.000       0.000             119              -0
   56       -1299.953    -143.677          -0.856      -4.169              56               0
  137         333.429    -249.018           0.000       0.000             137               0
  246         301.280    -372.451           0.008      -0.698             246              -0
  147       -1569.651    -808.235           0.000       0.000             147              -0
  152        2115.842      33.032           3.724      -4.371             152               0
   58        -111.821     787.098           0.000       0.000              58               0
  171        -377.509     343.402         -10.069       0.499             171              -0
  193        1698.939   -2054.803           0.000       0.000             193              -0
  253         798.149    -250.353           0.690      -4.854             253               0
  181        -234.276   -2071.365           0.000       0.000             181               0
  237        1168.213     -21.832           0.046      -0.769             237              -0
  120         290.655     646.306           0.000       0.000             120              -0
    8        -211.501    1219.672           4.357      -4.633               8               0
  108         448.345     448.283           0.000       0.000             108               0
  107        -337.355     246.482         -11.203       0.004             107              -0
  237        -750.483   -1180.710           0.000       0.000             237              -0
  205        1141.919     437.080          -1.647      -4.885             205               0
  185        1363.175   -1478.433           0.000       0.000             185               0
  206         220.877     506.809           0.094      -0.857             206              -0
  176        -598.881     689.837           0.000       0.000             176              -0
  129       -1466.582     292.422           5.146      -4.960             129               0
  196        2923.924     230.511           0.000       0.000             196               0
  179       -1291.602    1635.916         -12.626      -0.615             179               0
  236         267.739     649.477           0.000       0.000             236              -0
   34        2488.988    -615.270           1.469      -6.020              34               0
   87         351.598     -23.293           0.000       0.000              87               0
  123       -2237.900    1647.549           0.155      -0.970             123              -0
  159        -129.163     168.504           0.000       0.000             159              -0
  100       -1686.541     518.547           6.160      -5.380             100               0
   59        -985.645    3065.110           0.000       0.000              59               0
    8         456.784    -280.030         -14.474      -1.420               8               0
   45         685.512   -1620.847           0.000       0.000              45              -0
  106        -301.249    -332.354          -0.042      -6.852             106               0
  215         721.714   -1053.969           0.000       0.000             215               0
    3         384.440     129.786           0.235      -1.119               3              -0
  112         338.955     105.626           0.000       0.000             112              -0
    0         163.385     236.802           7.520      -5.943               0               0
  194          94.111     503.921           0.000       0.000             194               0
  161        1092.010   -1230.398         -16.983      -2.512             161               0
  135        1213.895    1449.731           0.000       0.000             135              -0
   38        2072.626    1576.408           2.824      -8.048              38               0
    9        -794.844    -369.035           0.000       0.000               9               0
  171         608.746     393.143           0.348      -1.327             171              -0
  101        -322.175    1071.807           0.000       0.000             101              -0
   94       -1392.403   -1302.532           9.451      -6.743              94               0
  151        1087.743    1398.920           0.000       0.000             151               0
  193         755.921   -1231.911         -20.607      -4.091             193               0
  242        1805.161   -1198.137           0.000       0.000             242              -0
  251         -19.675   -1171.690          -0.551      -9.966             251               0
   32           9.374    1197.933           0.000       0.000              32               0
  105       -2133.432   -1809.274           0.517      -1.640             105              -0
   44       -1117.321    1526.848           0.000       0.000              44              -0
  102        1705.033    1561.014          12.424      -7.975             102               0
  233        2064.993    -606.942           0.000       0.000             233               0
  125        -353.824   -1950.786         -26.337      -6.586             125               0
   30         542.881     727.553           0.000       0.000              30              -0
  131         -84.524   -1470.983           5.864     -12.598             131               0
  235         336.068    1049.849           0.000       0.000             235               0
  239       -1414.164    -125.444           0.803      -2.168             239              -0
  144        -514.685    1675.049           0.000       0.000             144              -0
  118        -695.846    2009.267          17.632     -10.132             118               0
  167        -426.909   -1404.821           0.000       0.000             167               0
   12        1144.427     675.068         -36.837     -11.159              12               0
  202         621.562     387.871           0.000       0.000             202              -0
   50        -230.862   -2315.729           3.685     -19.139              50               0
  240         364.985    1122.804           0.000       0.000             240               0
  229         775.202      91.367           1.390      -3.254             229              -0
   94        1490.998    1193.938           0.000       0.000              94              -0
   61       -1190.063    -996.700          29.202     -14.924              61               0
  143       -2149.494     731.966           0.000       0.000             143               0
  192       -1161.092     256.767         -62.511     -22.340             192               0
   47       -1480.197   -1609.175           0.000       0.000              47              -0
   26       -1373.263      74.092          19.573     -33.115              26               0
  174         616.290     775.213           0.000       0.000             174               0
  217         173.158   -2638.513           3.312      -6.810             217              -0
    2         228.779   -1435.764           0.000       0.000               2              -0
  131       -1299.614    3215.709          77.666     -34.999             131               0
   18        -304.545    -466.789           0.000       0.000              18               0
   77        -991.557    1789.150        -224.755     -92.995              77               0
  126       -1292.461   -1556.654           0.000       0.000             126              -0
  172        1538.223     332.010           0.000       0.000             172               0
