SINAL     NFT                         FFT                         NFT INVERSA     FFT INVERSA
-----     -----------------------     -----------------------     -----------     -----------
   19       65337.000       0.000           0.000       0.000              19               0
  182         630.579     543.195           0.000      -0.000             182               0
  164         135.387      14.447           0.000       0.000             164               0
  209       -1636.988     766.497           0.000      -0.000             209               0
   43         425.295    1363.367           0.000       0.000              43               0
  202         -52.957    -841.504           0.000      -0.000             202               0
  191         230.774     342.145           0.000       0.000             191               0
   58        -638.494    -656.385           0.000      -0.000              58               0
   25          58.773   -1167.603           0.000       0.000              25               0
  154         853.258     343.017           0.000      -0.000             154               0
  190        -958.860    2325.498           0.000       0.000             190               0
   70        1008.336     317.471           0.000      -0.000              70               0
   99       -1073.553    1934.827           0.000       0.000              99               0
   71          71.981   -1829.898           0.000      -0.000              71               0
  187         416.778    1836.217           0.000       0.000             187               0
  176        -914.369     420.154           0.000      -0.000             176               0
  233        -682.531    1088.638           0.000       0.000             233               0
    2         882.392   -1251.741           0.000      -0.000               2               0
   19       -1405.616   -1516.660           0.000       0.000              19               0
  254         229.672   -3712.298           0.000      -0.000             254               0
   77        -488.706     685.629           0.000       0.000              77               0
  182        -274.266   -2016.848           0.000      -0.000             182               0
   99       -1814.113   -2126.622           0.000       0.000              99               0
   30        -850.937     469.700           0.000      -0.000              30               0
   45        1341.039   -1843.903           0.000       0.000              45               0
   12        2028.702    1007.911           0.000      -0.000              12               0
   64        -956.952    1588.499           0.000       0.000              64               0
   66         487.944    1997.013           0.000      -0.000              66               0
  235         697.589    1097.420           0.000       0.000             235               0
  217        1463.788    3203.293           0.000      -0.000             217               0
   23       -1558.559    -245.672           0.000       0.000              23               0
  231         530.813    -115.637           0.000      -0.000             231               0
  251       -1030.822   -2520.767           0.000       0.000             251               0
  174        1025.400   -1346.977           0.000      -0.000             174               0
  195         892.768   -1794.050           0.000       0.000             195               0
  218         470.243      21.995           0.000      -0.000             218               0
  234         310.445   -1791.691           0.000       0.000             234               0
  187         450.495   -1220.764           0.000      -0.000             187               0
   47        1246.784    1002.899           0.000       0.000              47               0
  110         150.154    -859.831           0.000      -0.000             110               0
   11       -1385.526     169.155           0.000       0.000              11               0
   64        -928.695   -1599.930           0.000      -0.000              64               0
   27       -1085.820     964.429           0.000       0.000              27               0
  190        -533.812     911.542           0.000      -0.000             190               0
  146        1533.482    1920.605           0.000       0.000             146               0
  116         997.399    -651.590           0.000      -0.000             116               0
  121        1122.537    -419.753           0.000       0.000             121               0
   12       -1015.488    1755.477           0.000      -0.000              12               0
  141        -187.260   -1364.116           0.000       0.000             141               0
   53        1962.145    -950.902           0.000      -0.000              53               0
  164       -1205.113     201.892           0.000       0.000             164               0
    2        -421.289    2348.086           0.000      -0.000               2               0
  180        -937.000    -694.784           0.000       0.000             180               0
   75       -1355.047     891.369           0.000      -0.000              75               0
  143       -1959.140     348.397           0.000       0.000             143               0
  229         776.393     -64.453           0.000      -0.000             229               0
  162        -802.048    -410.625           0.000       0.000             162               0
  175         749.239    -336.001           0.000      -0.000             175               0
   51        1454.390     180.810           0.000       0.000              51               0
  219       -3499.982   -1644.731           0.000      -0.000             219               0
   23       -2131.153   -1680.849           0.000       0.000              23               0
   44        1199.819    -713.264           0.000      -0.000              44               0
  124        -592.182    -669.716           0.000       0.000             124               0
   80        1616.061    -343.493           0.000      -0.000              80               0
  148       -1111.532     690.202           0.000       0.000             148               0
  222         569.676      61.703           0.000      -0.000             222               0
  109        -500.251     983.197           0.000       0.000             109               0
   79       -1480.554    -574.913           0.000      -0.000              79               0
  220         301.941    2546.165           0.000       0.000             220               0
  111        1537.546    1357.539           0.000      -0.000             111               0
   68        -372.732    1022.420           0.000       0.000              68               0
  192         328.708     747.119           0.000      -0.000             192               0
   24          62.586    2684.045           0.000       0.000              24               0
  245       -1893.895   -1447.149           0.000      -0.000             245               0
   45       -1520.055   -2371.462           0.000       0.000              45               0
   89        -868.366    -221.650           0.000      -0.000              89               0
   73         -37.323      45.845           0.000       0.000              73               0
   99         -35.650   -2672.385           0.000      -0.000              99               0
   35       -2404.082    -744.901           0.000       0.000              35               0
  178         525.847    -915.129           0.000      -0.000             178               0
  247       -1646.803    -517.099           0.000       0.000             247               0
  118         401.670    -257.067           0.000      -0.000             118               0
  232         641.921    -583.727           0.000       0.000             232               0
   95       -2308.975   -1632.217           0.000      -0.000              95               0
  132        -866.723   -1037.276           0.000       0.000             132               0
  186        1903.910    -808.300           0.000      -0.000             186               0
  114        -234.657    -359.704           0.000       0.000             114               0
  131       -1451.510     756.372           0.000      -0.000             131               0
   88         405.398    -352.106           0.000       0.000              88               0
  250        -652.424   -1075.533           0.000      -0.000             250               0
  224        -312.168    3204.269           0.000       0.000             224               0
  241       -1005.645     594.712           0.000      -0.000             241               0
    3         638.263    -620.021           0.000       0.000               3               0
  180        -330.687    -191.183           0.000      -0.000             180               0
  197         185.649   -1432.214           0.000       0.000             197               0
  184        1217.257    1187.306           0.000      -0.000             184               0
  168         566.720    2256.322           0.000       0.000             168               0
   23        1211.093   -2392.726           0.000      -0.000              23               0
   34        -362.239    1433.865           0.000       0.000              34               0
  208           0.484   -3068.640           0.000      -0.000             208               0
  160        -211.203     132.747           0.000       0.000             160               0
  151        1657.672     823.590           0.000      -0.000             151               0
  119         525.391    1000.815           0.000       0.000             119               0
   65        1692.893    1143.051           0.000      -0.000              65               0
  173         457.089   -1794.318           0.000       0.000             173               0
  183        -463.482     405.036           0.000      -0.000             183               0
  201         513.534     170.609           0.000       0.000             201               0
   47       -1051.164     214.946           0.000      -0.000              47               0
  251        -645.272    -326.319           0.000       0.000             251               0
   84        1653.399   -2861.825           0.000      -0.000              84               0
   38        1255.864    -869.020           0.000       0.000              38               0
    4        -487.251     340.439           0.000      -0.000               4               0
  202         982.861     646.152           0.000       0.000             202               0
   22           5.049    1193.778           0.000      -0.000              22               0
  205         735.261    -602.071           0.000       0.000             205               0
   40       -1787.508   -2038.187           0.000      -0.000              40               0
  208       -2775.332    -984.027           0.000       0.000             208               0
  112       -1098.167    -168.239           0.000      -0.000             112               0
  203         401.551   -2007.302           0.000       0.000             203               0
   71        -855.390    -724.792           0.000      -0.000              71               0
  205        -139.027    -428.039           0.000       0.000             205               0
  100         112.908    -260.261           0.000      -0.000             100               0
   77        -855.083     964.299           0.000       0.000              77               0
  179       -2230.707   -1576.897           0.000      -0.000             179               0
  113          29.837    1132.844           0.000       0.000             113               0
   96         951.004    1429.193           0.000      -0.000              96               0
  233        -566.227     126.234           0.000       0.000             233               0
  240       -2377.915     746.662           0.000      -0.000             240               0
  241        2134.078    -144.863           0.000       0.000             241               0
   63         766.766    -710.371           0.000      -0.000              63               0
   23         -93.448   -1362.895           0.000       0.000              23               0
  234       -1180.279    1274.602           0.000      -0.000             234               0
  113        2108.277     135.312           0.000       0.000             113               0
   12       -2184.905    -545.794           0.000      -0.000              12               0
  230        -466.433   -1141.842           0.000       0.000             230               0
  159        -680.985     969.108           0.000      -0.000             159               0
   13        -587.169     607.782           0.000       0.000              13               0
   55        -614.388     174.631           0.000      -0.000              55               0
   21        -999.582    -223.336           0.000       0.000              21               0
  213       -1003.489      64.230           0.000      -0.000             213               0
  192        -566.980    1709.221           0.000       0.000             192               0
  119        -670.081     457.894           0.000      -0.000             119               0
  134         829.025    -776.282           0.000       0.000             134               0
   14        -386.891    -718.139           0.000      -0.000              14               0
  241       -1064.771     414.491           0.000       0.000             241               0
   51        1145.934     646.888           0.000      -0.000              51               0
   13        -263.126    -516.067           0.000       0.000              13               0
  235        -163.732    1005.516           0.000      -0.000             235               0
  221       -1112.788    1682.599           0.000       0.000             221               0
  227         389.624   -1656.218           0.000      -0.000             227               0
  145        -515.528    -484.935           0.000       0.000             145               0
  223        -911.708    1666.808           0.000      -0.000             223               0
  120       -1302.546    1106.110           0.000       0.000             120               0
    8       -2059.902     188.261           0.000      -0.000               8               0
   23       -1449.654    1385.138           0.000       0.000              23               0
  123         -72.552     920.498           0.000      -0.000             123               0
  196       -1791.625    1973.565           0.000       0.000             196               0
   48         805.850   -1724.017           0.000      -0.000              48               0
  139        -762.979    -309.518           0.000       0.000             139               0
   79         753.039     454.290           0.000      -0.000              79               0
  160        2369.559    1319.431           0.000       0.000             160               0
   25        -529.342    1141.368           0.000      -0.000              25               0
  142       -1782.937    -214.533           0.000       0.000             142               0
  137        -503.393     755.604           0.000      -0.000             137               0
   47          67.995    -244.526           0.000       0.000              47               0
   19         256.268    -259.475           0.000      -0.000              19               0
   46        1215.239     -10.280           0.000       0.000              46               0
   82        -101.288   -1748.776           0.000      -0.000              82               0
  158         -68.859   -2116.378           0.000       0.000             158               0
  224         221.616     811.944           0.000      -0.000             224               0
  198       -2575.230   -1984.508           0.000       0.000             198               0
  109         720.613    -263.506           0.000      -0.000             109               0
   35       -1348.861    -978.637           0.000       0.000              35               0
  105       -1443.623     110.934           0.000      -0.000             105               0
  112         567.560     432.362           0.000       0.000             112               0
  158         205.628   -1209.705           0.000      -0.000             158               0
  245        -145.246   -2439.429           0.000       0.000             245               0
   14         275.971   -1740.861           0.000      -0.000              14               0
   39        -149.416     990.403           0.000       0.000              39               0
  238         491.561    1741.192           0.000      -0.000             238               0
   47         628.639    1136.754           0.000       0.000              47               0
  100         814.780   -1014.942           0.000      -0.000             100               0
   77        -107.575     581.559           0.000       0.000              77               0
   77        -846.588   -1334.847           0.000      -0.000              77               0
   81         440.425    -614.180           0.000       0.000              81               0
   25       -1686.841    -456.391           0.000      -0.000              25               0
  174        -962.687    1254.841           0.000       0.000             174               0
  189        1033.911     113.966           0.000      -0.000             189               0
  198        -182.039    -810.052           0.000       0.000             198               0
   86         690.535    -439.502           0.000      -0.000              86               0
   28       -1352.682    -690.599           0.000       0.000              28               0
   13        -130.203     148.369           0.000      -0.000              13               0
  236        2903.678   -1661.412           0.000       0.000             236               0
   97       -1262.175    1135.993           0.000      -0.000              97               0
  218       -1237.279     366.423           0.000       0.000             218               0
   27         834.346    -664.170           0.000      -0.000              27               0
  141         444.900   -1317.829           0.000       0.000             141               0
  180       -1778.063   -1138.950           0.000      -0.000             180               0
  127        2673.271   -1707.459           0.000       0.000             127               0
  119        -212.481   -1633.403           0.000      -0.000             119               0
   87        -548.998   -1342.841           0.000       0.000              87               0
  159        -649.049   -2323.848           0.000      -0.000             159               0
  137        1530.579     338.746           0.000       0.000             137               0
  202        -491.030    -250.358           0.000      -0.000             202               0
   31        -591.405   -1647.926           0.000       0.000              31               0
   24        -684.516    -539.604           0.000      -0.000              24               0
  125         356.118    1412.794           0.000       0.000             125               0
   12        -832.279   -1305.895           0.000      -0.000              12               0
  150        -419.182   -1059.067           0.000       0.000             150               0
  191        1940.718     568.864           0.000      -0.000             191               0
   30        -834.502       7.683           0.000       0.000              30               0
  107          -1.357     754.763           0.000      -0.000             107               0
  149        1859.452   -1398.010           0.000       0.000             149               0
  232        1257.635    2246.443           0.000      -0.000             232               0
  130         916.725   -2175.606           0.000       0.000             130               0
  106        1222.673     913.803           0.000      -0.000             106               0
  123         178.140    1618.487           0.000       0.000             123               0
  106         971.770   -1804.894           0.000      -0.000             106               0
  219        1074.632   -2075.767           0.000       0.000             219               0
  110        2301.580   -1254.298           0.000      -0.000             110               0
  108        -421.269    1633.689           0.000       0.000             108               0
  102        -648.730   -1324.802           0.000      -0.000             102               0
  160       -1113.302     892.645           0.000       0.000             160               0
  120        -897.987    1994.919           0.000      -0.000             120               0
   14        2898.457    -853.565           0.000       0.000              14               0
  190         545.831    -772.734           0.000      -0.000             190               0
   32         691.360   -2010.948           0.000       0.000              32               0
  227        1358.252   -1085.440           0.000      -0.000             227               0
  183       -1981.837     -30.225           0.000       0.000             183               0
  173       -1340.114    -234.613           0.000      -0.000             173               0
  138        -504.677     669.565           0.000       0.000             138               0
   44        -488.258    -224.749           0.000      -0.000              44               0
   64          -6.959    1581.236           0.000       0.000              64               0
  247       -1008.733     561.088           0.000      -0.000             247               0
    1       -1748.472     304.445           0.000       0.000               1               0
   95         163.232   -2587.708           0.000      -0.000              95               0
   14        -175.573    1015.969           0.000       0.000              14               0
   77        1418.430     551.196           0.000      -0.000              77               0
  228        -390.903   -1561.666           0.000       0.000             228               0
  165       -1370.390    -978.456           0.000      -0.000             165               0
  200        -916.179   -1579.489           0.000       0.000             200               0
  193        -647.905     192.395           0.000      -0.000             193               0
  162         825.027    1318.923           0.000       0.000             162               0
  191         751.527     482.326           0.000      -0.000             191               0
  238       -1271.197    -417.492           0.000       0.000             238               0
  252       -1522.674     789.064           0.000      -0.000             252               0
  146        1273.853    -767.194           0.000       0.000             146               0
  176        1975.069     -84.573           0.000      -0.000             176               0
  253         217.286   -1174.494           0.000       0.000             253               0
  192        -718.944    -869.672           0.000      -0.000             192               0
   56       -1449.318    1619.643           0.000       0.000              56               0
  178        1049.801    -648.196           0.000      -0.000             178               0
  116         635.500     662.357           0.000       0.000             116               0
  140         697.212   -2060.805           0.000      -0.000             140               0
   99        -415.768    -692.280           0.000       0.000              99               0
  122         438.399    1668.147           0.000      -0.000             122               0
   61        -685.000      -0.132           0.000       0.000              61               0
   35         439.005   -1667.727           0.000       0.000              35               0
    8        -415.930     692.634           0.000       0.000               8               0
  133         696.619    2061.124           0.000       0.000             133               0
  185         635.689    -662.177           0.000       0.000             185               0
  227        1049.325     648.566           0.000       0.000             227               0
   74       -1448.967   -1619.937           0.000       0.000              74               0
   35        -719.078     869.809           0.000       0.000              35               0
  162         217.161    1174.668           0.000       0.000             162               0
   70        1975.057      85.255           0.000       0.000              70               0
   98        1273.161     767.580           0.000       0.000              98               0
  113       -1522.774    -789.572           0.000       0.000             113               0
  124       -1271.265     417.127           0.000       0.000             124               0
  208         751.789    -482.077           0.000       0.000             208               0
   11         825.264   -1318.403           0.000       0.000              11               0
  106        -648.121    -192.110           0.000       0.000             106               0
  110        -916.849    1579.538           0.000       0.000             110               0
   23       -1370.639     978.122           0.000       0.000              23               0
   52        -391.153    1561.429           0.000       0.000              52               0
  176        1418.658    -550.880           0.000       0.000             176               0
  192        -175.410   -1015.787           0.000       0.000             192               0
  133         162.127    2587.812           0.000       0.000             133               0
  242       -1748.501    -305.317           0.000       0.000             242               0
  238       -1008.391    -561.568           0.000       0.000             238               0
  183          -6.303   -1581.111           0.000       0.000             183               0
  231        -488.288     224.828           0.000       0.000             231               0
   91        -504.418    -669.489           0.000       0.000              91               0
  112       -1340.067     234.487           0.000       0.000             112               0
  216       -1981.311      29.914           0.000       0.000             216               0
   74        1358.467    1086.246           0.000       0.000              74               0
  132         690.979    2011.240           0.000       0.000             132               0
   46         545.886     772.751           0.000       0.000              46               0
  177        2898.089     854.214           0.000       0.000             177               0
   35        -897.633   -1995.354           0.000       0.000              35               0
  179       -1112.946    -892.694           0.000       0.000             179               0
  183        -648.879    1324.752           0.000       0.000             183               0
  195        -420.201   -1633.578           0.000       0.000             195               0
  135        2301.525    1255.542           0.000       0.000             135               0
    4        1073.982    2076.244           0.000       0.000               4               0
   89         971.152    1804.882           0.000       0.000              89               0
   85         178.735   -1618.680           0.000       0.000              85               0
  141        1223.055    -913.147           0.000       0.000             141               0
   88         915.989    2175.900           0.000       0.000              88               0
   83        1258.332   -2246.005           0.000       0.000              83               0
  251        1858.677    1398.815           0.000       0.000             251               0
  133          -1.525    -754.721           0.000       0.000             133               0
  211        -834.601      -7.778           0.000       0.000             211               0
   50        1940.708    -567.906           0.000       0.000              50               0
   66        -419.956    1059.248           0.000       0.000              66               0
   46        -832.890    1305.621           0.000       0.000              46               0
  143         356.443   -1412.534           0.000       0.000             143               0
  181        -684.867     539.812           0.000       0.000             181               0
   25        -591.978    1647.938           0.000       0.000              25               0
   76        -490.978     250.278           0.000       0.000              76               0
   49        1530.642    -337.864           0.000       0.000              49               0
  172        -650.026    2323.965           0.000       0.000             172               0
   93        -549.428    1342.744           0.000       0.000              93               0
   63        -212.826    1633.360           0.000       0.000              63               0
  120        2672.523    1708.236           0.000       0.000             120               0
    9       -1778.708    1138.152           0.000       0.000               9               0
   46         444.494    1317.694           0.000       0.000              46               0
  244         833.903     664.058           0.000       0.000             244               0
  210       -1237.344    -367.157           0.000       0.000             210               0
    8       -1261.526   -1136.383           0.000       0.000               8               0
   89        2903.140    1662.400           0.000       0.000              89               0
  100        -130.573    -148.541           0.000       0.000             100               0
   20       -1353.016     690.083           0.000       0.000              20               0
  249         690.378     439.614           0.000       0.000             249               0
  184        -182.406     809.779           0.000       0.000             184               0
  238        1033.704    -113.904           0.000       0.000             238               0
  213        -962.610   -1255.188           0.000       0.000             213               0
  229       -1686.987     455.966           0.000       0.000             229               0
   89         440.290     614.369           0.000       0.000              89               0
  246        -847.005    1334.389           0.000       0.000             246               0
   96        -107.202    -581.781           0.000       0.000              96               0
  146         814.528    1014.994           0.000       0.000             146               0
  122         628.948   -1136.823           0.000       0.000             122               0
  254         491.972   -1740.928           0.000       0.000             254               0
  254        -149.247    -989.946           0.000       0.000             254               0
  120         275.236    1741.439           0.000       0.000             120               0
  167        -146.225    2439.407           0.000       0.000             167               0
    2         205.061    1209.469           0.000       0.000               2               0
   72         567.352    -432.387           0.000       0.000              72               0
  166       -1443.914    -111.380           0.000       0.000             166               0
   26       -1349.189     978.211           0.000       0.000              26               0
   54         720.394     263.768           0.000       0.000              54               0
   72       -2575.905    1983.498           0.000       0.000              72               0
  119         222.134    -811.963           0.000       0.000             119               0
  144         -69.466    2116.337           0.000       0.000             144               0
  225        -101.733    1748.314           0.000       0.000             225               0
   49        1215.232      10.199           0.000       0.000              49               0
  183         255.980     259.173           0.000       0.000             183               0
  182          67.673     244.108           0.000       0.000             182               0
  105        -503.398    -756.137           0.000       0.000             105               0
  144       -1783.004     213.580           0.000       0.000             144               0
   57        -528.610   -1141.901           0.000       0.000              57               0
  152        2370.064   -1318.742           0.000       0.000             152               0
  134         752.799    -453.990           0.000       0.000             134               0
   79        -763.387     309.279           0.000       0.000              79               0
  235         804.900    1723.893           0.000       0.000             235               0
   62       -1791.311   -1974.621           0.000       0.000              62               0
  169         -72.487    -920.677           0.000       0.000             169               0
    9       -1449.501   -1385.652           0.000       0.000               9               0
   36       -2059.899    -188.965           0.000       0.000              36               0
  240       -1302.031   -1106.600           0.000       0.000             240               0
   46        -910.947   -1666.884           0.000       0.000              46               0
  248        -515.464     485.085           0.000       0.000             248               0
  124         389.142    1656.214           0.000       0.000             124               0
   38       -1112.165   -1683.176           0.000       0.000              38               0
  193        -163.226   -1005.405           0.000       0.000             193               0
    4        -263.127     516.087           0.000       0.000               4               0
  203        1146.116    -646.470           0.000       0.000             203               0
  239       -1064.738    -414.665           0.000       0.000             239               0
  180        -387.030     718.135           0.000       0.000             180               0
   56         828.702     776.430           0.000       0.000              56               0
   41        -670.115    -458.353           0.000       0.000              41               0
   97        -566.525   -1709.375           0.000       0.000              97               0
   86       -1003.528     -64.350           0.000       0.000              86               0
   18        -999.604     223.086           0.000       0.000              18               0
  155        -614.233    -174.829           0.000       0.000             155               0
  185        -586.880    -607.920           0.000       0.000             185               0
  152        -680.559    -969.057           0.000       0.000             152               0
   26        -466.743    1141.930           0.000       0.000              26               0
  180       -2184.706     545.044           0.000       0.000             180               0
  119        2108.596    -134.675           0.000       0.000             119               0
  127       -1179.811   -1274.799           0.000       0.000             127               0
   45         -93.621    1363.086           0.000       0.000              45               0
   48         766.744     710.552           0.000       0.000              48               0
   91        2133.767     145.410           0.000       0.000              91               0
  148       -2377.909    -747.540           0.000       0.000             148               0
  217        -565.976    -126.465           0.000       0.000             217               0
  194         951.507   -1428.806           0.000       0.000             194               0
  146          29.939   -1132.423           0.000       0.000             146               0
  132       -2231.306    1576.407           0.000       0.000             132               0
  248        -854.510    -964.435           0.000       0.000             248               0
   93         112.997     260.638           0.000       0.000              93               0
   96        -139.142     428.306           0.000       0.000              96               0
  141        -855.554     724.827           0.000       0.000             141               0
    1         400.865    2007.531           0.000       0.000               1               0
  104       -1098.390     167.868           0.000       0.000             104               0
   99       -2775.493     983.205           0.000       0.000              99               0
  228       -1787.549    2037.439           0.000       0.000             228               0
   40         735.663     601.900           0.000       0.000              40               0
  131           5.876   -1194.006           0.000       0.000             131               0
  162         983.380    -645.747           0.000       0.000             162               0
   68        -486.823    -340.346           0.000       0.000              68               0
  204        1255.914     869.765           0.000       0.000             204               0
  212        1652.407    2862.295           0.000       0.000             212               0
  231        -645.505     325.707           0.000       0.000             231               0
  230       -1050.896    -215.547           0.000       0.000             230               0
  245         513.852    -170.574           0.000       0.000             245               0
    8        -463.075    -405.173           0.000       0.000               8               0
  134         456.886    1794.273           0.000       0.000             134               0
  235        1693.478   -1142.818           0.000       0.000             235               0
  229         525.796   -1000.671           0.000       0.000             229               0
   86        1657.872    -822.859           0.000       0.000              86               0
   59        -211.321    -132.447           0.000       0.000              59               0
   92          -0.561    3068.585           0.000       0.000              92               0
  148        -361.627   -1434.158           0.000       0.000             148               0
   70        1210.400    2392.881           0.000       0.000              70               0
  130         567.446   -2256.462           0.000       0.000             130               0
  109        1217.500   -1186.657           0.000       0.000             109               0
    1         184.897    1432.423           0.000       0.000               1               0
  195        -330.916     190.972           0.000       0.000             195               0
   46         637.832     620.028           0.000       0.000              46               0
  250       -1005.661    -595.376           0.000       0.000             250               0
   42        -311.172   -3204.183           0.000       0.000              42               0
  155        -652.801    1075.743           0.000       0.000             155               0
   10         405.185     352.337           0.000       0.000              10               0
  137       -1451.284    -756.659           0.000       0.000             137               0
   78        -234.556     359.964           0.000       0.000              78               0
    7        1903.514     809.211           0.000       0.000               7               0
  104        -867.469    1037.180           0.000       0.000             104               0
  198       -2309.480    1631.450           0.000       0.000             198               0
  209         641.900     583.825           0.000       0.000             209               0
  220         401.412     257.171           0.000       0.000             220               0
  166       -1647.049     516.594           0.000       0.000             166               0
   76         525.455     915.335           0.000       0.000              76               0
  114       -2404.329     744.149           0.000       0.000             114               0
  127         -36.325    2672.147           0.000       0.000             127               0
   24         -37.305     -46.250           0.000       0.000              24               0
  212        -868.503     221.236           0.000       0.000             212               0
  242       -1520.781    2370.625           0.000       0.000             242               0
  121       -1894.002    1445.648           0.000       0.000             121               0
  180          63.967   -2684.687           0.000       0.000             180               0
  126         329.254    -747.267           0.000       0.000             126               0
  157        -372.073   -1022.811           0.000       0.000             157               0
   51        1538.162   -1357.219           0.000       0.000              51               0
   83         302.636   -2545.892           0.000       0.000              83               0
   82       -1480.740     574.658           0.000       0.000              82               0
  125        -499.659    -983.248           0.000       0.000             125               0
  191         569.839     -61.325           0.000       0.000             191               0
  218       -1111.086    -690.329           0.000       0.000             218               0
   67        1616.072     344.353           0.000       0.000              67               0
   20        -592.450     669.755           0.000       0.000              20               0
  245        1199.370     713.868           0.000       0.000             245               0
  233       -2132.005    1680.196           0.000       0.000             233               0
  206       -3500.086    1643.305           0.000       0.000             206               0
  201        1455.036    -180.611           0.000       0.000             201               0
   77         749.205     336.084           0.000       0.000              77               0
  186        -802.109     410.133           0.000       0.000             186               0
  200         776.340      64.441           0.000       0.000             200               0
  172       -1959.059    -349.305           0.000       0.000             172               0
   24       -1354.463    -891.919           0.000       0.000              24               0
  138        -936.827     694.271           0.000       0.000             138               0
  178        -420.088   -2348.284           0.000       0.000             178               0
   12       -1204.445    -201.996           0.000       0.000              12               0
   86        1962.274     951.704           0.000       0.000              86               0
   78        -187.576    1363.815           0.000       0.000              78               0
  144       -1014.483   -1755.967           0.000       0.000             144               0
  254        1122.872     420.196           0.000       0.000             254               0
  196         997.434     651.697           0.000       0.000             196               0
   91        1534.092   -1920.224           0.000       0.000              91               0
  250        -533.661    -911.531           0.000       0.000             250               0
  235       -1085.436    -964.396           0.000       0.000             235               0
  238        -928.998    1599.885           0.000       0.000             238               0
  177       -1384.996    -169.530           0.000       0.000             177               0
  138         150.496     859.943           0.000       0.000             138               0
  218        1247.548   -1002.292           0.000       0.000             218               0
   65         450.346    1221.248           0.000       0.000              65               0
   57         310.124    1791.816           0.000       0.000              57               0
   41         470.544     -21.820           0.000       0.000              41               0
   15         892.389    1794.391           0.000       0.000              15               0
   16        1024.959    1347.180           0.000       0.000              16               0
  156       -1031.570    2519.955           0.000       0.000             156               0
  116         530.957     115.120           0.000       0.000             116               0
   62       -1558.272     244.391           0.000       0.000              62               0
   79        1465.317   -3203.267           0.000       0.000              79               0
   35         698.142   -1097.261           0.000       0.000              35               0
    4         488.720   -1996.805           0.000       0.000               4               0
  123        -956.090   -1588.488           0.000       0.000             123               0
  246        2029.345   -1006.636           0.000       0.000             246               0
  251        1340.263    1844.765           0.000       0.000             251               0
  250        -850.987    -469.660           0.000       0.000             250               0
  130       -1814.658    2126.348           0.000       0.000             130               0
  123        -274.575    2016.668           0.000       0.000             123               0
  121        -488.114    -685.696           0.000       0.000             121               0
   76         228.728    3712.370           0.000       0.000              76               0
  130       -1405.694    1515.673           0.000       0.000             130               0
  234         882.425    1251.353           0.000       0.000             234               0
  174        -681.834   -1089.466           0.000       0.000             174               0
  181        -913.661    -420.857           0.000       0.000             181               0
  188         417.999   -1836.182           0.000       0.000             188               0
   17          71.854    1829.685           0.000       0.000              17               0
  244       -1072.229   -1935.557           0.000       0.000             244               0
  151        1009.137    -317.310           0.000       0.000             151               0
  187        -957.350   -2325.788           0.000       0.000             187               0
   73         854.216    -342.386           0.000       0.000              73               0
   84          59.146    1167.769           0.000       0.000              84               0
   67        -637.727     656.038           0.000       0.000              67               0
    1         232.086    -342.187           0.000       0.000               1               0
  238         -51.861     841.266           0.000       0.000             238               0
  166         427.358   -1363.438           0.000       0.000             166               0
   32       -1634.402    -766.992           0.000       0.000              32               0
  236         139.095     -14.343           0.000       0.000             236               0
    5         637.784    -542.907           0.000       0.000               5               0
