SINAL     NFT                         FFT                         NFT INVERSA     FFT INVERSA
-----     -----------------------     -----------------------     -----------     -----------
  114       64015.000       0.000           0.000       0.000             114               1
  181       -1134.179    -373.486         -25.491      46.464             181               0
   79        -186.789     126.673           0.000       0.000              79              -0
  195         997.032    -486.194        -132.137      51.904             195               0
    6        -277.655    1414.581           0.000       0.000               6               0
   50        -523.854    1071.746         131.966      62.353              50              -0
   27        -863.655     385.388           0.000       0.000              27              -0
  227       -1912.048    -444.163         -29.212      39.897             227               0
  229         219.230    1634.052           0.000       0.000             229               0
    0       -1453.494   -1924.542          -3.084       5.020               0               0
  246        1747.929    -258.471           0.000       0.000             246              -0
   13        2260.479     260.819         -36.714      12.379              13               0
  126        1619.106    -194.167           0.000       0.000             126               0
   23        -555.479     672.601          49.563      26.467              23              -0
  152        -232.157   -1007.714           0.000       0.000             152              -0
  118         174.896     985.472          -8.324      20.451             118               0
  190          60.842     297.786           0.000       0.000             190               0
  171        2688.621   -1741.532          -1.763       2.578             171               0
  166        -791.729     737.986           0.000       0.000             166              -0
   11        -351.498    2995.321         -21.614       6.124              11               0
   78         697.775    -375.067           0.000       0.000              78               0
   18       -2053.945    2007.324          29.892      17.901              18              -0
    0       -2398.336    -757.895           0.000       0.000               0              -0
   87         -86.124     444.240         -10.068      11.246              87               0
  226         -69.490    -331.845           0.000       0.000             226               0
  178       -1572.678    1803.994          -1.286       1.695             178               0
   87          18.880   -1545.496           0.000       0.000              87              -0
    1         808.830   -2215.986         -15.439       3.567               1               0
  207         702.213      73.191           0.000       0.000             207               0
  116        1490.548    1166.291          21.037      14.045             116              -0
  103       -1527.799    -104.207           0.000       0.000             103              -0
   67        -581.944    -619.002          -3.515      10.018              67               0
  226        -459.737    1988.653           0.000       0.000             226               0
    4        -797.327    -933.515          -1.039       1.239               4               0
  149         904.515    1157.274           0.000       0.000             149              -0
  120         368.236    1272.440         -12.068       2.170             120               0
   39         930.645     -37.382           0.000       0.000              39               0
  176        2458.881     421.187          15.981      11.843             176              -0
  111         364.181   -1922.776           0.000       0.000             111              -0
  173        -496.171    -541.767          -6.600       6.056             173               0
  184        1437.613    3755.891           0.000       0.000             184               0
  156        -683.833    -812.463          -0.888       0.958             156               0
  203       -1577.237    -629.607           0.000       0.000             203              -0
  125        1020.386     655.681          -9.937       1.288             125               0
  253       -1791.631    2349.456           0.000       0.000             253               0
   33       -1634.725    -491.800          12.699      10.413              33              -0
  154        -446.056   -2557.449           0.000       0.000             154              -0
  113       -1767.012    1672.769          -3.928       5.957             113               0
   40        -389.566    1899.431           0.000       0.000              40               0
  173       -2151.972    -871.584          -0.785       0.768             173               0
   39         353.610    -994.557           0.000       0.000              39              -0
  125          57.094   -2209.609          -8.461       0.676             125               0
  197        -839.609    -671.075           0.000       0.000             197               0
   41         833.917    1668.091          10.387       9.406              41              -0
  175        -375.178    -755.393           0.000       0.000             175              -0
  182        1062.404     862.198          -5.127       3.851             182               0
  141        -692.206    -321.928           0.000       0.000             141               0
  152         288.967     571.916          -0.710       0.630             152               0
  154        1401.849    -267.654           0.000       0.000             154              -0
  166        1090.724    1488.754          -7.375       0.226             166               0
   58        -622.261     347.491           0.000       0.000              58               0
  203        2655.939    -502.824           8.662       8.656             203              -0
  194         219.427    -568.500           0.000       0.000             194              -0
   97         770.643     895.659          -2.358       4.757              97               0
   39        -688.608   -1771.167           0.000       0.000              39               0
   53         805.589   -1108.963          -0.653       0.524              53               0
   94        1473.475     177.321           0.000       0.000              94              -0
  142        2079.880   -1411.015          -6.538      -0.120             142               0
   12        1328.269   -1527.538           0.000       0.000              12               0
  191        -550.655   -1148.065           7.321       8.072             191              -0
  156        1552.724   -1019.834           0.000       0.000             156              -0
    9         -12.200     989.178          -4.299       2.613               9               0
  238       -1320.194    1122.578           0.000       0.000             238               0
  147        -257.361   -2195.930          -0.608       0.441             147               0
    6        -607.107    -670.251           0.000       0.000               6              -0
  118        1410.500    -869.735          -5.870      -0.397             118               0
  155         848.170   -1241.738           0.000       0.000             155               0
  129       -1231.708      65.624           6.244       7.603             129              -0
  111        -279.436    1819.783           0.000       0.000             111              -0
   30         637.072      18.657          -3.061       3.098              30               0
   13        1222.644     -81.322           0.000       0.000              13               0
  219          50.136    1582.132          -0.571       0.373             219               0
   16        -884.392     769.867           0.000       0.000              16              -0
  175        -832.833     257.487          -5.323      -0.623             175               0
  215         185.258      24.996           0.000       0.000             215               0
  251         352.974    -215.337           5.356       7.216             251              -0
   35        1049.269   -1081.330           0.000       0.000              35              -0
   44         328.519    1357.117          -3.761       1.807              44               0
  137         -17.565     499.453           0.000       0.000             137               0
  150       -2332.443     345.110          -0.541       0.316             150               0
   20        -439.171    1616.283           0.000       0.000              20              -0
  248       -1401.984    -830.262          -4.865      -0.813             248               0
  171         227.163   -1756.339           0.000       0.000             171               0
   21        -740.596    -610.497           4.607       6.890              21              -0
  191       -1148.333     168.096           0.000       0.000             191              -0
  210        -689.755   -1361.620          -2.432       2.717             210               0
   51       -1510.000    -501.072           0.000       0.000              51               0
  171       -1064.621    -287.792          -0.514       0.268             171               0
  172         326.283     247.687           0.000       0.000             172              -0
  110       -1011.466     498.308          -4.473      -0.976             110               0
  112        -957.695    -363.037           0.000       0.000             112               0
  212          42.010   -1478.084           3.965       6.610             212              -0
  225        -984.694     608.664           0.000       0.000             225              -0
   17        -852.475      25.166          -3.376       1.232              17               0
  253        1385.522    -617.794           0.000       0.000             253               0
  128       -2211.882     156.372          -0.492       0.226             128               0
   15       -1414.600     108.906           0.000       0.000              15              -0
  109        1781.439    -926.397          -4.133      -1.116             109               0
   98        1054.115    -424.950           0.000       0.000              98               0
   88        -341.068   -2003.501           3.406       6.367              88              -0
  101       -1281.260     462.947           0.000       0.000             101              -0
   32        1048.783   -1487.510          -2.669       1.807              32               0
  209        -517.048    -348.946           0.000       0.000             209               0
    9        -723.112     425.249          -0.472       0.190               9               0
  231         260.027     -24.804           0.000       0.000             231              -0
  189        -239.664    -424.820          -3.834      -1.240             189               0
  101         506.530     741.195           0.000       0.000             101               0
   21       -1019.495     271.018           2.912       6.152              21              -0
  128        -556.537     444.828           0.000       0.000             128              -0
   45       -1669.978    1426.292          -3.083       0.792              45               0
   72        -291.608     157.529           0.000       0.000              72               0
   22         757.640   -1049.771          -0.455       0.157              22               0
  214        -481.048    1860.388           0.000       0.000             214              -0
  171         729.677    -307.783          -3.567      -1.351             171               0
  231        -249.435    1602.043           0.000       0.000             231               0
  229       -1687.236    -175.441           2.471       5.959             229              -0
  141        -545.322    1253.571           0.000       0.000             141              -0
   81        2061.847   -1164.505          -2.074       1.950              81               0
  200          42.126   -1718.990           0.000       0.000             200               0
  192         -98.875    1151.339          -0.439       0.128             192               0
  170        1146.864    -243.582           0.000       0.000             170              -0
   38       -1068.372    -763.516          -3.327      -1.450              38               0
   10         268.452    1178.327           0.000       0.000              10               0
  147         455.179    -139.770           2.073       5.786             147              -0
  160        -462.250    -935.516           0.000       0.000             160              -0
  116         570.861   -1296.379          -2.848       0.440             116               0
  140       -1707.859    -775.035           0.000       0.000             140               0
  172        -520.140    1303.524          -0.425       0.101             172               0
  190        -226.265    2333.077           0.000       0.000             190              -0
  123       -1767.404     662.189          -3.108      -1.541             123               0
   46         596.195    -427.073           0.000       0.000              46               0
  184         -53.760     -87.429           1.710       5.628             184              -0
   95        1755.454   -1960.974           0.000       0.000              95              -0
   76         321.175      13.911          -2.432       1.025              76               0
   81       -1224.046    -568.755           0.000       0.000              81               0
   42        -424.344    1146.651          -0.411       0.077              42               0
   68        2862.286    -401.154           0.000       0.000              68              -0
    6        2167.518     142.969          -2.908      -1.624               6               0
  148         -79.546    -715.018           0.000       0.000             148               0
   98         764.634   -1874.131           1.375       5.482              98              -0
  161        1335.224     925.834           0.000       0.000             161              -0
   75        -911.691     816.304          -2.651       0.147              75               0
  228        1852.594   -1808.436           0.000       0.000             228               0
  187        -887.390   -3012.041          -0.399       0.055             187               0
  149       -2319.119     240.948           0.000       0.000             149              -0
  120          81.207     504.631          -2.723      -1.701             120               0
   90         755.383   -1226.502           0.000       0.000              90               0
  170         856.087     285.389           1.066       5.347             170              -0
  239        1251.856   -3295.462           0.000       0.000             239              -0
   78        -574.755    -497.201          -2.185       1.050              78               0
   21         -43.051     211.621           0.000       0.000              21               0
  193         364.570     934.127          -0.388       0.034             193               0
  250        1334.551    -235.699           0.000       0.000             250              -0
  175        1234.656    -731.691          -2.550      -1.772             175               0
   14        2306.266     333.050           0.000       0.000              14               0
   45       -1458.338     -59.895           0.777       5.221              45              -0
  109        -724.495    1470.980           0.000       0.000             109              -0
    0       -1292.066   -1207.059          -2.482      -0.107              -0               0
   97        1488.213     -71.362           0.000       0.000              97               0
  187         165.819   -1583.553          -0.377       0.014             187               0
   59         975.747     591.005           0.000       0.000              59              -0
   89       -2500.180     183.418          -2.387      -1.840              89               0
   81       -1509.420   -1198.598           0.000       0.000              81               0
   31         465.341     -10.843           0.505       5.103              31              -0
  137        -612.234     976.534           0.000       0.000             137              -0
  245       -1244.533     792.037          -2.262       0.464             245               0
  130        1876.191     861.803           0.000       0.000             130               0
  236        -503.440     495.377          -0.368      -0.004             236               0
  196        1409.333    -652.351           0.000       0.000             196              -0
  239        -404.195   -1789.432          -2.234      -1.903             239               0
   33        -518.048   -1900.700           0.000       0.000              33               0
  245        -348.152      -2.285           0.247       4.991             245              -0
  186          22.277    -388.244           0.000       0.000             186              -0
  176        -227.118     742.888          -2.332      -0.331             176               0
  117        -511.186     -97.513           0.000       0.000             117               0
  176        1005.064    -909.566          -0.358      -0.022             176               0
  133        -348.959    -530.298           0.000       0.000             133              -0
   38       -1828.191    -602.776          -2.088      -1.964              38               0
  137        1487.872     172.744           0.000       0.000             137               0
  226        -602.834    -878.081           0.002       4.884             226              -0
  183        2440.538    1795.287           0.000       0.000             183              -0
  162        -237.530    1347.329          -2.058       0.694             162               0
  249         500.863   -1251.108           0.000       0.000             249               0
  220         735.003   -2022.737          -0.349      -0.038             220              -0
  203       -1139.818     794.271           0.000       0.000             203              -0
   76        2771.027     887.297          -1.948      -2.021              76               0
   49        1053.333    3923.011           0.000       0.000              49               0
   63         479.548     193.354          -0.233       4.782              63              -0
  132        1948.075   -1865.860           0.000       0.000             132              -0
   37         170.091    2240.391          -2.196      -0.536              37               0
   51         455.350    1137.823           0.000       0.000              51               0
  179        -358.965    -707.246          -0.340      -0.054             179              -0
  152         392.917    -441.147           0.000       0.000             152              -0
  196       -1185.758       5.546          -1.814      -2.077             196               0
  159       -1099.417    2110.467           0.000       0.000             159               0
  227        -588.417    -173.939          -0.459       4.683             227              -0
   39         361.578    1716.229           0.000       0.000              39              -0
   23        1818.626   -1685.710          -2.125       0.013              23               0
  113         776.020     559.029           0.000       0.000             113               0
   49         822.068    -355.557          -0.332      -0.070              49              -0
  172          53.967     -93.073           0.000       0.000             172              -0
   74         147.913   -1626.064          -1.684      -2.131              74               0
  197        -791.504   -1028.710           0.000       0.000             197               0
  255       -1827.512   -2920.733          -0.679       4.588             255              -0
   18         384.268     732.077           0.000       0.000              18              -0
  240         -82.331   -1019.424          -2.069      -0.726             240               0
  104        -799.512      -8.558           0.000       0.000             104               0
  178        -116.254    -599.761          -0.324      -0.085             178              -0
  164         152.518    -209.500           0.000       0.000             164              -0
   49        -876.790     100.577          -1.558      -2.183              49               0
   51        1700.538   -1337.683           0.000       0.000              51               0
  208         515.942     -40.150          -0.892       4.495             208              -0
  124        1601.348    -878.272           0.000       0.000             124              -0
   13       -2071.893   -2270.105          -2.046       0.113              13               0
  117        1508.832    -850.548           0.000       0.000             117               0
   74       -1442.103   -1461.547          -0.316      -0.100              74              -0
  200        1101.298    -625.840           0.000       0.000             200              -0
   39        -657.650    -902.230          -1.434      -2.234              39               0
  166        -138.432     511.679           0.000       0.000             166               0
   52         298.444     405.575          -1.101       4.404              52              -0
    1       -3615.476   -1963.652           0.000       0.000               1              -0
  243         245.647    -448.407          -1.948      -0.907             243               0
   25        -483.692    -251.764           0.000       0.000              25               0
  227        -475.710     580.451          -0.308      -0.114             227              -0
  133        -741.252     751.036           0.000       0.000             133              -0
  254        -671.143     317.386          -1.313      -2.285             254               0
   19        -338.827   -2297.832           0.000       0.000              19               0
  210       -1166.449     505.516          -1.307       4.314             210              -0
  108         -38.455   -1188.576           0.000       0.000             108              -0
  233       -1808.498     603.940          -2.004      -0.386             233               0
  140          75.014    -885.374           0.000       0.000             140               0
  217       -1200.855    -907.904          -0.300      -0.128             217              -0
  115        1510.039     462.175           0.000       0.000             115              -0
  226         249.739    -821.526          -1.193      -2.334             226               0
   76        -359.301    -308.990           0.000       0.000              76               0
  155       -2379.266    1425.004          -1.510       4.226             155              -0
  100         120.763    -539.678           0.000       0.000             100              -0
  124         705.960    -899.596          -1.831      -1.082             124               0
   24        -465.276    -618.629           0.000       0.000              24               0
  114         858.799    -422.645          -0.293      -0.142             114              -0
  235       -2917.486    1500.023           0.000       0.000             235              -0
  176        2154.516    -182.758          -1.074      -2.384             176               0
   30        2041.261    1800.887           0.000       0.000              30               0
  212        2077.516    -770.046          -1.712       4.138             212              -0
   28         -66.498     834.676           0.000       0.000              28              -0
  131        3051.203    1760.731           0.000       0.000             131               0
  222       -2091.000      -0.549           0.000       0.000             222               0
   26        3051.930   -1759.857          -0.285      -0.156              26              -0
  117         -66.291    -834.520           0.000       0.000             117              -0
  205        2077.256     770.757          -0.956      -2.433             205               0
  155        2041.542   -1800.145           0.000       0.000             155               0
  184        2153.679     183.670          -1.914       4.050             184              -0
   68       -2917.480   -1500.716           0.000       0.000              68              -0
  240         858.536     423.361          -1.715      -1.255             240               0
   30        -465.710     618.753           0.000       0.000              30               0
  229         705.405     899.954          -0.278      -0.170             229              -0
   53         120.101     539.652           0.000       0.000              53              -0
  241       -2379.003   -1425.683          -0.837      -2.482             241               0
  213        -359.284     309.203           0.000       0.000             213               0
  115         249.526     821.769          -2.116       3.962             115              -0
  125        1509.929    -461.479           0.000       0.000             125              -0
   64       -1201.505     907.741          -1.888      -0.768              64               0
   24          74.449     885.432           0.000       0.000              24               0
   35       -1808.456    -604.420          -0.270      -0.185              35              -0
   65         -38.907    1188.701           0.000       0.000              65              -0
  118       -1166.350    -505.733          -0.717      -2.531             118               0
   53        -339.603    2297.744           0.000       0.000              53               0
  197        -671.077    -317.833          -2.319       3.873             197              -0
   49        -740.989    -751.273           0.000       0.000              49              -0
  139        -475.484    -580.384          -1.598      -1.430             139               0
   97        -483.756     251.908           0.000       0.000              97               0
   41         245.301     448.800          -0.262      -0.199              41              -0
  114       -3616.009    1962.497           0.000       0.000             114              -0
  110         299.035    -405.545          -0.596      -2.581             110               0
  103        -138.046    -511.492           0.000       0.000             103               0
   94        -657.665     902.307          -2.526       3.783              94              -0
  209        1101.233     626.454           0.000       0.000             209              -0
   86       -1442.407    1461.238          -1.929      -0.677              86               0
  155        1508.684     851.181           0.000       0.000             155               0
   95       -2072.427    2269.372          -0.254      -0.213              95              -0
   80        1601.429     878.551           0.000       0.000              80              -0
   22         516.051      40.207          -0.473      -2.632              22               0
  152        1699.978    1338.111           0.000       0.000             152               0
   77        -876.922    -101.056          -2.736       3.692              77              -0
   40         152.437     209.509           0.000       0.000              40              -0
   79        -116.530     599.666          -1.478      -1.610              79               0
  202        -799.496       8.284           0.000       0.000             202               0
  132         -82.572    1019.363          -0.246      -0.228             132              -0
    1         384.438    -731.800           0.000       0.000               1              -0
  188       -1828.455    2920.190          -0.348      -2.684             188               0
  251        -791.495    1028.171           0.000       0.000             251               0
  139         147.729    1625.723          -2.951       3.598             139              -0
  248          54.272      92.640           0.000       0.000             248              -0
  104         822.242     355.446          -1.767      -1.165             104               0
  165         776.412    -559.022           0.000       0.000             165               0
  167        1818.026    1685.892          -0.238      -0.243             167              -0
  128         361.882   -1716.561           0.000       0.000             128              -0
  132        -588.676     173.439          -0.219      -2.738             132               0
  235       -1098.718   -2110.983           0.000       0.000             235               0
   51       -1185.491      -5.849          -3.172       3.502              51              -0
  221         393.077     441.217           0.000       0.000             221              -0
  142        -358.918     706.811          -1.351      -1.799             142               0
    0         456.062   -1138.039           0.000       0.000              -0               0
  228         171.217   -2240.243          -0.230      -0.259             228              -0
   91        1947.683    1866.512           0.000       0.000              91              -0
  226         479.701    -193.723          -0.086      -2.793             226               0
  136        1054.819   -3922.736           0.000       0.000             136               0
  202        2771.113    -885.937          -3.400       3.403             202              -0
  148       -1139.798    -794.133           0.000       0.000             148              -0
  135         734.346    2023.291          -1.936      -0.960             135               0
   32         500.366    1251.053           0.000       0.000              32               0
  160        -237.007   -1347.627          -0.221      -0.275             160              -0
   26        2441.007   -1794.218           0.000       0.000              26              -0
   98        -603.397     878.195           0.052      -2.850              98               0
   51        1487.610    -172.062           0.000       0.000              51               0
  103       -1828.664     602.359          -3.637       3.299             103              -0
  115        -349.037     530.296           0.000       0.000             115              -0
   16        1004.698     909.894          -1.216      -2.001              16               0
   58        -511.376      97.244           0.000       0.000              58               0
  232        -226.908    -742.888          -0.212      -0.292             232              -0
  150          22.095     388.440           0.000       0.000             150              -0
  234        -348.205       2.421           0.197      -2.910             234               0
   62        -518.644    1900.687           0.000       0.000              62               0
  120        -404.601    1789.084          -3.885       3.191             120              -0
  250        1409.157     652.405           0.000       0.000             250              -0
  214        -503.293    -495.911          -1.632      -1.612             214               0
   52        1876.293    -861.361           0.000       0.000              52               0
  210       -1244.573    -792.489          -0.202      -0.310             210              -0
   63        -611.928    -976.592           0.000       0.000              63              -0
  115         465.189      11.269           0.348      -2.973             115               0
  141       -1510.003    1198.167           0.000       0.000             141               0
  114       -2499.795    -184.308          -4.146       3.078             114              -0
   23         976.381    -590.503           0.000       0.000              23              -0
   66         165.504    1583.701          -1.068      -2.223              66               0
  197        1488.152      71.793           0.000       0.000             197               0
  242       -1292.560    1206.429          -0.192      -0.329             242              -0
  151        -723.820   -1471.353           0.000       0.000             151              -0
  240       -1457.829      59.507           0.508      -3.039             240               0
   27        2306.861    -332.149           0.000       0.000              27               0
   34        1234.501     732.197          -4.422       2.957              34              -0
   26        1334.400     236.091           0.000       0.000              26              -0
   55         364.722    -933.917          -1.791      -1.604              55               0
  145         -43.072    -211.306           0.000       0.000             145               0
    5        -574.805     497.456          -0.181      -0.348               5              -0
   85        1250.875    3295.918           0.000       0.000              85              -0
  246         856.092    -285.291           0.678      -3.109             246               0
   32         754.748    1226.651           0.000       0.000              32               0
  162          81.015    -504.683          -4.716       2.829             162              -0
  167       -2319.097    -241.444           0.000       0.000             167              -0
  208        -887.974    3011.826          -0.902      -2.472             208               0
  150        1852.200    1808.585           0.000       0.000             150               0
  226        -911.280    -817.029          -0.170      -0.370             226              -0
  105        1335.768    -925.353           0.000       0.000             105              -0
  110         764.043    1874.377           0.860      -3.185             110               0
  186         -79.600     714.674           0.000       0.000             186               0
  216        2167.729    -142.511          -5.032       2.692             216              -0
  132        2861.762     401.850           0.000       0.000             132              -0
   97        -424.531   -1146.905          -1.465      -2.163              97               0
  222       -1224.392     568.365           0.000       0.000             222               0
  176         321.257     -13.785          -0.158      -0.392             176              -0
  187        1754.607    1961.391           0.000       0.000             187              -0
  190         -54.152      87.023           1.057      -3.266             190               0
  110         595.625     426.863           0.000       0.000             110               0
  152       -1767.482    -663.250          -5.373       2.544             152              -0
    8        -225.572   -2333.298           0.000       0.000               8              -0
  121        -519.864   -1303.397          -0.709      -2.760             121               0
   34       -1708.043     774.783           0.000       0.000              34               0
   11         570.572    1296.609          -0.144      -0.417              11              -0
  174        -462.507     935.158           0.000       0.000             174              -0
  222         455.190     139.619           1.270      -3.355             222               0
  249         268.759   -1178.320           0.000       0.000             249               0
  201       -1068.556     763.159          -5.744       2.382             201              -0
  230        1146.863     243.780           0.000       0.000             230              -0
  152         -98.550   -1151.338          -1.926      -2.048             152               0
  111          41.622    1719.030           0.000       0.000             111               0
  115        2061.248    1164.781          -0.129      -0.444             115              -0
   72        -545.361   -1254.106           0.000       0.000              72              -0
   13       -1687.412     174.631           1.505      -3.452              13               0
  176        -248.776   -1602.267           0.000       0.000             176               0
   83         729.537     307.941          -6.152       2.204              83              -0
  107        -480.512   -1860.512           0.000       0.000             107              -0
  140         757.141    1050.101          -0.480      -3.104             140               0
   23        -291.881    -157.834           0.000       0.000              23               0
  179       -1669.631   -1426.898          -0.113      -0.474             179              -0
   78        -556.338    -444.888           0.000       0.000              78              -0
   27       -1019.257    -271.261           1.764      -3.559              27               0
  238         506.903    -740.841           0.000       0.000             238               0
   88        -239.792     424.934          -6.606       2.007              88              -0
   22         259.979      24.985           0.000       0.000              22              -0
   92        -723.004    -425.299          -1.233      -2.926              92               0
   58        -517.032     349.064           0.000       0.000              58               0
   89        1048.251    1487.950          -0.095      -0.508              89              -0
  208       -1281.160    -463.263           0.000       0.000             208              -0
  252        -341.522    2003.455           2.055      -3.680             252               0
  254        1054.099     425.164           0.000       0.000             254               0
   53        1780.798     926.820          -7.114       1.785              53              -0
  191       -1415.008    -109.572           0.000       0.000             191              -0
  107       -2211.745    -157.164          -0.195      -3.530             107               0
   36        1385.369     618.187           0.000       0.000              36               0
  104        -852.669     -25.578          -0.075      -0.545             104              -0
    3        -984.501    -608.927           0.000       0.000               3              -0
  157          41.480    1478.104           2.384      -3.816             157               0
  161        -957.895     362.485           0.000       0.000             161               0
   42       -1011.219    -498.782          -7.693       1.533              42              -0
    2         326.353    -247.548           0.000       0.000               2              -0
  216       -1064.843     287.511          -1.551      -3.227             216               0
   49       -1510.104     500.629           0.000       0.000              49               0
  226        -690.067    1361.282          -0.051      -0.589             226              -0
  136       -1148.101    -168.623           0.000       0.000             136              -0
  173        -740.528     610.233           2.761      -3.972             173               0
    7         226.706    1756.177           0.000       0.000               7               0
  197       -1402.145     829.226          -8.359       1.243             197              -0
  173        -438.458   -1616.834           0.000       0.000             173              -0
  226       -2331.938    -346.040           0.176      -4.084             226               0
  237         -16.781    -499.622           0.000       0.000             237               0
  160         329.462   -1356.941          -0.024      -0.639             160              -0
   77        1049.203    1081.746           0.000       0.000              77              -0
   51         353.026     215.282           3.201      -4.154              51               0
  165         185.322     -25.137           0.000       0.000             165               0
   81        -832.629    -257.988          -9.138       0.904              81              -0
  110        -883.789    -770.354           0.000       0.000             110              -0
   89          51.133   -1582.067          -0.856      -4.169              89               0
    9        1222.916      81.879           0.000       0.000               9               0
  225         637.137     -18.474           0.008      -0.698             225              -0
   12        -278.792   -1819.702           0.000       0.000              12              -0
   55       -1231.376     -65.578           3.724      -4.371              55               0
  196         848.172    1242.326           0.000       0.000             196               0
   93        1410.288     870.315         -10.069       0.499              93              -0
    1        -607.332     670.143           0.000       0.000               1              -0
   14        -257.968    2195.637           0.690      -4.854              14               0
   87       -1319.484   -1123.296           0.000       0.000              87               0
  119         -11.299    -988.998           0.046      -0.769             119              -0
   50        1552.743    1020.630           0.000       0.000              50              -0
   34        -550.681    1147.993           4.357      -4.633              34               0
  118        1328.254    1527.939           0.000       0.000             118               0
  106        2079.631    1411.451         -11.203       0.004             106              -0
  100        1473.499    -177.027           0.000       0.000             100              -0
   75         805.070    1109.132          -1.647      -4.885              75               0
   54        -689.162    1770.527           0.000       0.000              54               0
   47         771.131    -895.793           0.094      -0.857              47              -0
   32         219.471     568.354           0.000       0.000              32              -0
  114        2655.751     503.339           5.146      -4.960             114               0
  183        -622.261    -348.124           0.000       0.000             183               0
  246        1091.291   -1488.564         -12.626      -0.615             246               0
   90        1401.598     268.054           0.000       0.000              90              -0
  167         288.872    -571.919           1.469      -6.020             167               0
   60        -692.400     321.583           0.000       0.000              60               0
  187        1062.607    -861.903           0.155      -0.970             187              -0
  191        -375.575     755.170           0.000       0.000             191              -0
  227         834.287   -1667.778           6.160      -5.380             227               0
  171        -840.035     671.089           0.000       0.000             171               0
  136          56.254    2209.581         -14.474      -1.420             136               0
   71         352.966     994.301           0.000       0.000              71              -0
   98       -2152.447     870.290          -0.042      -6.852              98               0
   93        -388.940   -1899.990           0.000       0.000              93               0
  157       -1766.400   -1673.207           0.235      -1.119             157              -0
   90        -446.787    2557.270           0.000       0.000              90              -0
  147       -1634.740     490.657           7.520      -5.943             147               0
   43       -1790.360   -2350.383           0.000       0.000              43               0
   57        1020.981    -655.271         -16.983      -2.512              57               0
  168       -1577.153     629.034           0.000       0.000             168              -0
  148        -683.480     811.790           2.824      -8.048             148               0
  124        1439.326   -3755.479           0.000       0.000             124               0
  226        -495.996     541.999           0.348      -1.327             226              -0
  232         364.103    1922.806           0.000       0.000             232              -0
  192        2459.324    -420.679           9.451      -6.743             192               0
  194         930.610      37.413           0.000       0.000             194               0
  190         368.661   -1272.527         -20.607      -4.091             190               0
  116         904.802   -1156.901           0.000       0.000             116              -0
   42        -797.730     933.179          -0.551      -9.966              42               0
  227        -458.993   -1988.818           0.000       0.000             227               0
  195        -582.018     618.955           0.517      -1.640             195              -0
  108       -1527.401     103.615           0.000       0.000             108              -0
  185        1491.385   -1165.728          12.424      -7.975             185               0
  195         702.388     -72.639           0.000       0.000             195               0
  174         808.096    2216.323         -26.337      -6.586             174               0
  140          18.239    1545.038           0.000       0.000             140              -0
  101       -1571.996   -1804.855           5.864     -12.598             101               0
   63         -69.372     331.720           0.000       0.000              63               0
   35         -85.944    -444.422           0.803      -2.168              35              -0
   12       -2398.397     756.786           0.000       0.000              12              -0
   55       -2052.566   -2008.239          17.632     -10.132              55               0
   30         698.377     375.119           0.000       0.000              30               0
  166        -349.934   -2995.451         -36.837     -11.159             166               0
  154        -790.653    -737.794           0.000       0.000             154              -0
   19        2688.659    1742.587           3.685     -19.139              19               0
  238          61.247    -297.902           0.000       0.000             238               0
   58         175.652    -985.320           1.390      -3.254              58              -0
  243        -231.978    1007.685           0.000       0.000             243              -0
  214        -554.467    -672.821          29.202     -14.924             214               0
   19        1619.883     194.754           0.000       0.000              19               0
    1        2261.072    -260.011         -62.511     -22.340               1               0
   97        1747.961     259.176           0.000       0.000              97              -0
  112       -1453.865    1923.835          19.573     -33.115             112               0
  251         220.297   -1634.221           0.000       0.000             251               0
  123       -1911.452     443.463           3.312      -6.810             123              -0
  246        -862.338    -385.874           0.000       0.000             246              -0
   49        -522.031   -1072.017          77.666     -34.999              49               0
  127        -275.327   -1414.493           0.000       0.000             127               0
  165         999.123     486.745        -224.755     -92.995             165               0
  175        -183.550    -126.631           0.000       0.000             175              -0
   21       -1127.543     373.176           0.000       0.000              21               0
