SINAL     NFT                         FFT                         NFT INVERSA     FFT INVERSA
-----     -----------------------     -----------------------     -----------     -----------
   23       64522.000       0.000           0.000       0.000              23               0
   50        4103.875    1116.909           0.000      -0.000              50               0
   69        2306.035    1057.400           0.000       0.000              69               0
  110       -1614.111    -160.914           0.000      -0.000             110               0
  188        1125.509     657.266           0.000       0.000             188               0
  210          38.716     493.345           0.000      -0.000             210               0
   43         518.773     808.979           0.000       0.000              43               0
  158       -2153.731     394.820           0.000      -0.000             158               0
   79       -1206.442     347.053           0.000       0.000              79               0
   63       -2473.198    1154.632           0.000      -0.000              63               0
  105       -1990.649    1685.323           0.000       0.000             105               0
   95         241.418     836.479           0.000      -0.000              95               0
    7       -1273.825   -1086.409           0.000       0.000               7               0
  208        -705.250   -1141.420           0.000      -0.000             208               0
  187        -178.052    -456.881           0.000       0.000             187               0
   53         206.780    1056.223           0.000      -0.000              53               0
  225        1158.969     376.013           0.000       0.000             225               0
  178         689.057    1043.387           0.000      -0.000             178               0
   20       -1942.436    -198.937           0.000       0.000              20               0
  198       -1004.973    -985.026           0.000      -0.000             198               0
  189        1152.759    2453.710           0.000       0.000             189               0
  194        -428.805      -9.797           0.000      -0.000             194               0
  213        1421.474     384.712           0.000       0.000             213               0
  188         114.733   -1177.182           0.000      -0.000             188               0
  153         774.298    -647.086           0.000       0.000             153               0
  118        1293.933    1428.279           0.000      -0.000             118               0
   74        -129.487     266.479           0.000       0.000              74               0
  146        2400.799      56.803           0.000      -0.000             146               0
  181       -1946.796    1959.525           0.000       0.000             181               0
  181         128.269    1162.002           0.000      -0.000             181               0
   85       -2321.272   -1152.904           0.000       0.000              85               0
  177         137.645    -946.384           0.000      -0.000             177               0
  244         113.577    1454.656           0.000       0.000             244               0
  239         765.267    -401.603           0.000      -0.000             239               0
   93         687.408    2052.662           0.000       0.000              93               0
  119        -667.378    -474.669           0.000      -0.000             119               0
  201        1216.429   -1432.180           0.000       0.000             201               0
   97       -1823.756    1106.027           0.000      -0.000              97               0
   40        -975.357    -963.523           0.000       0.000              40               0
   94       -3894.792     280.220           0.000      -0.000              94               0
  251       -1837.217   -1429.809           0.000       0.000             251               0
   73          16.150   -1342.478           0.000      -0.000              73               0
  176         177.733      96.636           0.000       0.000             176               0
  157       -1528.047     258.588           0.000      -0.000             157               0
  226        -518.731    1196.533           0.000       0.000             226               0
  253         819.702    -741.700           0.000      -0.000             253               0
  170        1278.369    1040.667           0.000       0.000             170               0
  152        1566.608    -535.144           0.000      -0.000             152               0
   99       -1738.004    1017.071           0.000       0.000              99               0
  141        -113.654   -1146.383           0.000      -0.000             141               0
  103       -1294.834    -974.105           0.000       0.000             103               0
   19        -837.562   -1150.265           0.000      -0.000              19               0
   42        -843.633    -458.550           0.000       0.000              42               0
  243          -2.801      70.498           0.000      -0.000             243               0
  109       -1371.282    -296.208           0.000       0.000             109               0
   75         771.064     106.219           0.000      -0.000              75               0
   10        -292.524     256.262           0.000       0.000              10               0
  251        -394.324   -1958.411           0.000      -0.000             251               0
  239       -1266.978    1022.696           0.000       0.000             239               0
   83         557.747   -1181.593           0.000      -0.000              83               0
   32          60.043    2059.861           0.000       0.000              32               0
  121       -1237.310    1409.305           0.000      -0.000             121               0
  138        2019.593     478.395           0.000       0.000             138               0
   28         -73.515    -128.549           0.000      -0.000              28               0
   94       -1154.573    1711.702           0.000       0.000              94               0
  243       -2467.878     744.868           0.000      -0.000             243               0
  122        1118.481      41.575           0.000       0.000             122               0
   82         284.752     265.893           0.000      -0.000              82               0
  120          29.416       6.069           0.000       0.000             120               0
   54         705.799     124.134           0.000      -0.000              54               0
  137         712.822    2396.291           0.000       0.000             137               0
   81       -1307.396     204.887           0.000      -0.000              81               0
  220         623.527     650.431           0.000       0.000             220               0
   53        -682.406    -275.741           0.000      -0.000              53               0
  190        -476.037   -1296.471           0.000       0.000             190               0
  142        -883.326     746.750           0.000      -0.000             142               0
  100         890.179     691.332           0.000       0.000             100               0
  219        -302.780    -207.163           0.000      -0.000             219               0
  113        -864.788    -334.634           0.000       0.000             113               0
   83        1817.229    1661.189           0.000      -0.000              83               0
    3        -606.212    -762.806           0.000       0.000               3               0
  152        -389.321   -1360.134           0.000      -0.000             152               0
   21         513.643   -1472.070           0.000       0.000              21               0
  210       -1147.370    1531.102           0.000      -0.000             210               0
   80       -1806.832    2542.352           0.000       0.000              80               0
  210          67.885   -1440.110           0.000      -0.000             210               0
   87         568.054    1494.407           0.000       0.000              87               0
  123         -97.338    1176.642           0.000      -0.000             123               0
  183        -396.004   -1091.221           0.000       0.000             183               0
  128         -76.132    2714.069           0.000      -0.000             128               0
  193        -500.693     477.618           0.000       0.000             193               0
  224        -937.109     272.952           0.000      -0.000             224               0
  240         383.363   -1035.324           0.000       0.000             240               0
  150          64.995     473.944           0.000      -0.000             150               0
  179        -780.566    3441.689           0.000       0.000             179               0
   26        1133.215    -971.800           0.000      -0.000              26               0
  208       -1473.437     -42.388           0.000       0.000             208               0
  241        -695.735      54.728           0.000      -0.000             241               0
   94        1237.954   -1022.698           0.000       0.000              94               0
  114        -495.098    2082.705           0.000      -0.000             114               0
  194         554.829    -781.403           0.000       0.000             194               0
  243       -1339.489    1469.981           0.000      -0.000             243               0
  176        -518.529    -210.014           0.000       0.000             176               0
   93       -1918.398     124.808           0.000      -0.000              93               0
   46        1488.626     150.613           0.000       0.000              46               0
   60       -1888.734      43.998           0.000      -0.000              60               0
   57        1541.660    3604.128           0.000       0.000              57               0
  185        -547.485   -1350.500           0.000      -0.000             185               0
   42        -588.303   -1528.537           0.000       0.000              42               0
   74       -1735.049     993.925           0.000      -0.000              74               0
  153        -209.696     678.003           0.000       0.000             153               0
   13        -613.068    -206.039           0.000      -0.000              13               0
   32        -502.434     497.614           0.000       0.000              32               0
   71         489.650   -1243.775           0.000      -0.000              71               0
  178       -1030.794    1343.675           0.000       0.000             178               0
  214         701.906    -845.761           0.000      -0.000             214               0
   11        1046.952     121.089           0.000       0.000              11               0
   78         509.910   -1598.038           0.000      -0.000              78               0
  134        -864.688   -2298.240           0.000       0.000             134               0
   36        -631.649   -2537.169           0.000      -0.000              36               0
  245        -442.089    1650.377           0.000       0.000             245               0
   32        -127.774     266.394           0.000      -0.000              32               0
  144          30.602     497.959           0.000       0.000             144               0
  188        -745.377    1681.420           0.000      -0.000             188               0
  128        1414.030    1270.166           0.000       0.000             128               0
  135        1037.706    2451.871           0.000      -0.000             135               0
  185        -665.739   -1252.809           0.000       0.000             185               0
    0        1550.440      47.256           0.000      -0.000              -0               0
  118          78.115   -2538.049           0.000       0.000             118               0
  161       -1248.095     281.571           0.000      -0.000             161               0
   63       -1570.328    -397.324           0.000       0.000              63               0
  148         304.313   -1274.087           0.000      -0.000             148               0
    9        -265.001    -978.703           0.000       0.000               9               0
  114        1101.411     729.146           0.000      -0.000             114               0
  215        -115.547    -906.622           0.000       0.000             215               0
   63         406.349    -401.373           0.000      -0.000              63               0
  183       -1995.622   -2082.266           0.000       0.000             183               0
   82         109.728    1595.982           0.000      -0.000              82               0
   57       -1616.629    1269.537           0.000       0.000              57               0
  171       -1540.723    -914.743           0.000      -0.000             171               0
  225        -407.525    1029.411           0.000       0.000             225               0
  128        -441.590     612.464           0.000      -0.000             128               0
   42         227.271    -562.620           0.000       0.000              42               0
  125         930.752    1609.419           0.000      -0.000             125               0
   21        -713.777   -1170.344           0.000       0.000              21               0
  117         109.125   -2832.742           0.000      -0.000             117               0
  176       -1316.362    -392.023           0.000       0.000             176               0
   19         877.743     337.147           0.000      -0.000              19               0
  253        -951.530   -1522.599           0.000       0.000             253               0
  102        -624.087     966.849           0.000      -0.000             102               0
   79         586.158     -49.095           0.000       0.000              79               0
    5       -1067.424    -731.494           0.000      -0.000               5               0
   47        1582.766   -2305.443           0.000       0.000              47               0
  202        2305.391    1459.774           0.000      -0.000             202               0
   95        1086.514    -975.219           0.000       0.000              95               0
   53         493.700     499.332           0.000      -0.000              53               0
  157        -825.425      79.690           0.000       0.000             157               0
  225         845.069    2510.977           0.000      -0.000             225               0
   58        1308.305   -2909.642           0.000       0.000              58               0
   44        -900.641    -151.312           0.000      -0.000              44               0
  145        1128.668   -2824.844           0.000       0.000             145               0
   61        -716.969    -711.205           0.000      -0.000              61               0
   36        -866.049     426.669           0.000       0.000              36               0
  230         334.141   -1239.465           0.000      -0.000             230               0
   85        -601.183    -656.969           0.000       0.000              85               0
   49         -42.140    -488.222           0.000      -0.000              49               0
   45         943.702   -2059.327           0.000       0.000              45               0
   56         703.909     191.265           0.000      -0.000              56               0
  178       -1284.096    1644.460           0.000       0.000             178               0
    4       -1294.244   -2129.494           0.000      -0.000               4               0
   74        -432.462    -288.323           0.000       0.000              74               0
   15        -304.600     841.586           0.000      -0.000              15               0
   85        -955.000   -1113.819           0.000       0.000              85               0
  187        -483.757    1372.641           0.000      -0.000             187               0
  241         134.570    -364.096           0.000       0.000             241               0
   52       -3339.416    1789.802           0.000      -0.000              52               0
  176        -486.533   -1325.258           0.000       0.000             176               0
  181       -1402.549   -1360.804           0.000      -0.000             181               0
  125        -998.292     905.527           0.000       0.000             125               0
   60         -69.189    2478.808           0.000      -0.000              60               0
   59          30.948   -1825.737           0.000       0.000              59               0
   73       -2049.735    -836.687           0.000      -0.000              73               0
  222         890.092    -548.962           0.000       0.000             222               0
  131         932.320     211.122           0.000      -0.000             131               0
   24        1543.818   -1300.305           0.000       0.000              24               0
  104        1020.519    -688.156           0.000      -0.000             104               0
   81        1565.814    2421.211           0.000       0.000              81               0
   93        1515.910    -703.382           0.000      -0.000              93               0
  172         627.712    -788.270           0.000       0.000             172               0
  242        -471.958    2390.785           0.000      -0.000             242               0
   66       -1482.339    -821.863           0.000       0.000              66               0
   41        1045.169    2026.206           0.000      -0.000              41               0
  247        2440.711   -2082.070           0.000       0.000             247               0
   24        -951.176   -1641.811           0.000      -0.000              24               0
  107        1090.428    1271.681           0.000       0.000             107               0
  254        -413.967     -62.493           0.000      -0.000             254               0
   31        1335.002    -878.688           0.000       0.000              31               0
   66        1960.152     126.644           0.000      -0.000              66               0
  106       -1475.555   -1903.474           0.000       0.000             106               0
   22        1233.396     591.535           0.000      -0.000              22               0
  202        1353.890     451.143           0.000       0.000             202               0
  240        -982.703    1343.163           0.000      -0.000             240               0
    5        -617.092   -1360.459           0.000       0.000               5               0
   71        -402.446    2086.036           0.000      -0.000              71               0
    7         626.833     773.186           0.000       0.000               7               0
  181        1478.826    -531.974           0.000      -0.000             181               0
  250       -1059.232     685.893           0.000       0.000             250               0
   11        2044.748    -795.584           0.000      -0.000              11               0
  240         176.064     398.517           0.000       0.000             240               0
   11        -136.959     690.290           0.000      -0.000              11               0
   95       -1825.397    1873.524           0.000       0.000              95               0
  161        1534.705    -226.143           0.000      -0.000             161               0
  166       -2019.049     488.768           0.000       0.000             166               0
    3         617.783     536.178           0.000      -0.000               3               0
   41         468.779    1225.316           0.000       0.000              41               0
    2         863.250   -2447.942           0.000      -0.000               2               0
  206        1574.532     575.783           0.000       0.000             206               0
   79        -227.222    2063.103           0.000      -0.000              79               0
  128        -921.223     557.791           0.000       0.000             128               0
   98         215.774   -1248.462           0.000      -0.000              98               0
   57          -6.654      91.565           0.000       0.000              57               0
  170         270.211     123.912           0.000      -0.000             170               0
  130        1914.035    -106.548           0.000       0.000             130               0
   25         179.858    -806.872           0.000      -0.000              25               0
  133       -1496.941    1275.744           0.000       0.000             133               0
   31       -1110.280   -1417.052           0.000      -0.000              31               0
  179         343.170    1820.456           0.000       0.000             179               0
  163         805.279     730.892           0.000      -0.000             163               0
  219       -1497.131     991.408           0.000       0.000             219               0
   34        1017.419    -854.005           0.000      -0.000              34               0
  248       -1336.011   -1787.083           0.000       0.000             248               0
  231         398.570    -575.733           0.000      -0.000             231               0
  155         671.176     353.709           0.000       0.000             155               0
  241         369.794     122.104           0.000      -0.000             241               0
   50        1041.386     585.502           0.000       0.000              50               0
   37         558.962   -1893.263           0.000      -0.000              37               0
   96         344.027   -1724.973           0.000       0.000              96               0
  164       -2498.523     301.177           0.000      -0.000             164               0
    6        -121.474    1221.908           0.000       0.000               6               0
   33        -319.071    1298.606           0.000      -0.000              33               0
  129        1040.081    -268.037           0.000       0.000             129               0
  226         136.658    1501.249           0.000      -0.000             226               0
  177         975.954   -1050.569           0.000       0.000             177               0
  118        -802.329     934.642           0.000      -0.000             118               0
   83        -478.964     304.998           0.000       0.000              83               0
  123       -1618.774   -1089.248           0.000      -0.000             123               0
  247       -1614.870    -169.460           0.000       0.000             247               0
  156         -35.560   -2769.893           0.000      -0.000             156               0
   86        1937.703   -1387.828           0.000       0.000              86               0
   11         801.538     938.665           0.000      -0.000              11               0
  248       -1258.645    -349.969           0.000       0.000             248               0
  206         511.156     965.459           0.000      -0.000             206               0
   30        -364.104    -825.825           0.000       0.000              30               0
  202        1310.126     845.911           0.000      -0.000             202               0
  220       -1515.677     -19.296           0.000       0.000             220               0
   84       -2034.208    -360.673           0.000      -0.000              84               0
  132        1694.000       0.332           0.000       0.000             132               0
  210       -2034.478     360.026           0.000       0.000             210               0
    5       -1515.344      18.745           0.000       0.000               5               0
    7        1310.654    -845.376           0.000       0.000               7               0
  185        -364.337     825.771           0.000       0.000             185               0
   75         511.486    -965.219           0.000       0.000              75               0
  239       -1258.636     349.713           0.000       0.000             239               0
  107         802.122    -938.087           0.000       0.000             107               0
  166        1937.104    1388.898           0.000       0.000             166               0
  247         -36.923    2769.827           0.000       0.000             247               0
    1       -1615.177     168.652           0.000       0.000               1               0
  174       -1619.042    1088.434           0.000       0.000             174               0
    5        -478.635    -305.496           0.000       0.000               5               0
  206        -801.701    -935.003           0.000       0.000             206               0
  212         975.853    1050.724           0.000       0.000             212               0
  161         137.263   -1501.372           0.000       0.000             161               0
  175        1039.957     268.320           0.000       0.000             175               0
  186        -318.781   -1298.776           0.000       0.000             186               0
   49        -121.222   -1221.717           0.000       0.000              49               0
   15       -2498.260    -301.568           0.000       0.000              15               0
   52         343.891    1725.385           0.000       0.000              52               0
  226         558.605    1893.283           0.000       0.000             226               0
   19        1041.690    -585.393           0.000       0.000              19               0
   97         369.839    -122.022           0.000       0.000              97               0
  222         671.242    -353.408           0.000       0.000             222               0
  124         398.184     576.014           0.000       0.000             124               0
  206       -1336.620    1786.531           0.000       0.000             206               0
   83        1017.128     853.909           0.000       0.000              83               0
  145       -1496.769    -992.290           0.000       0.000             145               0
  169         805.661    -730.818           0.000       0.000             169               0
  202         343.656   -1820.225           0.000       0.000             202               0
   73       -1110.830    1416.747           0.000       0.000              73               0
   29       -1496.241   -1276.258           0.000       0.000              29               0
  130         180.059     807.010           0.000       0.000             130               0
   60        1914.168     107.100           0.000       0.000              60               0
   29         270.167    -123.885           0.000       0.000              29               0
    9          -6.644     -91.561           0.000       0.000               9               0
   13         215.320    1248.347           0.000       0.000              13               0
   15        -920.956    -558.478           0.000       0.000              15               0
   53        -226.207   -2063.221           0.000       0.000              53               0
   72        1574.918    -574.929           0.000       0.000              72               0
  253         862.365    2448.161           0.000       0.000             253               0
  224         469.062   -1225.474           0.000       0.000             224               0
  232         617.699    -536.040           0.000       0.000             232               0
   88       -2018.889    -489.469           0.000       0.000              88               0
   68        1534.647     226.505           0.000       0.000              68               0
   85       -1824.789   -1874.193           0.000       0.000              85               0
  205        -136.431    -690.141           0.000       0.000             205               0
  180         176.519    -398.226           0.000       0.000             180               0
   53        2044.512     796.342           0.000       0.000              53               0
   97       -1058.993    -686.238           0.000       0.000              97               0
   55        1478.745     532.441           0.000       0.000              55               0
  124         626.916    -773.113           0.000       0.000             124               0
    9        -401.898   -2085.940           0.000       0.000               9               0
  143        -617.541    1360.447           0.000       0.000             143               0
    9        -981.974   -1343.440           0.000       0.000               9               0
   14        1354.323    -450.413           0.000       0.000              14               0
  111        1233.516    -590.699           0.000       0.000             111               0
  247       -1476.056    1903.221           0.000       0.000             247               0
   96        1960.440    -125.944           0.000       0.000              96               0
   28        1334.558     879.174           0.000       0.000              28               0
   37        -414.075      62.274           0.000       0.000              37               0
  188        1090.796   -1271.111           0.000       0.000             188               0
   90        -951.637    1641.752           0.000       0.000              90               0
   69        2440.056    2082.581           0.000       0.000              69               0
   39        1045.430   -2026.088           0.000       0.000              39               0
  215       -1482.841     821.283           0.000       0.000             215               0
    6        -470.994   -2390.877           0.000       0.000               6               0
  212         627.682     788.758           0.000       0.000             212               0
  191        1515.766     703.791           0.000       0.000             191               0
  143        1566.496   -2420.532           0.000       0.000             143               0
  246        1020.064     688.949           0.000       0.000             246               0
  184        1543.037    1300.951           0.000       0.000             184               0
   82         931.878    -210.750           0.000       0.000              82               0
  183         889.199     549.403           0.000       0.000             183               0
    7       -2050.527     836.058           0.000       0.000               7               0
  197          30.083    1825.421           0.000       0.000             197               0
   78         -68.777   -2479.050           0.000       0.000              78               0
   90        -998.419    -905.518           0.000       0.000              90               0
  146       -1403.273    1360.583           0.000       0.000             146               0
   18        -487.284    1324.898           0.000       0.000              18               0
  132       -3338.822   -1791.009           0.000       0.000             132               0
   24         134.676     364.238           0.000       0.000              24               0
   15        -483.301   -1372.604           0.000       0.000              15               0
  243        -955.325    1113.710           0.000       0.000             243               0
   74        -304.247    -841.526           0.000       0.000              74               0
   18        -432.571     288.537           0.000       0.000              18               0
  163       -1294.885    2129.065           0.000       0.000             163               0
  174       -1283.197   -1644.889           0.000       0.000             174               0
   35         704.335    -190.582           0.000       0.000              35               0
   98         943.081    2059.899           0.000       0.000              98               0
   92         -42.370     488.242           0.000       0.000              92               0
   70        -601.360     656.867           0.000       0.000              70               0
  136         333.756    1239.555           0.000       0.000             136               0
  156        -865.867    -426.909           0.000       0.000             156               0
  194        -716.932     711.245           0.000       0.000             194               0
   22        1127.893    2825.180           0.000       0.000              22               0
   35        -900.513     150.816           0.000       0.000              35               0
   17        1307.551    2909.601           0.000       0.000              17               0
  125         845.845   -2511.143           0.000       0.000             125               0
  222        -825.342     -79.952           0.000       0.000             222               0
  145         494.122    -499.096           0.000       0.000             145               0
  245        1086.388     975.569           0.000       0.000             245               0
    1        2305.801   -1458.847           0.000       0.000               1               0
   40        1581.508    2306.131           0.000       0.000              40               0
  119       -1068.057     730.919           0.000       0.000             119               0
  209         585.889      49.082           0.000       0.000             209               0
  133        -624.065    -967.001           0.000       0.000             133               0
  124        -952.111    1522.327           0.000       0.000             124               0
  192         877.703    -336.892           0.000       0.000             192               0
   29       -1316.655     391.771           0.000       0.000              29               0
   91         108.145    2832.667           0.000       0.000              91               0
  184        -714.160    1169.514           0.000       0.000             184               0
   20         931.248   -1609.474           0.000       0.000              20               0
   69         226.816     562.517           0.000       0.000              69               0
  102        -441.665    -612.864           0.000       0.000             102               0
   47        -407.468   -1029.564           0.000       0.000              47               0
   13       -1541.224     914.137           0.000       0.000              13               0
  255       -1616.115   -1270.221           0.000       0.000             255               0
   86         110.324   -1595.620           0.000       0.000              86               0
  194       -1996.150    2081.858           0.000       0.000             194               0
   53         406.520     401.457           0.000       0.000              53               0
    0        -115.658     906.462           0.000       0.000              -0               0
  165        1101.689    -728.795           0.000       0.000             165               0
  212        -265.427     978.715           0.000       0.000             212               0
  168         303.729    1274.068           0.000       0.000             168               0
  187       -1570.541     396.575           0.000       0.000             187               0
   52       -1247.735    -282.012           0.000       0.000              52               0
  206          77.656    2537.852           0.000       0.000             206               0
   96        1550.566     -47.211           0.000       0.000              96               0
  165        -666.104    1251.963           0.000       0.000             165               0
   63        1038.660   -2452.065           0.000       0.000              63               0
  251        1414.260   -1269.837           0.000       0.000             251               0
  166        -745.043   -1681.611           0.000       0.000             166               0
   79          30.682    -497.750           0.000       0.000              79               0
  119        -127.810    -266.290           0.000       0.000             119               0
  163        -441.640   -1650.054           0.000       0.000             163               0
   11        -632.523    2537.438           0.000       0.000              11               0
   87        -865.306    2297.891           0.000       0.000              87               0
   40         509.576    1597.824           0.000       0.000              40               0
  134        1046.978    -121.110           0.000       0.000             134               0
   90         701.364     845.622           0.000       0.000              90               0
   96       -1030.515   -1344.245           0.000       0.000              96               0
  195         489.118    1243.761           0.000       0.000             195               0
  234        -502.476    -498.089           0.000       0.000             234               0
  252        -613.261     205.570           0.000       0.000             252               0
  100        -209.637    -678.328           0.000       0.000             100               0
  184       -1734.757    -994.498           0.000       0.000             184               0
  150        -588.654    1528.263           0.000       0.000             150               0
  110        -547.714    1349.673           0.000       0.000             110               0
   92        1542.816   -3603.967           0.000       0.000              92               0
   93       -1888.759     -44.526           0.000       0.000              93               0
  213        1488.612    -150.170           0.000       0.000             213               0
   59       -1918.515    -125.545           0.000       0.000              59               0
   83        -518.517     209.623           0.000       0.000              83               0
  184       -1338.786   -1470.527           0.000       0.000             184               0
  172         554.783     781.463           0.000       0.000             172               0
  253        -494.247   -2082.897           0.000       0.000             253               0
  250        1237.617    1023.194           0.000       0.000             250               0
  215        -695.877     -55.111           0.000       0.000             215               0
   35       -1473.291      41.744           0.000       0.000              35               0
  239        1133.012     971.719           0.000       0.000             239               0
   50        -779.422   -3442.174           0.000       0.000              50               0
  228          65.245    -473.652           0.000       0.000             228               0
   23         382.957    1035.442           0.000       0.000              23               0
   25        -937.066    -273.513           0.000       0.000              25               0
  121        -500.431    -478.080           0.000       0.000             121               0
  167         -75.137   -2714.044           0.000       0.000             167               0
  141        -396.284    1091.186           0.000       0.000             141               0
  152         -96.820   -1176.806           0.000       0.000             152               0
  111         568.556   -1494.035           0.000       0.000             111               0
    1          67.203    1440.101           0.000       0.000               1               0
  135       -1806.034   -2543.028           0.000       0.000             135               0
  243       -1146.570   -1530.994           0.000       0.000             243               0
   86         513.388    1472.674           0.000       0.000              86               0
  138        -389.656    1360.012           0.000       0.000             138               0
  181        -606.175     762.322           0.000       0.000             181               0
   80        1817.864   -1660.689           0.000       0.000              80               0
  138        -864.985     334.427           0.000       0.000             138               0
  254        -302.710     206.969           0.000       0.000             254               0
  191         890.399    -691.107           0.000       0.000             191               0
  100        -883.150    -746.904           0.000       0.000             100               0
  238        -476.395    1296.340           0.000       0.000             238               0
  104        -682.319     275.254           0.000       0.000             104               0
  168         623.838    -650.454           0.000       0.000             168               0
   56       -1307.165    -205.577           0.000       0.000              56               0
  102         713.897   -2396.073           0.000       0.000             102               0
  168         705.891    -123.688           0.000       0.000             168               0
  159          29.410      -6.005           0.000       0.000             159               0
  187         284.842    -265.805           0.000       0.000             187               0
  198        1118.209     -41.280           0.000       0.000             198               0
   17       -2467.807    -745.824           0.000       0.000              17               0
  210       -1153.710   -1711.993           0.000       0.000             210               0
   88         -73.165     128.677           0.000       0.000              88               0
  194        2019.773    -477.740           0.000       0.000             194               0
  153       -1236.947   -1409.661           0.000       0.000             153               0
  247          60.833   -2059.397           0.000       0.000             247               0
  202         557.262    1182.201           0.000       0.000             202               0
  151       -1266.693   -1022.761           0.000       0.000             151               0
  160        -394.857    1958.536           0.000       0.000             160               0
   34        -292.300    -256.344           0.000       0.000              34               0
   95         771.054    -105.804           0.000       0.000              95               0
   25       -1371.426     295.909           0.000       0.000              25               0
  105          -2.725     -70.313           0.000       0.000             105               0
   23        -843.785     458.506           0.000       0.000              23               0
   45        -837.868    1150.112           0.000       0.000              45               0
  130       -1294.933     973.638           0.000       0.000             130               0
   80        -113.788    1146.101           0.000       0.000              80               0
   24       -1737.215   -1017.824           0.000       0.000              24               0
  254        1566.912     535.587           0.000       0.000             254               0
  154        1278.790   -1040.263           0.000       0.000             154               0
  193         819.270     741.953           0.000       0.000             193               0
  176        -518.581   -1196.720           0.000       0.000             176               0
  182       -1527.960    -258.900           0.000       0.000             182               0
  146         177.832     -96.299           0.000       0.000             146               0
  142          15.488    1342.672           0.000       0.000             142               0
   12       -1837.963    1429.062           0.000       0.000              12               0
  213       -3894.434    -281.677           0.000       0.000             213               0
   99        -975.074     963.022           0.000       0.000              99               0
  227       -1822.663   -1106.716           0.000       0.000             227               0
  146        1216.581    1432.521           0.000       0.000             146               0
  192        -667.075     474.028           0.000       0.000             192               0
  226         688.587   -2052.612           0.000       0.000             226               0
  242         765.409     401.838           0.000       0.000             242               0
   27         114.229   -1454.568           0.000       0.000              27               0
  229         137.384     946.550           0.000       0.000             229               0
  244       -2321.351    1151.841           0.000       0.000             244               0
   41         129.160   -1162.336           0.000       0.000              41               0
  164       -1945.417   -1960.173           0.000       0.000             164               0
  169        2401.491     -55.856           0.000       0.000             169               0
  217        -128.995    -266.522           0.000       0.000             217               0
  228        1294.831   -1427.665           0.000       0.000             228               0
  216         774.325     647.618           0.000       0.000             216               0
  156         114.637    1177.165           0.000       0.000             156               0
  236        1421.792    -384.417           0.000       0.000             236               0
  194        -428.653       9.446           0.000       0.000             194               0
  219        1153.681   -2453.236           0.000       0.000             219               0
  214       -1005.279     984.917           0.000       0.000             214               0
  187       -1942.028     198.187           0.000       0.000             187               0
  215         690.057   -1043.192           0.000       0.000             215               0
  230        1159.452    -375.547           0.000       0.000             230               0
   51         207.330   -1055.943           0.000       0.000              51               0
   62        -178.001     457.112           0.000       0.000              62               0
  196        -705.367    1141.247           0.000       0.000             196               0
   87       -1273.717    1085.712           0.000       0.000              87               0
  106         242.135    -836.764           0.000       0.000             106               0
  170       -1989.638   -1686.093           0.000       0.000             170               0
  109       -2471.913   -1155.318           0.000       0.000             109               0
  244       -1205.144    -347.292           0.000       0.000             244               0
  190       -2152.057    -395.447           0.000       0.000             190               0
  181         520.833    -808.677           0.000       0.000             181               0
  170          40.750    -493.151           0.000       0.000             170               0
   20        1127.779    -656.660           0.000       0.000              20               0
  241       -1611.303     160.540           0.000       0.000             241               0
  228        2310.616   -1056.465           0.000       0.000             228               0
   59        4111.226   -1115.121           0.000       0.000              59               0
