SINAL     NFT                         FFT                         NFT INVERSA     FFT INVERSA
-----     -----------------------     -----------------------     -----------     -----------
    9       65801.000       0.000           0.000       0.000               9               0
   93         420.428    1731.686           0.000      -0.000              93               0
  236        -628.870     676.612           0.000       0.000             236               0
   94        1528.123     570.840           0.000      -0.000              94               0
   59       -1351.602    -785.521           0.000       0.000              59               0
   45         -19.324    -275.413           0.000      -0.000              45               0
  185          23.120     259.176           0.000       0.000             185               0
   87       -2054.485    -734.855           0.000      -0.000              87               0
  126        1483.710   -1019.082           0.000       0.000             126               0
  119          26.493    1062.810           0.000      -0.000             119               0
  166        -758.221      57.521           0.000       0.000             166               0
  113        1169.509    -918.143           0.000      -0.000             113               0
    2        2010.144    -383.361           0.000       0.000               2               0
  236       -1339.438     358.928           0.000      -0.000             236               0
  219       -1091.000   -1202.175           0.000       0.000             219               0
  203       -1361.170    1702.157           0.000      -0.000             203               0
  195        1370.454      72.903           0.000       0.000             195               0
  142        -162.911     -21.372           0.000      -0.000             142               0
  121        1137.711      35.357           0.000       0.000             121               0
   91         -90.986    1601.364           0.000      -0.000              91               0
  231       -1663.819   -2948.732           0.000       0.000             231               0
   69        -876.350     795.167           0.000      -0.000              69               0
   93         -51.755   -1670.190           0.000       0.000              93               0
    3        -397.627     412.345           0.000      -0.000               3               0
  101        -656.187    2343.051           0.000       0.000             101               0
   45         832.947    1211.564           0.000      -0.000              45               0
  192       -1627.328    1087.120           0.000       0.000             192               0
    9         655.174    -624.456           0.000      -0.000               9               0
  241         923.867    -575.690           0.000       0.000             241               0
  148        2012.960    1637.435           0.000      -0.000             148               0
  205       -1127.628   -1479.233           0.000       0.000             205               0
  209        1621.258    1608.605           0.000      -0.000             209               0
  109       -1031.390     571.947           0.000       0.000             109               0
    0        2280.253     201.667           0.000      -0.000               0               0
  190        1250.842     176.352           0.000       0.000             190               0
  189        1478.795     637.565           0.000      -0.000             189               0
  103         203.574    -848.537           0.000       0.000             103               0
  140        -519.479    1573.682           0.000      -0.000             140               0
   13        2363.893     837.503           0.000       0.000              13               0
  103        1428.281   -2384.845           0.000      -0.000             103               0
  240          81.777    1842.205           0.000       0.000             240               0
  243        -944.344    -923.275           0.000      -0.000             243               0
   76        -675.120   -1990.602           0.000       0.000              76               0
   67         967.815    2759.746           0.000      -0.000              67               0
  210       -1335.850    1463.863           0.000       0.000             210               0
   21       -2002.572     250.264           0.000      -0.000              21               0
   25        -606.628    -179.073           0.000       0.000              25               0
   67       -2099.148    1484.844           0.000      -0.000              67               0
  179         927.505     235.431           0.000       0.000             179               0
  163         344.019    1034.086           0.000      -0.000             163               0
   38        -720.232     188.128           0.000       0.000              38               0
  222        -758.598     949.772           0.000      -0.000             222               0
   42       -1412.158     610.154           0.000       0.000              42               0
  227         404.024   -2186.733           0.000      -0.000             227               0
  215          53.118   -1683.781           0.000       0.000             215               0
  120         895.473     319.124           0.000      -0.000             120               0
  135        1685.003    1014.602           0.000       0.000             135               0
  155        -370.230    1436.194           0.000      -0.000             155               0
  200       -1207.627     479.011           0.000       0.000             200               0
  233       -2408.752    -299.982           0.000      -0.000             233               0
   49        1042.196    1397.400           0.000       0.000              49               0
  101       -1565.290     781.055           0.000      -0.000             101               0
  223       -1019.420      30.340           0.000       0.000             223               0
   45        -768.985    -893.986           0.000      -0.000              45               0
   84         889.973   -1714.351           0.000       0.000              84               0
  189       -1227.952   -2810.115           0.000      -0.000             189               0
   11         449.018    -991.257           0.000       0.000              11               0
  114        1006.363    1529.296           0.000      -0.000             114               0
  173        1248.339    1649.543           0.000       0.000             173               0
   29         429.343     831.071           0.000      -0.000              29               0
   15        -448.107    -599.685           0.000       0.000              15               0
   23        -289.902    -274.642           0.000      -0.000              23               0
   50         451.336     157.076           0.000       0.000              50               0
   62         -47.157   -1129.766           0.000      -0.000              62               0
  213        1201.463     392.818           0.000       0.000             213               0
  181         430.444    -337.154           0.000      -0.000             181               0
   55        2439.709   -1829.123           0.000       0.000              55               0
   29         777.810    2450.108           0.000      -0.000              29               0
  117       -1272.199    -467.966           0.000       0.000             117               0
  100       -1891.455   -1463.001           0.000      -0.000             100               0
  174       -2617.030   -1535.378           0.000       0.000             174               0
  187       -1134.887     -13.811           0.000      -0.000             187               0
  213         340.854    -239.885           0.000       0.000             213               0
   25         569.636    -402.934           0.000      -0.000              25               0
   82         655.447   -1327.276           0.000       0.000              82               0
   80         392.948     251.063           0.000      -0.000              80               0
  146       -1340.493    -831.477           0.000       0.000             146               0
   68         -73.537    1273.420           0.000      -0.000              68               0
  213        -360.798    1031.151           0.000       0.000             213               0
   21          -1.311   -4118.336           0.000      -0.000              21               0
  242        1098.913    1398.923           0.000       0.000             242               0
  160        -527.268   -2772.455           0.000      -0.000             160               0
  125       -1992.899      -9.451           0.000       0.000             125               0
  239       -1288.836     -12.277           0.000      -0.000             239               0
   77        1060.749    -890.168           0.000       0.000              77               0
  183        1939.189     205.485           0.000      -0.000             183               0
   84        1122.864    1541.736           0.000       0.000              84               0
   55       -1226.452    2180.873           0.000      -0.000              55               0
  192        2061.345    1161.845           0.000       0.000             192               0
  205         555.027    1955.495           0.000      -0.000             205               0
    7       -1805.626     400.758           0.000       0.000               7               0
   25        -361.309    1191.273           0.000      -0.000              25               0
   10       -1729.154     848.883           0.000       0.000              10               0
  163        3241.564     287.805           0.000      -0.000             163               0
  213        -639.012    -195.176           0.000       0.000             213               0
  169         183.290   -1049.424           0.000      -0.000             169               0
   53         801.046    -310.415           0.000       0.000              53               0
  241        -258.342     449.003           0.000      -0.000             241               0
   40       -1101.921   -1314.243           0.000       0.000              40               0
   74       -1894.718    -998.193           0.000      -0.000              74               0
  169         -26.945     193.983           0.000       0.000             169               0
    4        -421.687    -240.031           0.000      -0.000               4               0
  113       -1996.874    1008.780           0.000       0.000             113               0
    5        -875.158    2667.345           0.000      -0.000               5               0
  108        1519.451   -1759.894           0.000       0.000             108               0
  171        -394.606     425.850           0.000      -0.000             171               0
    1         129.825    -420.791           0.000       0.000               1               0
  107         146.526    -596.498           0.000      -0.000             107               0
  225        -201.469     117.825           0.000       0.000             225               0
  117         611.709    -509.875           0.000      -0.000             117               0
  169       -1307.235     -24.185           0.000       0.000             169               0
  126       -1754.401     212.593           0.000      -0.000             126               0
  126       -1492.165   -1234.838           0.000       0.000             126               0
   31         422.649     293.002           0.000      -0.000              31               0
  139         839.636    2435.779           0.000       0.000             139               0
  187        -515.171     660.988           0.000      -0.000             187               0
  210       -1101.147     -66.045           0.000       0.000             210               0
   65       -1254.756    -646.458           0.000      -0.000              65               0
  138         868.811    1540.087           0.000       0.000             138               0
  173       -2362.045     208.470           0.000      -0.000             173               0
  204        -114.525     616.365           0.000       0.000             204               0
   15         169.591     -11.065           0.000      -0.000              15               0
   74       -2676.194    -450.484           0.000       0.000              74               0
   93       -2072.778    -188.751           0.000      -0.000              93               0
  118       -1247.040     486.695           0.000       0.000             118               0
  208        -227.998    -797.138           0.000      -0.000             208               0
  252       -1379.111   -1014.882           0.000       0.000             252               0
  120       -2304.133    1501.231           0.000      -0.000             120               0
  106         -27.683    -243.013           0.000       0.000             106               0
  163        1172.508    -673.452           0.000      -0.000             163               0
   92         915.636     -39.502           0.000       0.000              92               0
  115       -1151.460    2157.292           0.000      -0.000             115               0
   17          55.235    -345.184           0.000       0.000              17               0
  156       -1351.042    1273.554           0.000      -0.000             156               0
  129         811.429     -95.121           0.000       0.000             129               0
  202       -1288.207    -339.406           0.000      -0.000             202               0
  111       -2223.500    1016.180           0.000       0.000             111               0
   70        -370.584    1700.481           0.000      -0.000              70               0
  109         267.294     249.850           0.000       0.000             109               0
  224        -280.449    1821.796           0.000      -0.000             224               0
   22        -427.490    1132.037           0.000       0.000              22               0
   77        1452.783     -79.623           0.000      -0.000              77               0
  183         239.257   -1509.078           0.000       0.000             183               0
  101       -1206.315   -1671.890           0.000      -0.000             101               0
   33        -389.433     143.521           0.000       0.000              33               0
   34       -1391.842    -744.306           0.000      -0.000              34               0
  157        -585.735     -21.518           0.000       0.000             157               0
  148         -56.154    1756.584           0.000      -0.000             148               0
  153        -635.823   -1041.568           0.000       0.000             153               0
  129        -445.763    -376.243           0.000      -0.000             129               0
  241        -565.264   -1665.720           0.000       0.000             241               0
   33         -18.404     573.214           0.000      -0.000              33               0
  255         -54.777    -810.563           0.000       0.000             255               0
  252         860.929    -315.068           0.000      -0.000             252               0
  210         411.580    1032.652           0.000       0.000             210               0
   75          22.043   -1148.337           0.000      -0.000              75               0
  103         593.222   -1011.905           0.000       0.000             103               0
  157         -84.792   -2779.511           0.000      -0.000             157               0
   89         316.784      70.798           0.000       0.000              89               0
  148       -2300.129    -173.328           0.000      -0.000             148               0
   99         135.899   -1007.961           0.000       0.000              99               0
  142       -1228.765     597.947           0.000      -0.000             142               0
   93        -187.852     244.155           0.000       0.000              93               0
  134        1123.657    -294.690           0.000      -0.000             134               0
   82        -298.832     191.684           0.000       0.000              82               0
  194         670.869    -832.121           0.000      -0.000             194               0
  175        1080.811    1344.508           0.000       0.000             175               0
  165         306.006     674.529           0.000      -0.000             165               0
   72        -295.258    1374.907           0.000       0.000              72               0
   60        -636.357    -115.488           0.000      -0.000              60               0
   94         239.916    -319.784           0.000       0.000              94               0
  180        2408.988    3145.414           0.000      -0.000             180               0
   23        1000.653    -500.149           0.000       0.000              23               0
   73        1296.978    -803.927           0.000      -0.000              73               0
  159       -1236.968   -1484.327           0.000       0.000             159               0
  226       -1380.318    1467.726           0.000      -0.000             226               0
  219        -900.000     959.102           0.000       0.000             219               0
  178       -1129.036      22.995           0.000      -0.000             178               0
  184        1002.779    -670.664           0.000       0.000             184               0
  231       -1404.651    1125.549           0.000      -0.000             231               0
  178        -465.524    -732.768           0.000       0.000             178               0
  142        1046.160     678.057           0.000      -0.000             142               0
  234         671.916    1445.618           0.000       0.000             234               0
  121         660.586   -2088.829           0.000      -0.000             121               0
  164       -1792.066    -235.828           0.000       0.000             164               0
   42        -748.478     791.662           0.000      -0.000              42               0
   69        -363.009     289.877           0.000       0.000              69               0
   82        1079.633   -1039.124           0.000      -0.000              82               0
  123        1364.737     652.679           0.000       0.000             123               0
  244        1189.876     176.362           0.000      -0.000             244               0
   41         508.789     352.321           0.000       0.000              41               0
   41          83.597    -727.450           0.000      -0.000              41               0
  167       -1290.835   -1466.249           0.000       0.000             167               0
  184         424.885     120.135           0.000      -0.000             184               0
  210        -612.234    -147.385           0.000       0.000             210               0
   41         279.843    -788.722           0.000      -0.000              41               0
   58        1148.644     -65.252           0.000       0.000              58               0
   37       -2535.998     224.818           0.000      -0.000              37               0
   81        -255.304      67.476           0.000       0.000              81               0
  201         765.303     511.269           0.000      -0.000             201               0
   44         204.955   -1219.958           0.000       0.000              44               0
  154        2490.073    -269.359           0.000      -0.000             154               0
  154       -1290.258    -370.956           0.000       0.000             154               0
  238          86.529     641.568           0.000      -0.000             238               0
  132         533.769    -300.639           0.000       0.000             132               0
  235        1006.107    1156.350           0.000      -0.000             235               0
  121       -1689.212    -135.478           0.000       0.000             121               0
   46        -614.175     337.135           0.000      -0.000              46               0
   31       -1320.345    2418.224           0.000       0.000              31               0
   63         -25.121     -36.975           0.000      -0.000              63               0
  107         996.672     351.079           0.000       0.000             107               0
   99        2239.192    1764.808           0.000      -0.000              99               0
    8        -284.154     359.907           0.000       0.000               8               0
  128       -1464.897    1990.197           0.000      -0.000             128               0
  138        -702.287     192.516           0.000       0.000             138               0
  105       -2670.068     200.179           0.000      -0.000             105               0
  131        -528.006     682.414           0.000       0.000             131               0
  157       -2949.210    -513.645           0.000      -0.000             157               0
  131        1482.017       1.948           0.000       0.000             131               0
  187       -2598.655     701.816           0.000      -0.000             187               0
   62        1418.596     245.674           0.000       0.000              62               0
  206        -491.858     986.217           0.000      -0.000             206               0
  207        1099.507    1465.680           0.000       0.000             207               0
   12         409.965    -159.909           0.000      -0.000              12               0
  190         530.079     344.707           0.000       0.000             190               0
   45        -968.153   -2719.003           0.000      -0.000              45               0
   63        2400.843    3206.448           0.000       0.000              63               0
   46       -1289.256   -1036.246           0.000      -0.000              46               0
  211        1950.501     629.594           0.000       0.000             211               0
   61       -2779.205    -298.174           0.000      -0.000              61               0
  124        1751.413   -2254.457           0.000       0.000             124               0
   19        -323.020   -2185.566           0.000      -0.000              19               0
   34        -189.272    1633.451           0.000       0.000              34               0
  231        1578.540     778.701           0.000      -0.000             231               0
   30        -663.886   -1803.979           0.000       0.000              30               0
  200        -936.515   -1495.923           0.000      -0.000             200               0
    2        -973.056      -4.043           0.000       0.000               2               0
  254       -1332.273    1288.763           0.000      -0.000             254               0
   66        -342.299     502.657           0.000       0.000              66               0
  223        -656.195     500.966           0.000      -0.000             223               0
   74         356.348   -1049.374           0.000       0.000              74               0
   29        1401.468     253.442           0.000      -0.000              29               0
   74         985.270     100.528           0.000       0.000              74               0
   52         936.236     702.559           0.000      -0.000              52               0
  122        -838.812     344.372           0.000       0.000             122               0
   37        2253.285    -372.864           0.000      -0.000              37               0
  197        1001.000       0.146           0.000       0.000             197               0
  129        2252.916     373.497           0.000       0.000             129               0
  170        -838.923    -344.816           0.000       0.000             170               0
   91         936.462    -702.280           0.000       0.000              91               0
  231         985.172    -100.160           0.000       0.000             231               0
   99        1401.228    -252.895           0.000       0.000              99               0
  196         355.508    1049.430           0.000       0.000             196               0
  221        -656.428    -501.365           0.000       0.000             221               0
  215        -342.455    -502.844           0.000       0.000             215               0
  246       -1332.055   -1289.063           0.000       0.000             246               0
   87        -973.082       4.077           0.000       0.000              87               0
  239        -936.913    1495.815           0.000       0.000             239               0
   43        -664.206    1803.540           0.000       0.000              43               0
  117        1578.904    -778.466           0.000       0.000             117               0
   15        -188.834   -1633.284           0.000       0.000              15               0
  255        -323.688    2185.742           0.000       0.000             255               0
   18        1750.457    2254.773           0.000       0.000              18               0
   83       -2779.313     296.757           0.000       0.000              83               0
   17        1950.846    -629.234           0.000       0.000              17               0
    1       -1289.543    1035.411           0.000       0.000               1               0
   63        2401.886   -3205.693           0.000       0.000              63               0
   93        -969.260    2718.706           0.000       0.000              93               0
  125         530.185    -344.935           0.000       0.000             125               0
  201         409.826     159.657           0.000       0.000             201               0
   53        1099.745   -1465.620           0.000       0.000              53               0
  106        -491.796    -986.444           0.000       0.000             106               0
  115        1418.230    -245.246           0.000       0.000             115               0
  242       -2598.737    -702.713           0.000       0.000             242               0
  176        1481.705      -1.446           0.000       0.000             176               0
   13       -2949.731     512.493           0.000       0.000              13               0
   53        -527.869    -682.805           0.000       0.000              53               0
    2       -2669.948    -201.242           0.000       0.000               2               0
  231        -701.946    -193.051           0.000       0.000             231               0
  237       -1463.871   -1990.841           0.000       0.000             237               0
  157        -283.463    -360.042           0.000       0.000             157               0
   48        2240.056   -1764.030           0.000       0.000              48               0
  168         996.616    -350.598           0.000       0.000             168               0
  214         -25.415      36.888           0.000       0.000             214               0
   75       -1319.654   -2418.581           0.000       0.000              75               0
  183        -614.021    -337.003           0.000       0.000             183               0
  115       -1688.967     135.067           0.000       0.000             115               0
  109        1006.835   -1155.812           0.000       0.000             109               0
   81         533.739     301.060           0.000       0.000              81               0
  254          86.736    -641.310           0.000       0.000             254               0
   29       -1290.103     370.796           0.000       0.000              29               0
  100        2490.155     270.403           0.000       0.000             100               0
   41         204.385    1220.049           0.000       0.000              41               0
  123         765.269    -511.060           0.000       0.000             123               0
   28        -255.612     -67.486           0.000       0.000              28               0
  243       -2535.836    -225.546           0.000       0.000             243               0
   29        1148.871      65.819           0.000       0.000              29               0
   51         279.519     788.912           0.000       0.000              51               0
  250        -612.276     147.197           0.000       0.000             250               0
    6         424.916    -119.855           0.000       0.000               6               0
  245       -1291.240    1465.860           0.000       0.000             245               0
  188          83.641     727.263           0.000       0.000             188               0
  242         509.154    -352.342           0.000       0.000             242               0
  138        1190.064    -176.055           0.000       0.000             138               0
  174        1364.866    -652.171           0.000       0.000             174               0
   14        1078.958    1039.469           0.000       0.000              14               0
  205        -363.285    -290.158           0.000       0.000             205               0
  123        -748.454    -791.878           0.000       0.000             123               0
  187       -1792.050     235.399           0.000       0.000             187               0
  239         660.118    2088.844           0.000       0.000             239               0
  102         672.422   -1445.702           0.000       0.000             102               0
   52        1046.178    -677.661           0.000       0.000              52               0
   41        -466.080     732.556           0.000       0.000              41               0
  225       -1404.299   -1126.056           0.000       0.000             225               0
  165        1002.487     671.010           0.000       0.000             165               0
  212       -1129.221     -23.552           0.000       0.000             212               0
    6        -899.696    -959.513           0.000       0.000               6               0
   39       -1379.675   -1467.959           0.000       0.000              39               0
  220       -1236.991    1484.113           0.000       0.000             220               0
  207        1297.173     804.189           0.000       0.000             207               0
  254        1000.730     500.047           0.000       0.000             254               0
  177        2409.952   -3144.709           0.000       0.000             177               0
  251         239.460     320.080           0.000       0.000             251               0
  254        -636.561     115.204           0.000       0.000             254               0
  112        -294.766   -1375.022           0.000       0.000             112               0
  232         306.321    -674.289           0.000       0.000             232               0
   95        1081.221   -1343.827           0.000       0.000              95               0
   34         670.370     832.652           0.000       0.000              34               0
  155        -298.927    -191.626           0.000       0.000             155               0
   84        1123.327     295.213           0.000       0.000              84               0
  230        -188.175    -244.093           0.000       0.000             230               0
  115       -1228.782    -598.062           0.000       0.000             115               0
  190         135.361    1008.284           0.000       0.000             190               0
  254       -2300.191     172.731           0.000       0.000             254               0
  169         317.014     -70.318           0.000       0.000             169               0
  197         -85.632    2779.656           0.000       0.000             197               0
  193         592.902    1011.926           0.000       0.000             193               0
  169          21.620    1148.047           0.000       0.000             169               0
   71         411.894   -1032.685           0.000       0.000              71               0
   71         860.641     315.414           0.000       0.000              71               0
  103         -55.321     810.474           0.000       0.000             103               0
  129         -18.478    -573.196           0.000       0.000             129               0
  106        -566.059    1665.520           0.000       0.000             106               0
   58        -446.066     375.886           0.000       0.000              58               0
   53        -636.293    1041.004           0.000       0.000              53               0
   70         -55.712   -1756.806           0.000       0.000              70               0
   82        -585.957      21.433           0.000       0.000              82               0
  125       -1392.156     743.832           0.000       0.000             125               0
  120        -389.360    -143.637           0.000       0.000             120               0
  203       -1206.747    1671.428           0.000       0.000             203               0
    1         238.984    1508.723           0.000       0.000               1               0
   23        1452.674      79.489           0.000       0.000              23               0
  105        -427.360   -1132.699           0.000       0.000             105               0
    8        -279.978   -1822.101           0.000       0.000               8               0
  129         267.155    -249.898           0.000       0.000             129               0
  130        -370.393   -1700.693           0.000       0.000             130               0
  168       -2223.331   -1016.763           0.000       0.000             168               0
  189       -1288.129     339.075           0.000       0.000             189               0
  222         811.428      95.273           0.000       0.000             222               0
   29       -1350.661   -1274.036           0.000       0.000              29               0
  159          55.153     345.150           0.000       0.000             159               0
  148       -1150.631   -2157.601           0.000       0.000             148               0
  116         915.743      40.133           0.000       0.000             116               0
  129        1172.025     673.964           0.000       0.000             129               0
   32         -28.303     242.923           0.000       0.000              32               0
  122       -2303.977   -1501.875           0.000       0.000             122               0
  139       -1379.465    1014.642           0.000       0.000             139               0
  131        -228.362     796.984           0.000       0.000             131               0
  212       -1247.099    -487.189           0.000       0.000             212               0
  112       -2072.925     188.068           0.000       0.000             112               0
  165       -2676.038     449.496           0.000       0.000             165               0
  168         169.955      10.935           0.000       0.000             168               0
  184        -114.293    -616.540           0.000       0.000             184               0
  240       -2361.750    -209.381           0.000       0.000             240               0
  205         869.566   -1539.740           0.000       0.000             205               0
   20       -1254.920     646.142           0.000       0.000              20               0
   71       -1100.910      65.540           0.000       0.000              71               0
  243        -514.582    -661.355           0.000       0.000             243               0
  131         840.658   -2435.357           0.000       0.000             131               0
   16         422.625    -292.404           0.000       0.000              16               0
  138       -1492.693    1234.545           0.000       0.000             138               0
  252       -1754.148    -213.138           0.000       0.000             252               0
  253       -1306.792      23.873           0.000       0.000             253               0
  203         611.925     510.144           0.000       0.000             203               0
   54        -201.203    -117.841           0.000       0.000              54               0
  136         146.536     596.584           0.000       0.000             136               0
  126         129.815     420.744           0.000       0.000             126               0
   55        -394.277    -426.000           0.000       0.000              55               0
  199        1518.830    1760.120           0.000       0.000             199               0
  154        -874.522   -2667.879           0.000       0.000             154               0
  115       -1996.464   -1009.183           0.000       0.000             115               0
   97        -421.509     240.141           0.000       0.000              97               0
  140         -26.806    -193.760           0.000       0.000             140               0
  109       -1894.891     997.749           0.000       0.000             109               0
  249       -1101.907    1313.776           0.000       0.000             249               0
  182        -257.662    -449.215           0.000       0.000             182               0
  139         801.324     310.692           0.000       0.000             139               0
    3         183.160    1049.333           0.000       0.000               3               0
  158        -638.661     194.643           0.000       0.000             158               0
   62        3241.698    -287.054           0.000       0.000              62               0
  223       -1729.068    -849.742           0.000       0.000             223               0
   15        -360.798   -1191.533           0.000       0.000              15               0
  142       -1805.131    -401.519           0.000       0.000             142               0
   10         556.251   -1955.395           0.000       0.000              10               0
   80        2061.883   -1161.088           0.000       0.000              80               0
   16       -1225.581   -2181.053           0.000       0.000              16               0
  149        1123.729   -1540.822           0.000       0.000             149               0
  206        1939.258    -204.206           0.000       0.000             206               0
  137        1060.076     890.965           0.000       0.000             137               0
  249       -1289.183      12.175           0.000       0.000             249               0
  224       -1992.812       9.273           0.000       0.000             224               0
  221        -527.816    2772.451           0.000       0.000             221               0
   78        1099.579   -1398.339           0.000       0.000              78               0
   43          -2.701    4118.338           0.000       0.000              43               0
  182        -360.416   -1031.673           0.000       0.000             182               0
  184         -73.084   -1273.328           0.000       0.000             184               0
  161       -1340.584     831.228           0.000       0.000             161               0
  245         393.340    -250.757           0.000       0.000             245               0
  149         655.133    1327.626           0.000       0.000             149               0
  219         569.464     403.103           0.000       0.000             219               0
   90         340.548     240.021           0.000       0.000              90               0
   41       -1135.163      13.578           0.000       0.000              41               0
   82       -2617.483    1534.593           0.000       0.000              82               0
   85       -1891.478    1462.156           0.000       0.000              85               0
   39       -1271.610     467.120           0.000       0.000              39               0
   16         779.424   -2449.840           0.000       0.000              16               0
  166        2439.466    1830.101           0.000       0.000             166               0
  181         430.447     337.129           0.000       0.000             181               0
  229        1201.652    -392.447           0.000       0.000             229               0
  156         -47.527    1129.676           0.000       0.000             156               0
   92         451.423    -157.091           0.000       0.000              92               0
    1        -289.955     274.437           0.000       0.000               1               0
  238        -448.103     599.279           0.000       0.000             238               0
  154         429.906    -831.219           0.000       0.000             154               0
  112        1249.022   -1649.141           0.000       0.000             112               0
  216        1006.781   -1528.547           0.000       0.000             216               0
   42         448.440     991.964           0.000       0.000              42               0
  187       -1228.963    2809.840           0.000       0.000             187               0
   93         889.343    1714.344           0.000       0.000              93               0
  223        -769.481     893.258           0.000       0.000             223               0
  225       -1019.465     -31.179           0.000       0.000             225               0
  143       -1564.828    -781.973           0.000       0.000             143               0
  136        1042.716   -1397.180           0.000       0.000             136               0
  102       -2408.810     299.090           0.000       0.000             102               0
   39       -1207.006    -479.642           0.000       0.000              39               0
   36        -369.150   -1436.387           0.000       0.000              36               0
  155        1685.733   -1013.856           0.000       0.000             155               0
  234         895.622    -318.476           0.000       0.000             234               0
  238          52.539    1684.004           0.000       0.000             238               0
  246         403.190    2186.547           0.000       0.000             246               0
   22       -1411.983    -611.123           0.000       0.000              22               0
   73        -758.087    -950.268           0.000       0.000              73               0
    9        -719.875    -188.557           0.000       0.000               9               0
  212         344.639   -1034.116           0.000       0.000             212               0
  245         927.521    -235.242           0.000       0.000             245               0
  227       -2098.664   -1485.562           0.000       0.000             227               0
  156        -606.488     178.905           0.000       0.000             156               0
   92       -2002.162    -251.095           0.000       0.000              92               0
  217       -1334.695   -1464.426           0.000       0.000             217               0
  105         969.280   -2759.006           0.000       0.000             105               0
  128        -675.412    1990.807           0.000       0.000             128               0
   79        -944.045     922.824           0.000       0.000              79               0
  135          83.176   -1842.080           0.000       0.000             135               0
  112        1428.171    2385.336           0.000       0.000             112               0
  229        2364.439    -837.032           0.000       0.000             229               0
  251        -518.759   -1573.798           0.000       0.000             251               0
  161         203.782     848.673           0.000       0.000             161               0
   65        1479.450    -637.140           0.000       0.000              65               0
   69        1251.198    -175.936           0.000       0.000              69               0
  135        2280.312    -200.957           0.000       0.000             135               0
  113       -1031.150    -572.362           0.000       0.000             113               0
  112        1621.929   -1607.873           0.000       0.000             112               0
  110       -1127.909    1478.932           0.000       0.000             110               0
  231        2013.781   -1636.751           0.000       0.000             231               0
  193         923.628     576.158           0.000       0.000             193               0
   90         654.786     624.528           0.000       0.000              90               0
  210       -1626.918   -1087.861           0.000       0.000             210               0
   20         833.517   -1211.324           0.000       0.000              20               0
   68        -655.334   -2342.973           0.000       0.000              68               0
   53        -397.290    -411.879           0.000       0.000              53               0
  202         -52.144    1670.476           0.000       0.000             202               0
  178        -875.905    -795.204           0.000       0.000             178               0
   41       -1664.333    2948.163           0.000       0.000              41               0
   22         -89.762   -1601.592           0.000       0.000              22               0
  134        1138.214     -34.866           0.000       0.000             134               0
  218        -162.509      21.364           0.000       0.000             218               0
  124        1370.732     -72.472           0.000       0.000             124               0
  233       -1360.379   -1702.390           0.000       0.000             233               0
  159       -1090.844    1202.075           0.000       0.000             159               0
   49       -1338.390    -359.260           0.000       0.000              49               0
  252        2010.894     384.224           0.000       0.000             252               0
   40        1169.660     918.561           0.000       0.000              40               0
  120        -757.645     -57.859           0.000       0.000             120               0
   35          27.681   -1062.648           0.000       0.000              35               0
   64        1484.011    1019.786           0.000       0.000              64               0
   17       -2053.906     734.129           0.000       0.000              17               0
  228          24.481    -259.201           0.000       0.000             228               0
  239         -18.039     275.444           0.000       0.000             239               0
   72       -1349.938     784.946           0.000       0.000              72               0
  161        1530.770    -570.510           0.000       0.000             161               0
  226        -625.170    -676.896           0.000       0.000             226               0
  171         428.065   -1731.337           0.000       0.000             171               0
